D02356 -0.083691 0.588054 0.271328 -0.015438 0.157947 -0.190059 -0.578925 0.267624 -0.459364 -0.151337 -0.729813 0.536540 0.547327 0.139867 0.331772 -0.488404
D00294 0.157590 0.800732 -0.080922 -0.127980 0.316534 -0.457963 -0.719653 -0.028996 -0.402894 -0.227862 -0.901297 0.660154 0.666304 -0.458051 0.419787 -0.629968
D00332 -0.839813 -0.210013 0.547428 0.158841 -0.043449 0.229438 -0.390486 0.457926 -0.035973 0.105052 -0.688955 0.253369 0.101646 0.593103 0.520776 -0.661062
D00512 -0.514310 -0.133654 0.929476 -0.154679 0.327867 0.257255 -0.374835 0.194481 -0.070843 -0.110995 -0.825029 -0.082759 0.124119 0.727394 0.382849 -0.468856
hsa6331 -0.272064 -0.725343 0.304580 -0.151841 0.125363 0.284078 0.219891 -0.455350 -0.267419 -0.175717 -0.648846 0.810516 0.303885 0.255186 0.003866 -0.660475
hsa6328 -0.079095 -0.494240 0.104961 -0.416637 0.205875 0.246866 0.022051 -0.364152 -0.157298 -0.113033 -0.602311 0.800285 0.195034 0.335004 0.058612 -1.097257
D00542 -0.564934 0.366890 0.493831 0.256187 0.542048 -0.415986 -0.445689 0.677112 0.111923 -0.264733 -0.880601 -0.560165 0.102406 0.319796 0.069282 -0.720434
D00618 -1.084947 0.383657 0.762834 -0.110547 0.102145 0.127691 -0.455210 0.551201 -0.384821 -0.260362 -1.010996 -0.237826 0.243267 0.688268 0.085442 -0.489585
hsa2554 -0.276404 -0.113354 0.839443 0.228455 0.091916 -0.739829 -0.171179 -0.545869 0.917807 -0.715759 -0.658501 -0.389096 -0.149604 -0.104283 -0.820651 -0.692587
D00629 -0.845391 0.265220 0.600702 0.124806 0.071575 0.049641 -0.420567 0.634397 -0.424588 -0.157025 -0.894700 -0.310835 0.206095 0.643206 0.039919 -0.586758
D00560 -0.543064 0.416989 0.717784 0.138106 -0.294705 0.228596 -0.574135 0.425189 -0.212746 -0.277255 -0.827620 -0.587684 0.517818 0.661307 0.312658 -0.603589
D00437 -0.995746 0.252749 0.716599 0.085293 0.104337 0.047819 -0.582662 0.551642 -0.339664 -0.144280 -0.973025 -0.163889 0.323253 0.847004 0.159407 -0.519433
hsa6329 -0.097684 -0.467126 0.145345 -0.297106 0.194999 0.305397 0.000482 -0.336533 -0.139629 -0.148308 -0.642451 0.690780 0.120477 0.397387 0.064816 -0.948459
D01295 -0.832647 0.367511 0.740395 0.138169 -0.055006 0.161951 -0.334218 0.519418 -0.229551 -0.410311 -0.854121 -0.441940 0.322874 0.666300 0.167144 -0.641299
hsa6323 -0.121186 -0.528915 -0.089679 -0.521622 0.061518 0.145782 0.029326 -0.623157 -0.233163 -0.323747 -0.707491 0.805881 0.103804 0.310090 -0.156155 -0.835644
D00775 -0.246904 -0.320971 0.109113 -0.133448 0.423227 0.047959 -0.658517 -0.303354 0.523187 0.621627 -0.811315 0.474690 0.005943 -0.048296 0.642265 -0.948160
hsa6335 0.027525 -0.643384 0.015993 -0.612551 0.005481 0.303347 0.079829 -0.482011 -0.386947 -0.327657 -0.748097 0.776324 0.177524 0.235780 -0.137500 -1.011638
D00499 -0.113731 0.169413 0.980254 0.312379 -0.658461 -0.703148 0.342445 -0.181472 0.534429 -0.158836 -0.974734 0.120192 -0.606652 -0.262792 -1.177962 -0.629358
hsa6336 -0.097712 -0.694732 0.258619 -0.157781 0.087152 0.289041 0.201029 -0.312255 -0.420425 0.118285 -0.714729 0.570033 -0.061790 0.213413 0.255967 -0.993612
hsa6334 -0.004698 -0.659994 -0.129147 -0.534515 -0.152646 0.195847 0.303596 -0.509519 -0.251560 -0.433469 -0.820000 0.763101 0.150892 0.147047 -0.105641 -0.994874
hsa6326 0.027025 -0.695196 0.085252 -0.591354 0.078664 0.338931 0.090121 -0.204780 -0.324417 -0.176376 -0.649143 0.892906 0.244460 -0.003880 -0.032290 -1.098740
D00293 -0.169526 -0.456391 0.995805 0.244428 -0.066864 -1.124033 -0.062865 -0.247502 0.386320 -0.861549 -0.792020 -0.379365 -0.522929 -0.417504 -0.494485 -0.535422
hsa775 -0.764992 0.014605 0.604520 0.064095 0.165920 -0.192010 -0.594028 0.537652 -0.617639 0.085717 -0.677954 -0.204059 0.679282 0.514613 -0.453633 -0.491537
D00545 -0.117699 -0.101195 0.536211 -0.187527 -0.194700 -1.338874 -0.201029 0.083251 0.594881 -0.297606 -0.810104 -0.277689 -0.182949 -0.497108 -0.849635 -0.904759
hsa779 -0.903849 0.139826 0.749127 0.075614 0.050082 -0.126294 -0.481606 0.764120 -0.284213 0.135724 -0.774943 -0.312496 0.731932 0.393268 -0.375219 -0.480328
D00547 -0.142343 -0.277778 0.570846 -0.089991 -0.135327 -1.273230 -0.106973 0.244319 0.604974 -0.486472 -0.833345 -0.234275 -0.398632 -0.536440 -0.757496 -0.819669
D00538 0.108093 -0.301824 0.510649 0.166690 0.485253 0.431147 -0.438573 -0.103939 0.416229 0.329884 -0.799287 0.469231 0.060299 0.648371 0.209349 -0.722728
hsa1135 -0.078123 0.024076 0.609738 0.498832 -1.102220 0.151089 0.472744 -0.454179 -0.157127 0.325697 -0.795115 0.089843 -0.186626 -0.551371 -0.917003 -1.064652
D00740 -0.079533 -0.488005 0.490955 -1.003855 -0.269930 0.428847 0.203229 -0.045462 -0.491734 -0.311050 -0.812500 0.505112 -0.439972 0.337211 -0.041162 -0.720166
D00642 0.156343 -0.018643 -0.027440 -0.516681 0.334509 0.167567 -0.196584 -0.222675 -0.957469 -0.175822 -0.495792 0.647242 0.313300 -0.199980 -0.202715 -1.177335
hsa2558 0.096139 -0.403608 0.687160 0.264936 -0.506926 -1.158117 -0.455172 -0.352359 0.606231 -0.205045 -0.772273 -0.235603 -0.205040 -0.246285 -0.861091 -0.565538
hsa2555 0.212056 -0.385762 0.399375 0.295195 -0.682556 -0.998220 -0.527598 -0.252156 0.687570 -0.275629 -0.865229 -0.254477 -0.330899 -0.345571 -0.754989 -0.620319
hsa2557 0.068630 -0.352934 0.590642 0.331087 -0.582518 -1.219043 -0.431707 -0.527566 0.513996 -0.273048 -0.800329 -0.278714 -0.226265 -0.212161 -0.804959 -0.569396
D02207 0.649441 0.415756 0.586720 0.276090 -0.947181 -0.279160 0.134139 -0.495162 0.284200 -0.516496 -0.685468 -0.261438 0.067879 -0.639694 -0.802371 -0.926613
hsa8645 0.059144 -0.379093 -0.162808 -0.484480 -0.012667 0.072728 0.132886 -0.187744 -0.667126 -0.076700 -0.976240 0.946457 0.104868 0.182460 0.207177 -0.885497
hsa8973 0.242384 0.387036 0.683115 0.016741 -1.022630 0.088215 0.380017 -0.571959 0.092108 0.121506 -0.936760 0.198344 -0.541179 -0.625223 -0.924973 -1.016822
hsa6261 -0.709705 0.106583 0.747343 -0.764210 -0.317708 0.323632 -0.366017 0.522772 -0.468708 -0.706818 -1.097873 -0.311765 -0.198336 0.223672 0.301962 -0.104904
D00252 0.084359 -0.696370 0.905508 -0.081134 0.179828 0.209169 -0.516523 -0.159660 0.209463 0.347855 -0.601374 0.996886 0.397605 0.282313 0.587816 -0.525681
hsa1136 -0.021195 0.435358 0.713533 0.223937 -0.955065 0.154841 0.465184 -0.488559 0.145278 0.195425 -1.089775 0.431406 -0.473499 -0.822390 -0.918697 -0.813230
D00303 0.312219 -0.567590 0.963278 0.043076 0.271941 0.004082 -0.470929 0.132316 0.165577 0.238343 -0.350397 0.658845 -0.078098 0.459468 0.463664 -0.965871
D00549 0.189334 -0.798531 0.380023 0.239801 -0.177310 -1.106236 0.176867 -0.140899 0.387195 -0.570162 -0.921995 -0.038099 -0.735383 -0.023510 -0.615119 -0.980159
D00329 -0.009309 -0.431086 1.223771 0.085284 -0.128749 -1.331072 -0.144788 -0.246493 0.381824 -0.345239 -0.609861 -0.041736 0.051584 -0.335784 -0.871271 -0.491851
D02272 0.330143 0.086881 -0.045107 -0.279085 0.330957 -0.065340 -0.157155 -0.458816 -0.811890 -0.028432 -0.431502 0.542293 0.255897 -0.054478 -0.327040 -1.312284
D01450 -0.408618 -0.381111 -0.145476 -0.241340 -0.134988 0.098574 0.519681 -0.252299 -0.429855 -0.092258 -0.730509 1.090613 0.395387 -0.105270 0.125294 -1.070938
D00548 0.210421 -0.456503 1.064479 -0.289132 -0.466608 -1.014316 -0.341916 -0.166229 0.611591 -0.373378 -0.863678 -0.123158 -0.572528 -0.040813 -0.606009 -0.498133
hsa6263 -0.662772 0.220734 0.717204 -0.616037 -0.404335 0.488172 -0.457437 0.424639 -0.430619 -0.438760 -1.091958 -0.148288 -0.191043 0.379999 0.133122 -0.104585
D00552 -0.251031 -0.501699 1.076823 -0.236546 0.340635 -0.058273 -0.238417 0.203109 0.322699 0.125784 -0.514243 0.921026 -0.368195 0.476764 0.404513 -0.706767
hsa2559 0.447602 -0.238155 0.720200 0.203701 -0.379930 -1.031865 -0.194685 -0.340405 0.496954 -0.475516 -0.906604 -0.195168 -0.263998 -0.235347 -0.912212 -0.591628
hsa776 -1.049389 0.116055 0.598867 0.326856 0.187538 0.054173 -0.517200 0.733754 -0.473122 -0.076415 -0.954659 -0.015996 0.461129 0.648335 -0.206346 -0.312049
hsa8911 -0.576621 0.194879 0.635165 0.451428 -0.072681 0.508477 -0.294448 0.318892 0.132244 -0.159833 -0.790519 -0.037196 0.419444 1.089850 -0.277896 -0.654032
hsa8913 -0.621408 0.374062 0.482172 0.326425 -0.091070 0.300831 -0.235125 0.119887 0.279074 -0.184636 -0.820434 0.246522 0.115564 1.204674 -0.223966 -0.620260
hsa8912 -0.323868 0.292476 0.633761 0.274990 0.083609 0.455673 -0.480431 0.510259 0.284192 0.018301 -0.800000 -0.020233 0.257872 0.896543 -0.220198 -0.673109
D00726 0.596664 -0.402179 0.775143 0.111769 -0.582974 0.914457 0.394945 -0.210404 -0.061597 0.242317 -1.163017 0.420068 -0.475198 -0.560179 -0.808806 -0.749870
D00225 0.018099 -0.418780 1.033986 0.043568 -0.379711 -1.372389 -0.047119 -0.421304 0.444040 -0.607320 -1.103095 -0.421494 -0.192474 -0.237530 -0.850918 -0.446405
hsa778 -0.915550 0.141825 0.902037 0.041256 0.218187 -0.213161 -0.564655 0.595695 -0.432994 -0.136791 -0.614145 -0.062615 0.857280 0.428376 -0.235323 -0.393676
hsa55584 0.112875 0.382393 0.672319 0.180642 -1.110015 -0.089838 0.391151 -0.605587 -0.005252 0.193020 -1.004699 0.522549 -0.542421 -0.801234 -0.743802 -0.862049
D00528 -0.457580 0.364547 0.774936 -1.025960 -0.208457 0.945890 -1.194810 0.098300 -0.448388 -0.743795 -2.153442 -0.628254 -0.295160 0.403622 -0.361503 0.080496
D03991 0.118737 -0.747771 -0.175899 -0.129826 -0.429228 0.583256 -0.304912 -0.150247 -0.157412 -0.892567 -0.374346 0.848903 0.524382 0.041404 -0.090035 -0.935112
hsa6262 -0.772782 0.057048 0.713674 -0.711774 -0.306215 0.406357 -0.574761 0.407420 -0.628985 -0.472459 -1.123064 -0.324278 -0.054924 0.513380 0.213117 -0.183839
D00550 -0.143419 -0.599786 0.936817 0.408172 -0.371213 -1.495990 -0.016252 -0.426547 0.302547 -0.314160 -1.049484 -0.295334 -0.231384 -0.468643 -0.703091 -0.369045
hsa3782 0.467562 -0.148106 1.035320 0.306224 -0.519288 0.046198 -0.288590 -0.019936 -0.011839 -0.774888 -0.491911 0.314986 1.375002 -0.822816 0.684189 -0.332043
D00649 -0.217265 0.149434 1.010823 0.020302 0.234627 0.779595 -1.085297 -0.126080 0.536677 0.066824 -0.308224 0.583921 -0.199069 0.571295 0.180096 -0.882937
D00530 0.230158 -0.527022 1.289138 0.018244 -0.507324 -1.123408 -0.163709 -0.092767 0.623271 -0.196416 -0.865671 -0.438429 -0.417430 -0.130613 -0.326374 -0.597548
hsa2556 0.162933 -0.297195 0.714842 0.333705 -0.520623 -1.138962 -0.423269 -0.616396 0.524985 -0.302388 -0.846078 -0.308333 -0.087271 -0.243264 -0.811753 -0.502136
hsa3736 -0.314738 -0.120310 0.111159 -0.692663 0.380749 -0.966616 -0.310719 0.397325 0.047754 -0.392955 -0.506010 -0.218142 0.852076 -0.509650 -0.966956 -0.935302
hsa773 -0.882165 0.295965 0.656453 0.305296 0.245703 0.267810 -0.595447 0.797368 -0.279805 0.141618 -0.803159 -0.131893 0.536854 0.299809 -0.236561 -0.562916
D00738 -0.173837 -0.619218 -0.331052 -0.252471 -0.458298 0.325339 0.215864 -0.361129 -0.210729 -0.151200 -0.699409 0.889565 -0.030004 -0.146993 -0.174559 -1.123688
hsa3359 0.228136 -0.871173 0.443422 0.711766 -0.371330 0.780772 -0.168749 0.277044 -0.086319 -0.031752 -1.310685 0.468062 -0.300284 -1.361203 -0.368118 -0.381261
D02086 -0.026792 -0.930752 -0.111257 -0.354347 0.132140 0.127662 0.237164 -0.214193 -0.308325 -0.406092 -0.875040 0.985375 0.047851 0.352663 0.027966 -1.032905
hsa57053 -0.203452 0.177929 0.588905 0.048947 -1.105048 0.130525 0.347494 -0.648706 -0.113043 0.211717 -1.125083 0.509251 -0.401989 -0.798379 -1.040256 -0.656904
hsa6530 -0.708799 -1.165333 0.913647 0.716331 -0.566401 0.053163 -0.642583 -0.886645 -0.879271 -0.096281 -0.582292 0.430652 -0.143657 -1.098177 0.307556 -0.298437
hsa3778 0.011210 0.407868 -0.083275 0.971493 0.956994 -0.628519 -0.985647 -0.448481 -0.225264 0.531606 -1.563837 -0.248268 0.159575 -0.071995 0.049779 -0.509687
hsa2741 -0.570424 -0.650795 0.328475 0.106218 0.274376 -0.751695 -0.255046 0.524087 0.426064 -0.570084 -0.815947 -0.601877 -0.639366 -0.777104 -0.453461 -0.974603
hsa3757 0.347205 0.389465 -0.265510 0.330441 -0.467085 0.145580 -1.359869 -0.219050 -0.702971 -0.642526 -0.615027 -0.313022 0.824410 0.165742 0.285793 -1.038176
D01287 -0.243129 -0.398274 -0.091665 -0.474451 -0.036424 0.394650 0.359178 -0.341316 -0.163235 -0.213585 -0.792971 0.924881 0.117373 0.244005 -0.129620 -1.145580
D00349 -0.764217 0.164043 0.778686 0.309459 0.094545 -0.056156 -0.529304 0.745431 -0.353663 -0.040768 -0.876277 -0.039151 0.453056 1.010663 -0.337445 -0.495395
D00711 -0.329951 -0.901405 0.111814 0.396482 -1.360568 -0.687663 -0.669066 -0.451713 0.691387 -0.085617 -0.484905 0.234405 0.146776 -0.255032 -0.409400 -0.723970
D00735 -0.120361 -0.516309 0.021927 -0.304732 -0.285714 0.475039 0.146489 -0.580966 -0.218390 0.002707 -0.682775 0.855214 0.341379 0.392775 -0.253114 -1.037145
D00648 -0.093537 0.234001 0.121253 0.500039 -0.122755 -0.656984 -1.174105 0.183380 -1.337054 -0.444352 -0.342710 0.073824 0.218375 0.555817 0.002830 -0.823006
hsa1138 0.087384 0.398111 0.577618 -0.024163 -1.112839 0.231168 0.117504 -0.707821 -0.040044 0.124629 -0.915190 0.327176 -0.332202 -0.849635 -0.957012 -0.943576
hsa3758 -0.542447 0.465675 -0.326741 0.526783 0.172024 0.140383 -1.039291 -0.000117 -0.574406 -1.288682 -0.931606 1.186386 0.004752 -0.399572 -0.140423 -0.096938
hsa2560 -0.049241 -0.200607 1.067760 0.156192 -0.257942 -1.470421 -0.014615 0.012703 0.437526 -0.324166 -1.028998 -0.110075 -0.448550 -0.414339 -0.893705 -0.569248
hsa3763 -0.009084 0.154207 -0.402348 0.621064 -0.459563 -0.345570 0.041577 0.210864 -0.084108 -0.804719 -0.777168 0.817247 1.093200 -0.455792 0.237152 -0.656515
D02088 -0.035670 -0.932399 -0.204811 -0.235350 0.114973 -0.235561 0.100698 -0.550731 -0.039820 -0.420380 -0.772265 0.843427 -0.207886 0.429833 -0.173307 -0.969395
hsa1137 0.139131 0.279143 0.814190 -0.088473 -1.036375 0.112753 0.411277 -0.518349 -0.046683 0.059969 -1.022637 0.403297 -0.575440 -0.727869 -0.923044 -0.816902
hsa3781 0.683097 0.599917 0.848887 0.298794 -0.576572 0.186685 -0.013908 -0.137914 -0.012632 -0.975712 -0.688995 -0.224085 0.912455 -0.620937 0.254432 -0.512972
D02173 -0.203412 0.108787 0.578327 0.055932 -1.184547 0.348989 0.340439 -0.426299 -0.151241 -0.017995 -0.783597 0.514401 -0.556142 -0.669710 -0.957101 -1.047608
D03580 -0.031743 0.424266 0.816021 -0.137690 -0.746421 0.132275 0.097447 -0.856850 -0.401184 0.290633 -0.661942 0.166604 -0.492811 -0.860189 -1.004684 -1.132259
D00638 -0.192822 -0.532664 0.012700 -0.769514 0.391612 0.030615 0.215390 -0.437647 -0.179484 -0.537894 -0.588204 0.358626 0.997465 -0.129953 -0.392896 -0.866361
D01243 0.110515 -0.946729 -0.311240 -0.185874 0.164483 0.107258 0.243754 -0.347216 -0.417217 -0.164181 -1.196159 0.735023 -0.180992 0.266021 0.013899 -0.865481
hsa781 -0.776249 0.204672 0.496508 0.255967 0.136829 -0.151672 -0.692588 0.489302 -0.655761 0.076796 -0.858247 -0.290884 0.020981 0.622181 0.310896 -0.647017
D00136 -0.549020 -0.866617 -0.345664 0.360059 -1.389767 -0.062574 -0.990463 -0.439206 0.176920 -0.475211 -0.841951 -0.231085 0.829290 0.404003 0.231515 -0.521025
D04048 -0.377706 -0.473325 -0.309880 -0.365990 -0.194404 0.302815 0.486579 -0.205739 -0.127932 -0.023152 -1.022362 0.893144 0.006456 0.297544 -0.154020 -1.045439
hsa2561 -0.109770 -0.320913 0.870231 0.229784 -0.379081 -1.643873 0.039812 -0.117098 0.396678 -0.475928 -1.103089 -0.262577 -0.508171 -0.408835 -0.779399 -0.632347
D00732 0.248448 -0.506788 0.425162 -0.577698 -0.231392 0.268745 0.409837 -0.292957 -0.389593 -0.104429 -0.883645 0.932384 -0.121215 0.389275 -0.165667 -0.814454
hsa786 -0.568549 0.233082 0.632456 0.252521 0.085055 -0.301934 -0.566695 0.456500 -0.647917 -0.319467 -0.779191 -0.001811 0.140665 0.998460 0.232295 -0.505731
hsa3741 -0.250970 -0.253731 0.142578 -0.430119 0.781479 -0.343325 -0.161093 0.008278 -0.839182 -0.279394 -0.526510 0.592231 0.795869 -0.410631 -0.430384 -0.663999
hsa774 -0.742501 0.323794 0.557227 0.146962 0.272824 0.043374 -0.413166 0.705104 -0.209685 -0.339509 -0.816741 -0.285734 0.373579 0.449404 0.173349 -0.653341
D00741 -0.169865 -0.644893 0.348198 -0.592513 -0.231264 0.258888 0.326594 -0.347928 -0.500809 -0.093145 -0.702472 0.837614 -0.056766 0.286157 0.197780 -0.969467
D03878 -0.421339 -0.765676 -0.153767 0.390647 -1.187439 -0.557266 -0.926604 0.016318 0.580041 0.077162 -0.681873 0.341444 1.122406 -0.602174 0.421357 -0.593684
D00640 0.271987 -1.165608 0.362406 -0.582222 0.000785 0.061538 -0.109998 0.140588 -0.470535 -0.088968 -0.555142 0.872430 0.482075 -0.299551 0.019040 -0.840101
hsa1134 0.054346 0.445959 0.638358 0.060808 -0.885085 0.347748 0.436796 -0.612248 0.069030 0.111563 -1.058073 0.242134 -0.248399 -0.898918 -1.024047 -0.973823
hsa2562 0.023821 -0.277540 0.961752 0.170092 -0.368501 -1.501868 0.140666 -0.073663 0.378919 -0.427196 -1.119255 -0.127230 -0.559462 -0.448592 -0.681045 -0.601417
D05156 -0.207607 0.648166 0.378971 0.078827 -0.815036 0.084722 0.622493 -0.580962 -0.180102 0.124466 -0.980648 0.458575 -0.105566 -1.103489 -0.329383 -0.927189
hsa2567 -0.078905 -0.370097 0.800155 0.049919 -0.438319 -1.438889 0.131630 -0.031138 0.387990 -0.386579 -1.049577 0.033402 -0.286133 -0.291744 -1.030870 -0.480971
D02087 0.034550 -0.634397 0.191611 0.017380 0.228445 0.552489 0.229698 -1.083260 -0.274182 -1.083636 -0.725308 0.754949 0.574043 0.126625 0.066422 -0.610256
hsa3738 -0.071627 0.454983 -0.022763 -0.444540 0.432301 -0.286845 -0.504590 0.383138 -0.351610 -0.047596 -0.473404 0.605258 1.084572 -0.519521 -0.894618 -1.026374
D02098 0.076368 -0.693584 0.380192 -0.654746 -0.198108 0.327284 0.289506 -0.384477 -0.391783 -0.111002 -0.758881 0.715399 0.029312 0.297944 0.004679 -0.971163
hsa2563 -0.064741 -0.398185 0.921196 0.135092 -0.204333 -1.374686 0.074931 -0.067458 0.248194 -0.201249 -0.995510 -0.345977 -0.464428 -0.375285 -0.662580 -0.702416
hsa3743 0.154937 0.243865 -0.068323 -0.589857 0.282535 -0.311323 -0.061704 0.111731 -0.666228 0.199591 -0.829089 0.134605 1.197340 -0.360024 -0.409677 -0.915174
D02204 0.066513 0.697948 0.478087 0.063346 -1.138862 0.096107 0.434078 -0.490275 -0.168683 0.352953 -1.201445 0.268939 0.063687 -0.518663 -0.831055 -0.616831
D00616 -0.568802 -0.133735 0.792013 -0.226943 0.405486 -0.667677 -0.429426 0.569014 -0.342500 -0.240655 -0.228133 0.129178 1.100922 -0.168864 -0.858576 -0.544995
D00739 -0.230302 -0.547325 -0.098771 -0.393376 -0.405005 0.148723 0.128654 -0.827952 -0.296792 -0.061510 -0.762835 0.737604 0.611726 0.462444 0.077760 -0.883822
hsa783 -0.824240 0.336659 0.562654 0.121449 0.111743 -0.167671 -0.451334 0.751841 -0.220631 -0.208928 -0.999504 -0.224362 0.120837 0.520048 0.538173 -0.591450
D00110 -0.870303 -1.132419 0.610035 0.729503 -0.142406 0.095354 -0.077765 -0.278918 -0.722955 -0.339477 -0.228610 0.561313 -0.519234 -0.604324 0.092789 -0.966899
hsa2569 -0.047099 -0.313048 1.181601 0.072385 -0.403250 -1.428002 0.151284 -0.111078 0.344464 -0.212855 -1.041699 -0.329496 -0.511235 -0.393977 -0.677616 -0.698705
D03826 0.059399 0.529857 0.635176 0.057654 -0.819690 0.047231 0.310481 -0.646055 -0.460246 0.283620 -0.884147 0.189939 -0.361453 -0.692506 -1.174176 -0.983195
hsa2890 -0.639397 0.501572 0.090942 -0.361974 0.367651 -1.205490 -0.618691 0.091605 0.792352 -0.359973 -0.760955 -0.166999 -0.172413 -0.760312 0.206154 -0.974047
hsa6340 -0.293343 -0.127178 0.797935 0.141538 0.317665 0.155725 -0.656197 -0.050659 0.400569 0.219831 -0.543011 0.765149 0.048908 0.534350 0.495302 -0.561966
hsa6337 -0.219656 -0.160968 0.786634 -0.073832 0.390370 0.246732 -0.778467 -0.036594 0.395280 0.358997 -0.488853 0.661321 -0.027998 0.323189 0.494362 -0.807592
hsa777 -0.668625 0.138759 0.748024 0.213795 0.281833 0.190571 -0.208746 0.738821 -0.142426 -0.159398 -0.893982 -0.318744 0.474345 0.607489 -0.004236 -0.653138
D05453 -0.252505 0.303191 0.544050 0.206237 -1.045356 0.063958 -0.208000 -0.987179 -0.040945 0.436058 -0.543197 0.947669 -0.041560 -0.734286 -0.909474 -0.612700
hsa1139 0.344307 0.350302 0.690280 0.040506 -1.080572 0.123648 0.091863 -0.769557 -0.074157 0.262248 -0.887295 0.230030 -0.292545 -0.679518 -0.873255 -0.977767
hsa3737 -0.277585 0.382343 0.167493 -0.501527 0.475535 -0.771110 -0.394051 0.427983 -0.557133 -0.044792 -0.697552 0.159232 1.071318 -0.453254 -0.601631 -0.631888
hsa2566 0.065105 -0.371186 0.974957 -0.103264 -0.365516 -1.188270 0.068441 -0.077201 0.414699 -0.524472 -0.903628 -0.142609 -0.445835 -0.186689 -0.841588 -0.543015
hsa6338 -0.148651 -0.135609 0.818499 0.026794 0.423026 0.205080 -0.620874 0.051092 0.273720 0.308656 -0.571397 0.669507 0.019408 0.425650 0.563660 -0.715151
hsa285242 0.593021 -0.960273 0.486047 0.600839 -0.054963 0.964566 -0.280209 0.125838 -0.402566 -0.044093 -1.388386 0.329997 -0.302946 -1.185658 -0.638874 -0.394803
hsa6339 -0.149002 -0.182080 0.752292 -0.151588 0.258011 0.307791 -0.677479 0.032207 0.388552 0.264213 -0.522559 0.558709 0.025204 0.308118 0.476171 -0.694785
hsa9254 -0.875882 0.487814 0.748386 0.202885 0.179769 -0.122685 -0.353119 0.371495 -0.161663 -0.181977 -0.783679 -0.284693 0.132450 0.589488 0.261182 -0.614008
D00195 -0.051508 0.263381 0.777341 -0.036556 -1.522704 0.112242 0.131713 -0.579688 -0.045108 0.175948 -0.854041 0.475524 -0.444373 -0.796092 -0.858587 -1.021645
D00619 -0.058718 0.626441 -0.257502 0.186430 -0.063929 -0.163260 0.049545 0.582572 -0.417848 0.056981 -1.014351 0.051754 1.357709 -0.029270 -0.781791 -0.751955
hsa5310 -0.740541 0.277514 0.761314 0.140147 0.388942 0.231319 -0.774563 0.353779 -0.007036 -0.291466 -0.631917 -0.176937 0.055568 0.634518 0.257691 -0.698159
D00639 0.078234 -1.094617 -0.158053 -0.314006 0.247158 0.142840 0.177330 -0.364915 -0.029025 -0.464412 -0.987490 0.554462 -0.089086 0.295625 -0.254799 -0.931209
D03365 -0.417944 -0.218469 0.407056 0.691661 -0.830992 0.311226 0.594721 -0.231154 0.165892 0.481562 -1.326686 0.645991 -0.502287 -0.920577 -0.483411 -0.504508
hsa55515 -0.105778 -0.254479 0.827708 -0.003224 0.353817 0.179609 -0.690241 0.044631 0.500617 0.263151 -0.489766 0.780914 0.107188 0.460210 0.488779 -0.725320
hsa9311 -0.062223 -0.267294 0.842587 -0.181788 0.307616 0.240971 -0.744962 0.023267 0.481016 0.254018 -0.633355 0.677869 -0.145953 0.479441 0.505318 -0.615742
hsa93589 -0.766120 -0.025509 0.678711 0.031027 0.219308 -0.210293 -0.377355 0.545503 -0.261859 -0.148364 -1.059904 -0.487058 0.302023 0.861060 0.235915 -0.556757
hsa6332 -0.275410 -0.591677 0.603667 -0.117547 0.464657 0.191823 -0.350045 -0.104621 0.209422 0.478654 -0.688239 0.502788 0.123650 0.523444 0.334659 -0.879703
D00358 -0.003014 -0.936193 -0.202378 -0.392173 0.212269 0.014371 0.054689 -0.287038 -0.323880 -0.230821 -0.953631 0.795806 -0.212409 0.464462 -0.006150 -1.125875
hsa55799 -0.803698 0.038003 0.648046 0.111711 0.192986 -0.007278 -0.546974 0.473141 -0.169080 -0.285312 -0.985506 -0.440177 0.153911 0.614903 0.429010 -0.449976
D00611 -0.134411 0.291226 0.234790 -0.205155 -1.031287 0.201191 0.439965 -0.758804 0.075166 0.217322 -1.038639 0.568026 -0.428183 -0.539161 -0.780318 -1.018616
hsa51802 -0.340392 -0.356640 0.991869 -0.150077 0.337555 0.451000 -0.755848 -0.037656 0.555389 0.328452 -0.612848 0.538492 0.087889 0.413251 0.713846 -0.758697
D03830 -0.723732 -0.026836 0.635059 -0.149549 -0.071909 -0.961657 -0.755362 0.258598 -0.350901 -0.270746 -0.213041 -0.167386 1.306148 -0.012834 -0.677346 -0.449944
hsa782 -0.695581 0.312619 0.270222 0.180834 0.118640 -0.313289 -0.615957 0.494890 -0.633544 -0.374077 -0.828719 -0.223509 0.078251 0.741511 0.328387 -0.690709
hsa3708 -0.771898 0.270519 0.494962 -0.109593 0.177380 0.056002 -0.401414 0.625100 -0.140033 -0.485112 -0.909625 -0.049578 0.270240 0.591237 0.415793 -0.620618
D00477 0.300926 -0.600197 0.362185 -0.699735 -0.088839 0.590340 0.160240 -0.274687 -0.279212 -0.020613 -0.800660 0.773134 -0.005091 0.236294 -0.268596 -1.079012
hsa3767 0.002303 0.110960 -0.224370 1.157353 -0.594546 -0.565875 -1.010265 0.700319 -1.082800 -1.145261 -0.814749 1.154033 0.150416 0.013668 -0.090507 -0.333342
D00799 0.443374 -0.305324 0.252561 0.426402 -0.099023 0.581528 0.219820 -0.789837 -0.051235 -1.210073 -1.040674 0.045357 1.188646 -0.433281 0.113910 -0.376900
hsa784 -0.981626 0.418474 0.488500 0.108342 0.172982 -0.006967 -0.398861 0.536405 -0.288614 -0.481090 -0.966331 -0.003272 0.376658 0.733419 0.610715 -0.674765
D00319 -1.210524 0.082361 0.573312 0.269597 0.296987 0.197921 -0.691807 0.851603 -0.495667 0.225959 -1.031942 -0.162444 0.575224 0.524216 -0.512645 -0.366751
hsa55879 0.053946 -0.343939 1.124161 0.300044 -0.204833 -1.338513 0.220994 -0.021854 0.329297 -0.434278 -0.799655 -0.123274 -0.439586 -0.425952 -0.802074 -0.794892
hsa55503 -0.449820 0.335235 0.634383 0.231380 0.129232 0.085717 -0.257947 0.560943 -0.196875 0.070296 -1.090386 -0.210209 0.198311 0.664255 0.409493 -0.522710
D00331 0.648418 -0.083665 0.502360 0.353946 -0.142160 -0.946238 -0.809302 -0.749346 0.665084 0.052840 -1.272723 -0.259704 -0.233532 0.058746 -0.478682 0.007061
hsa3710 -0.932534 0.357800 0.517036 0.003865 0.242813 -0.087846 -0.389118 0.478219 -0.227042 -0.265503 -0.831095 -0.218900 0.191097 0.596360 0.186326 -0.698568
D00812 0.373479 -1.095765 1.168723 0.316568 -0.675526 0.010699 -0.640914 0.019284 -0.058062 0.082268 -0.916882 0.561141 1.058354 -0.605323 0.646320 0.044531
hsa3783 0.469845 0.439200 0.280025 -0.645239 -0.432605 0.191317 -0.777637 0.844020 0.119726 -0.686288 -1.155135 -0.360252 0.345449 -0.267714 0.301447 -0.284332
hsa785 -0.892977 0.418637 0.509359 0.281255 0.325726 -0.179595 -0.494497 0.623121 -0.343797 -0.497431 -0.996941 -0.233424 0.214671 0.630866 0.522529 -0.635217
hsa1141 -0.509264 -0.282444 1.441577 0.395982 -0.622277 0.477972 0.936276 0.101952 0.736601 0.418637 -1.141756 0.091504 -0.332754 -0.279034 -0.736229 -0.714496
hsa59284 -0.741523 0.493996 0.500467 0.101550 -0.019229 0.094691 -0.430301 0.470032 -0.223551 -0.259296 -0.973117 -0.433202 0.241343 0.683760 0.297455 -0.623446
hsa10369 -0.920783 0.360696 0.697184 0.151932 0.238629 -0.018912 -0.448447 0.449567 -0.260381 -0.250234 -0.904079 -0.263556 0.201998 0.538752 0.514873 -0.555044
D00394 -0.064427 -1.159412 1.568273 0.609880 -0.394351 0.131673 -0.695390 -0.154244 -0.375427 0.165365 -0.371491 0.589258 0.792926 -0.767201 0.333638 -0.286064
D02101 0.085499 0.444762 0.850569 -0.067427 -1.156797 0.181394 0.272074 -0.667102 0.049140 0.044576 -0.990956 0.321989 -0.651785 -0.931598 -0.969914 -1.055254
D00809 0.476644 -1.059563 1.010915 0.469938 -0.781833 0.193523 -0.609140 0.345906 -0.124883 -0.154772 -0.631515 0.600950 1.269229 -0.942758 0.317106 -0.330634
hsa2564 0.174294 -0.458447 0.847022 -0.046935 -0.435276 -1.265513 0.215145 0.077301 0.552806 -0.350621 -0.975115 -0.078093 -0.261341 -0.152213 -0.871249 -0.730688
hsa9177 0.517929 -0.887452 0.389393 0.356325 -0.305485 0.596418 -0.228202 0.262233 -0.563953 -0.214853 -1.291583 0.434500 -0.411913 -1.477718 -0.651296 -0.410602
D02461 0.190388 -0.251684 0.688404 0.103994 -0.462626 -1.035775 -0.634237 -0.137048 0.149268 -0.599828 -0.225221 0.177596 0.002241 0.331006 -1.089320 -0.506802
D00524 0.227424 0.036721 0.803365 -0.076917 -1.015741 0.146918 0.764690 -0.632161 -0.365540 0.212595 -1.155573 0.626316 -0.581550 -0.028711 -0.751463 -0.813090
D00617 -1.221835 -0.010314 0.569445 0.021630 0.294733 -0.120834 -0.773059 1.088320 -0.596701 0.280614 -0.765696 0.006659 0.575170 0.089134 -0.503531 -0.516239
hsa6532 -0.897409 -1.104580 0.685372 1.418853 -0.627781 0.023483 -0.262596 -0.729753 -0.547609 0.023706 -0.301722 0.428561 0.377631 -0.735032 -0.122799 -0.686650
D00678 0.418797 -1.141857 0.713203 -0.019810 -0.548868 0.769327 -0.475904 0.582514 -0.097199 -0.025753 -1.541468 0.072242 0.123238 -1.253309 -0.264145 0.018943
hsa6531 -1.044893 -1.469352 0.888930 0.935205 -0.318571 -0.240762 0.029860 -0.828681 -0.466070 -0.234860 -0.784295 0.694791 -0.680664 -0.514327 0.100903 -0.417137
hsa55800 -0.170828 -0.483856 0.834417 0.009481 0.422080 -0.055556 -0.526080 0.281158 0.257146 0.359878 -0.687837 0.673817 0.102055 0.414509 0.724926 -0.616509
D02041 -0.237820 -1.355272 0.179262 0.537983 -0.118018 0.273424 -0.422306 0.516480 0.020792 -0.413738 -1.039320 -0.164157 -0.758166 -1.472149 -0.464680 -0.844983
D01453 -0.330371 0.249757 0.632281 -0.985129 -0.552501 0.566050 -1.093812 0.605310 -0.219145 -0.868724 -1.400759 -0.078210 -0.477750 -0.146308 0.141668 0.108991
hsa116443 -0.483592 -0.684652 0.295174 0.251318 -1.216769 -0.364909 -0.808668 0.045268 0.498363 0.686634 -0.312940 0.214961 0.297590 -0.112146 0.281507 -1.005651
D02409 0.050389 -0.172783 0.827571 -0.837821 -0.535683 0.305296 -0.872489 0.694759 -0.140558 -0.520264 -1.301860 -0.385442 -0.431135 -0.042931 -0.046355 0.201575
hsa27092 -0.809211 0.046203 0.648304 0.090618 0.140843 0.131119 -0.359108 0.362434 -0.222554 -0.340051 -0.900832 -0.570353 0.213948 0.704204 0.458362 -0.707811
D00283 0.052584 -0.984344 0.361285 0.711038 0.198507 0.552988 0.045502 -0.448070 -0.629968 -0.331589 -1.486287 0.132288 0.253246 -1.454595 -0.453879 0.080584
D00546 -0.717308 -0.085999 0.293574 -0.178271 0.259660 -1.007750 -0.430567 0.343042 0.738461 -0.407553 -0.655498 -0.414540 -0.032484 -0.712433 -0.494891 -0.968951
D00544 -0.528439 0.127209 0.411111 -0.250091 0.591580 -0.843785 -0.320657 0.316552 0.610684 -0.581630 -0.702308 -0.678322 -0.105744 -0.755436 -0.601574 -1.044726
hsa83795 0.483184 0.762856 0.076371 -0.220420 0.580501 -0.384001 -0.133396 -0.073110 -1.001913 -0.358880 -0.764262 0.617164 0.183913 0.010855 0.224945 -1.123351
D00615 -1.180844 0.128808 0.807282 0.072178 0.211942 0.010092 -0.713931 0.987628 -0.538315 0.283657 -0.911703 -0.057445 0.696888 0.430961 -0.577693 -0.372530
hsa6324 0.081625 -0.279193 1.095203 0.018225 0.427287 -0.074509 -0.340514 0.458088 -0.024595 0.103095 -0.673655 0.666150 0.010612 0.470567 0.726307 -0.536892
D02914 -1.322393 0.146616 0.806744 0.142849 0.314505 0.140222 -0.887004 0.680248 -0.451846 0.267039 -0.937768 -0.180333 0.575529 0.522772 -0.468994 -0.342277
D00354 -0.074765 -0.585367 0.064206 -0.542073 0.325653 0.444223 -0.423948 -0.606426 -0.090729 -0.313419 -0.725601 1.028392 -0.054165 0.426042 -0.145363 -0.688501
hsa3765 -0.200525 0.668490 -0.527787 0.754321 -0.123430 -0.673492 -0.667654 0.446274 -0.337924 -0.803730 -1.012181 1.106839 0.650172 -0.425849 0.612178 -0.707866
D00798 -0.129966 -0.381388 -0.048603 0.616314 -0.449251 0.358591 0.315333 -0.749423 -0.444115 -1.448146 -0.909336 0.448150 0.938853 -0.253886 0.228492 -0.284058
D00227 -0.384228 0.149786 0.517583 -0.907269 -0.690561 0.549318 -1.030049 0.765153 -0.286530 -0.665423 -1.262514 -0.194193 -0.186131 0.036718 0.161929 -0.032664
D00336 -0.496775 0.148544 -0.462899 -0.174270 -0.476901 0.464961 -1.961445 -0.123372 -0.369526 -1.416673 -0.918197 0.716056 0.045621 -0.040677 -0.186344 -0.079342
hsa6330 -0.242305 -0.134402 0.803795 0.091173 0.525017 -0.041007 -0.323012 0.230779 0.313036 0.359934 -0.713444 0.627214 0.116774 0.294789 0.836644 -0.802477
D00438 -0.927548 0.039116 0.739361 0.010962 0.410831 -0.211139 -0.632632 0.624333 -0.630923 -0.023961 -1.158965 -0.018853 0.598202 1.072942 -0.246159 -0.277346
D06172 -0.086619 -1.162346 -0.199577 0.029689 0.366243 -0.343370 0.240673 -0.542858 -0.145066 -0.585780 -0.981647 0.908901 -0.462883 0.518109 -0.085494 -0.992628
D00367 -0.571699 -1.232084 0.861668 1.019099 -0.036131 -0.265376 -0.027543 -0.650322 -0.656124 -0.344531 -1.106002 -0.108101 -0.175286 -0.732498 -0.034744 0.246923
D02546 -1.072883 0.076144 -0.038108 0.045747 -0.673960 -0.109799 -0.517951 -0.949959 1.082283 0.283672 -1.305996 0.113609 -0.138472 -1.054179 1.197938 -1.053064
hsa3761 -0.135423 0.672097 -0.355955 0.580710 0.197378 -0.659216 -0.587648 0.693465 -0.188821 -0.544113 -1.040341 1.085691 0.602367 -0.251444 0.471510 -0.689185
hsa9312 -0.087846 1.125157 0.113772 0.123569 -0.175725 -0.078377 -0.564767 -0.389179 -0.389428 0.421392 -0.408516 1.262556 0.624795 -0.491585 -0.549526 -0.966722
D00340 -0.160669 0.422657 -0.296499 0.864118 1.022394 -0.701103 -1.209930 -0.655933 0.002828 0.604262 -1.841797 -0.159824 -0.149320 0.112583 -0.049650 -0.651184
hsa3746 -0.461533 0.024803 0.375375 -0.421278 0.546020 -0.809653 -0.287844 0.089862 -0.073320 -0.461775 -0.513718 0.480230 1.427779 0.213411 -0.549812 -0.522802
hsa9424 0.212205 0.589313 0.099469 0.038901 0.308951 -0.386137 -0.441945 0.055287 -1.263990 -0.270159 -0.470643 0.589507 0.062706 0.225888 -0.115585 -1.139929
hsa3788 0.003504 1.479610 0.459120 0.186873 0.072074 -0.135108 -0.907158 0.125637 -0.025998 -0.105620 -0.692083 1.014473 0.593914 -0.364599 -0.018850 -0.525098
D00326 0.780733 -0.129814 0.412892 0.505353 -0.353599 -0.199711 -0.006108 -0.188961 0.077540 -1.408575 -0.443392 0.206038 0.693364 -0.848387 0.422896 -0.855399
D00677 -0.031695 -0.938094 0.106503 0.282741 -0.438927 0.867478 -0.156926 0.294715 -0.325518 -0.718022 -1.026516 0.735133 -0.606526 -1.372522 -0.429670 -0.742349
D02630 -0.391325 0.116478 0.191167 0.469664 -0.483160 0.770144 -0.744919 0.188654 0.496566 -0.349836 -0.748776 -0.325611 0.919746 1.090522 -0.174120 -0.808616
D00816 0.193048 -1.165584 0.804686 0.119657 -0.621149 0.026308 -0.503878 0.071816 0.078158 -0.169877 -0.875086 0.602803 1.156578 -1.211060 0.555122 -0.117676
D05461 0.531200 -0.141965 0.603797 0.441157 -0.574231 -1.004405 -0.120358 -0.796222 0.688973 -0.776867 -0.861675 -0.525130 0.371687 -0.083030 -0.665742 -0.656423
D00543 -0.462925 -0.374129 0.318389 -0.406085 0.532823 -0.788001 -0.266729 0.346916 0.605196 -0.621627 -0.698817 -0.677913 0.211124 -0.502319 -0.746625 -1.054490
D00823 0.758688 0.052118 0.363760 0.544796 -0.569290 -0.119323 0.209131 -0.080313 0.104078 -1.463975 -0.655574 0.277890 0.987388 -0.535542 0.246028 -0.662913
D00647 0.803759 -0.002808 0.065473 0.513816 0.078435 0.236284 -1.120068 -0.181485 -1.083328 -0.162719 -0.548419 -0.381909 0.138899 -0.630848 0.397426 -1.110178
hsa27133 0.324135 0.355720 -0.110085 -0.223371 0.042390 -0.265565 -0.806925 -0.351221 -1.056553 -0.232975 -0.452506 0.339152 0.335222 -0.150179 0.273728 -1.157319
hsa2742 -0.221344 -0.854620 0.772673 0.073752 0.204801 -0.961772 -0.273368 0.288930 0.317515 -0.934409 -0.702474 -0.306475 -1.050689 -0.609840 -0.409746 -1.040057
hsa8989 -0.790829 0.381258 0.441961 -0.204108 0.054992 0.061248 -0.622012 0.291744 -0.299111 0.008282 -1.003959 -0.112731 0.495987 0.671841 0.270202 -0.495991
D00658 0.090036 0.254928 -0.283598 0.937070 0.990104 -0.814059 -1.309494 -0.737731 0.205026 0.786272 -1.772728 0.123395 -0.247024 0.090825 0.027124 -0.699916
hsa3775 0.282672 0.668567 0.191278 0.283636 0.356239 -0.552851 -0.573487 0.232699 -1.147129 -0.367934 -0.514455 0.418246 0.158466 0.046787 0.248939 -1.048208
hsa3762 -0.226908 0.668067 -0.347972 0.734209 -0.063191 -0.460237 -0.435436 0.712971 -0.211274 -0.569465 -0.948928 0.882637 0.739473 -0.215100 0.568686 -0.788735
hsa2891 -0.116543 0.298587 -0.241701 -0.309874 0.751426 -0.821907 -0.830446 -0.424590 0.630066 0.188782 -1.085906 0.254191 -0.016890 -0.693066 0.521327 -0.975239
hsa3744 0.272417 0.373538 -0.368935 -0.593325 -0.058162 -0.336516 -0.635450 0.664630 -0.070492 -0.173029 -0.948486 -0.088392 1.239611 -0.095519 -0.709676 -0.899231
D00633 0.224725 -1.218200 0.148527 0.547306 0.548649 0.938723 -0.366289 -0.003957 0.486404 0.364591 -1.435449 0.210124 -0.409583 -0.846707 -0.418568 -0.649128
D00539 -0.548262 0.425935 0.769406 0.779085 -0.496599 0.168792 0.038665 0.263999 0.701784 -0.121844 -0.870121 0.177497 -0.163750 1.002861 -0.875757 -0.413640
D00791 0.310601 -0.317376 0.536672 0.198749 -0.397857 0.349447 0.192269 -1.041862 -0.101713 -1.037870 -1.016547 -0.101580 1.346801 -0.223269 0.488973 -0.276293
hsa3739 -0.489092 0.158630 0.018137 -0.702282 0.458908 -0.360206 -0.501138 0.598774 -0.566179 -0.172014 -0.628126 0.403885 0.864290 -0.438866 -0.439776 -0.716564
D00228 -0.561189 -1.000848 0.204087 1.357260 0.272506 0.046386 -0.251047 -0.976808 -0.734845 -0.134861 -0.951614 0.366510 0.501045 -1.106507 -0.334013 -0.238200
hsa54207 0.237382 0.386870 0.033304 -0.298453 0.565541 -0.021995 -0.440203 -0.134512 -0.994249 -0.294360 -0.550863 0.479875 0.449389 -0.347464 0.298437 -1.234344
hsa2898 -0.735969 0.289891 -0.112007 -0.274729 -0.070906 -0.587546 -0.762589 -0.763573 1.142766 0.187328 -1.153470 0.007995 0.042364 -0.943889 1.018059 -1.161748
hsa3768 -0.202384 0.550638 -0.441783 0.862099 0.203155 -0.483112 -0.727730 0.654028 -0.307456 -0.612671 -1.062994 0.954088 0.460481 -0.371668 0.253675 -0.418958
D03742 -0.720997 -0.417852 0.752750 0.795767 -1.572310 0.037468 -0.170069 -0.451510 -0.078852 0.547690 -0.109846 0.533456 0.050493 -0.290300 -0.738212 -1.136884
D05024 -0.275240 0.446197 0.416401 0.355673 0.055745 0.463045 0.035567 0.835592 -0.113616 0.325628 -1.064108 -0.127626 1.039991 0.527213 -0.421884 -0.843710
D02253 -0.078893 -0.023309 0.662749 0.456513 -0.528888 -0.826339 -0.521670 -0.219534 0.940516 -0.489555 -0.730939 -0.214790 -0.509116 0.076882 -1.274861 -0.763411
D00351 0.565487 0.049245 -0.500654 -0.706308 -0.810885 0.326231 -1.104492 0.334606 0.051582 -0.498873 -0.893196 -0.256299 0.988276 0.373107 -0.292176 -0.953555
D01712 -0.519087 0.068040 0.716121 -0.922334 -0.595858 0.513969 -1.085735 0.611027 -0.447693 -0.892554 -1.379864 -0.302220 -0.394146 -0.006168 0.240685 0.100626
D00219 -0.519228 0.430908 -0.354888 0.740338 -0.463887 0.201463 -1.763343 0.170595 -1.040588 -1.299824 -1.156887 1.229574 -0.216926 -0.377271 -0.376676 -0.091768
D01118 0.556449 -1.011536 1.286872 0.332665 -0.494614 -0.598528 -0.337531 0.058344 0.131035 0.207749 -0.171365 0.071143 0.875637 -0.283070 0.301560 -0.877711
D00519 0.175743 0.447084 -0.099866 1.026667 0.590789 -1.054410 -1.203501 -0.721965 0.185576 0.602221 -1.546649 -0.158759 0.013792 -0.058165 0.073007 -0.510907
D00451 0.892205 -0.575717 0.548525 0.808390 -0.196889 0.905846 -1.044371 0.109927 -0.898019 -0.049051 -0.855669 0.639724 -0.255923 -1.157856 -0.397080 -0.489313
hsa3784 0.415693 0.354478 0.250660 -0.165440 -0.210507 -0.769713 -0.400812 -0.139628 -0.295131 -0.108009 -1.709151 0.568223 0.996778 0.173811 0.543384 0.609470
hsa2897 -1.053753 0.001680 0.138164 -0.447323 -0.049661 -0.180343 -0.832043 -0.986908 1.068964 0.354872 -0.907886 0.098346 -0.173773 -0.740904 0.633336 -0.952021
D01111 -0.669846 -0.464857 -0.180214 1.013861 -0.194956 0.544558 -0.650317 0.138493 -0.343666 -1.044726 -0.728255 1.285980 -0.654171 -0.478338 0.020926 -0.406252
hsa3742 -0.094295 0.445689 0.008823 -0.628697 0.486139 -0.782538 -0.571527 0.294330 -0.356397 -0.291937 -0.697204 0.221885 0.900167 -0.658835 -0.503545 -0.696438
D01253 -0.546686 -0.491974 1.134315 -0.160032 -0.159859 -0.509584 0.091624 -0.634875 1.053180 -1.456825 -1.012525 -0.378188 -0.167634 -0.061552 -0.476019 -0.155258
D00513 0.749769 -1.110329 0.570123 0.602451 -0.374003 0.676965 -0.186311 0.640831 -0.895657 0.094311 -1.255769 0.776551 -0.237230 -0.935902 -0.521370 -0.449780
D00335 -0.639878 0.296444 -0.467863 0.770334 -0.567032 -0.102448 -1.470907 0.106273 -0.958736 -1.393588 -1.079871 1.100019 -0.121016 -0.252074 -0.160749 -0.187205
D01599 -0.326557 0.141197 -0.081544 1.045974 -0.574811 -0.139136 -1.432836 0.323667 -1.107023 -1.156949 -0.959176 1.559929 -0.412466 -0.390190 -0.057160 -0.181985
hsa3752 -0.479568 1.007809 0.001272 -0.203286 -0.250677 -0.231051 0.461734 -0.081163 -0.744239 0.137644 -0.890733 0.610247 0.473427 -0.753435 0.220929 -0.799940
D00656 -0.022994 0.358642 -0.039160 1.029866 0.960979 -0.938852 -1.311963 -0.523986 0.169497 0.898196 -1.730616 0.041053 -0.009773 0.044141 -0.133200 -0.671556
hsa3776 0.812069 0.276061 0.018952 -0.149145 0.480288 0.277106 -0.663373 -0.035577 -1.284675 -0.256614 -0.598902 0.297341 0.113490 -0.301939 0.108980 -1.497559
D00345 0.407979 -0.294439 0.932786 0.249651 0.085517 -0.732629 -0.620616 -0.440777 -0.169854 0.216576 -1.425749 0.607006 0.944197 -0.210330 0.313495 0.915229
hsa3759 -0.295424 0.521615 -0.659470 0.740217 0.026093 -0.524194 -0.666811 0.468848 -0.139265 -0.883632 -1.171716 1.093973 0.666839 -0.468877 0.615109 -0.624839
D00234 0.057358 0.418466 0.484648 0.416005 -0.871510 0.494094 -1.312421 0.045964 -0.201125 -0.782766 -0.320665 -0.690230 0.823801 0.316257 0.293967 -1.048354
D00379 -0.299896 0.321700 -0.146727 1.147028 -0.482556 0.084212 -1.439003 0.256253 -1.211226 -1.487134 -1.140838 1.205002 -0.089155 -0.291386 -0.350060 -0.084130
hsa6833 0.276655 0.385370 -0.070737 -0.256644 0.414898 -0.208564 -1.797877 -0.167892 -0.259190 -1.126091 -1.051518 0.619977 -0.050150 -0.321825 -0.443052 0.174444
hsa3756 -0.055977 0.809188 0.088885 0.022994 0.029943 -0.356561 -0.729155 -0.538311 -0.876275 -0.135891 -0.360088 0.554908 0.540054 -0.084343 0.280493 -1.012878
hsa2743 -0.165100 -0.782998 0.644581 0.180555 0.062945 -0.998096 0.040368 0.609885 0.425152 -0.858809 -0.704631 0.069738 -1.117680 -0.596697 -0.539672 -1.097394
hsa1080 -0.500448 0.067741 0.358679 -0.712472 -0.519736 0.498359 -1.822942 0.372626 -0.443817 -1.252987 -1.174412 0.219644 -0.408632 -0.061737 0.206285 0.108423
hsa3753 0.077380 0.275336 0.867289 0.111028 0.357486 -0.680741 -0.807267 -0.151679 -0.503432 -0.022701 -0.993968 0.669177 0.808670 -0.105236 0.478837 0.516052
hsa2903 -0.420146 -0.859295 -0.258648 0.503056 -1.725153 -0.572826 -0.831960 -0.178556 0.651892 -0.307772 -0.840495 0.135353 0.772077 -0.050894 0.077121 -0.732295
D00636 0.716806 -0.269563 0.517106 0.286392 -0.372960 -0.247840 0.188138 0.429949 -0.900117 0.443014 -0.644352 -0.282624 1.500689 0.068461 -0.330876 -1.214667
hsa3749 -0.145904 0.558092 0.052149 -0.488214 0.645414 -0.806280 -0.686703 -0.002213 -0.179660 -0.465843 -0.888010 0.583373 1.376337 0.153432 -0.287847 -0.414494
hsa81033 0.072202 0.409031 0.129668 -0.016189 -0.149287 -0.668576 -1.136439 -0.030382 -1.191571 -0.169561 -0.506864 0.224760 0.621692 0.140571 0.432407 -0.832727
hsa3772 -0.412998 0.770465 -0.309738 0.219266 0.481878 0.012029 -0.816377 0.403469 -0.256027 -0.534572 -0.949376 1.028338 0.660068 -0.504381 0.279692 -0.505769
D01969 0.055769 0.721637 0.237969 0.268637 -0.450719 0.113537 0.169964 0.753416 -0.638948 0.614298 -1.171492 -0.154269 1.047646 0.023145 -0.690361 -0.623892
hsa3790 0.207287 1.323769 0.390362 0.090405 0.164111 -0.131551 -0.988102 0.121853 -0.159222 -0.011819 -0.922371 1.051296 0.548112 -0.222813 -0.092450 -0.366207
hsa3760 -0.179218 0.562488 -0.253799 0.507833 0.085210 -0.495864 -0.262117 0.423401 -0.358872 -0.709928 -0.951083 0.829596 0.920265 -0.300298 0.751365 -0.698221
hsa2893 -0.246466 0.273233 -0.108717 -0.657063 0.819971 -0.728595 -0.780948 -0.171986 0.541636 -0.012142 -0.872344 0.361903 0.194403 -0.579392 0.672078 -1.041483
D00733 0.583831 -0.841881 0.369699 0.004332 -0.233333 0.564289 0.358324 0.101178 -0.683560 0.389976 -0.982719 0.252154 0.104479 0.375464 -0.290466 -0.983072
D01256 -0.232109 0.523859 -0.303630 0.449903 0.910321 -0.840439 -1.074066 -0.970283 0.286073 0.506080 -1.635499 -0.190156 -0.053477 -0.200795 0.152835 -0.696830
D00536 -0.361109 -1.010790 0.959598 -0.383064 0.235809 -0.633018 -0.091198 0.292441 0.149088 -0.503884 -0.283846 0.199503 -1.203901 -0.542674 -0.168623 -1.235476
D00364 -0.252660 -0.850711 0.520696 0.446059 0.876827 -0.055547 0.000549 -1.029582 -0.816564 -0.743847 -0.550689 0.454329 0.655268 -0.816020 -0.938916 -0.177857
D00650 0.274597 0.185842 -0.039303 0.808124 0.751107 -0.895407 -1.041907 -0.977133 0.070909 0.715490 -1.861076 -0.339099 -0.189999 0.094371 -0.193083 -0.633077
hsa90134 0.197499 0.691433 0.013783 0.097957 -0.155981 -0.694829 -1.186430 -0.179537 -1.021767 -0.318351 -0.518586 0.252917 0.458888 0.360384 0.338612 -0.872469
hsa3780 0.923849 0.365047 0.505289 0.388517 -0.877944 0.071264 -0.065112 0.134017 0.170352 -1.110865 -0.798638 -0.174247 0.726617 -0.813459 0.004369 -0.605179
D00380 0.223898 0.251904 0.098244 0.694624 0.116776 0.284460 -1.466455 0.412997 -0.914302 -1.113225 -1.139264 1.166260 -0.467436 -0.541179 -0.529909 0.143313
hsa27012 0.078745 1.159930 0.229841 -0.037652 0.324531 0.099178 -0.847870 -0.135638 -0.106479 -0.041272 -0.870327 0.983817 0.678405 -0.264204 0.044692 -0.443349
hsa2904 -0.487997 -1.034455 -0.127835 0.313226 -1.531084 -0.619785 -1.028392 -0.292066 0.618922 -0.292300 -0.745673 -0.010019 0.891000 -0.002993 -0.000302 -0.650056
D00631 0.644898 -1.176550 0.358193 0.006791 -0.603955 -0.324651 -0.491883 0.570428 -1.085796 -0.028016 -0.871267 1.208562 0.432206 -0.532014 0.392347 -0.286908
D01768 0.324071 -0.901450 0.629437 -0.650766 -0.334988 0.266875 0.407134 -0.314406 -0.870942 0.056310 -1.006269 0.443597 -0.213757 0.639415 0.080160 -0.945030
D00563 -0.240885 -0.815707 0.763782 0.848853 -0.277871 0.641458 0.069181 -0.251446 -0.076640 0.309588 -1.558594 0.621889 0.542349 -1.580149 -0.230325 0.202021
D01799 -0.028970 0.423107 -0.076969 1.319728 -0.549040 -0.152816 -1.356499 0.546706 -1.200044 -1.265397 -1.240809 1.397389 -0.468625 0.059053 -0.487696 -0.055009
hsa116444 -0.290488 -0.885017 -0.083113 0.218245 -1.688980 -0.630588 -1.086992 -0.137345 0.567645 -0.239955 -0.610448 0.046979 0.659183 0.069224 0.213754 -0.800565
hsa3747 -0.034177 0.612030 -0.113479 -0.137963 0.372396 -0.675016 -0.255280 0.250781 0.001519 -0.045890 -0.951367 0.268517 1.546525 -0.064273 -0.359216 -0.704822
hsa2899 -0.663276 0.001738 0.111150 -0.211317 0.044056 -0.022258 -0.507007 -1.009559 1.105359 0.389459 -1.179543 0.331425 0.087719 -0.733640 1.159777 -1.286289
hsa5024 -0.635676 0.804634 0.958174 -1.019443 0.047056 1.300530 -1.156790 0.032519 -0.512931 -0.981437 -2.858918 -0.740541 -0.415924 0.503602 -0.599934 0.022470
hsa3787 0.121853 1.195221 0.120750 -0.034096 0.340577 -0.229213 -0.881542 -0.234515 -0.139054 -0.116060 -0.883725 1.135168 0.779694 -0.045618 -0.179803 -0.454244
D00533 -0.037982 -1.039411 1.119097 0.040072 -0.002042 -0.012310 -0.368748 -0.353519 -0.161378 0.263396 -0.959971 0.797573 0.903229 0.302939 0.337840 0.330027
D04985 -0.667427 0.330829 0.764856 0.808561 -0.304127 -0.535640 -0.105162 -0.420596 0.834937 -0.634744 -0.901789 -0.410777 -0.456389 0.668244 -1.636193 -0.753129
D00338 0.268115 -0.131376 1.114268 0.505914 0.062034 -0.633688 0.051992 -0.451653 0.794996 -1.525794 -0.556466 -0.292848 0.069808 -0.360706 -0.225885 -0.655127
hsa3766 -0.577028 0.885090 -0.271974 0.215071 0.321176 -0.325613 -0.935886 0.301705 -0.234027 -0.635959 -1.055529 1.008777 0.338160 -0.523917 0.248558 -0.228751
hsa9132 0.535163 -0.040075 0.283800 -0.120832 -0.086013 -0.661085 -0.434677 0.931502 -0.782449 0.117012 -1.185297 1.074018 0.466736 -0.339966 0.462587 -0.121492
D04999 -0.771829 -1.261140 0.683743 0.859024 -0.804024 0.266823 0.007150 -0.694476 -0.141465 -0.151494 -0.905441 0.263558 -0.691426 -1.057776 0.115361 -0.657561
hsa1145 0.176237 -0.301907 0.997891 0.531321 -0.661956 0.269444 0.754900 -0.402793 0.258588 0.331735 -1.521726 0.652094 -0.793326 -0.472844 -1.045264 -0.561779
D05077 -0.223798 -0.661819 0.300414 0.589401 0.340677 0.682472 0.074028 -1.066877 -0.182741 -1.401809 -0.635235 0.781127 0.791233 -0.105029 -0.186067 -0.307433
hsa3745 -0.028920 1.369068 0.170843 0.106681 0.274679 -0.081733 -0.804587 -0.243725 -0.360145 0.151023 -0.887809 0.969260 0.497813 -0.122589 -0.125659 -0.565978
hsa2892 -0.048423 0.510051 -0.011688 -0.521637 0.557478 -0.527104 -0.564568 -0.232290 0.749980 -0.136226 -0.814995 0.316977 0.094463 -0.757407 0.772682 -1.199264
D02566 -0.109052 -1.165300 0.855527 0.874910 -0.974968 0.106506 -0.457721 -0.278846 -0.286537 0.161178 -1.100112 0.444370 0.919903 -1.214632 0.625238 -0.007556
D00480 0.036192 -1.085317 1.428430 0.063982 -0.148196 -0.067379 -0.440387 0.414588 -0.208629 -0.071106 -0.060016 0.752473 1.280436 -0.673162 0.019133 -0.691882
hsa2570 0.170165 -0.669564 1.130700 0.402381 -0.292749 -1.471588 0.179306 -0.192814 0.455821 -0.589221 -1.196365 -0.557501 -0.801357 0.012375 -0.280011 -0.821505
D00654 -0.009614 0.133892 -0.186500 0.474654 0.919691 -0.491623 -1.455147 -0.751464 0.108207 1.069410 -1.902588 -0.227560 -0.190954 0.245804 0.156167 -0.808322
hsa170572 0.395421 -1.443237 0.468076 0.399586 -0.003489 0.859969 -0.624896 0.307312 0.075930 -0.159539 -1.474797 -0.153197 -0.524689 -1.271160 -0.264277 -0.549321
hsa2902 -0.438286 -0.901590 -0.370349 0.255308 -1.429796 -0.517489 -1.132207 -0.523937 0.762897 -0.136638 -0.844696 0.065906 0.630041 -0.386398 0.288051 -0.768286
D03274 0.594812 0.187392 1.347599 0.230905 -1.059121 0.144307 -0.375232 0.123779 -0.169472 -0.670560 -0.400063 -0.337012 1.266690 -0.494306 0.632033 -0.678477
hsa200909 0.274575 -1.361496 0.298312 0.320336 -0.079930 0.751775 -0.541501 0.399975 0.279254 0.021426 -1.647940 -0.220836 -0.499439 -1.227319 -0.297826 -0.484936
hsa56659 0.140066 0.829416 0.138421 0.138623 0.751307 -0.597909 -0.308076 0.588746 -0.426381 -0.507889 -1.007433 0.062786 0.081564 0.244312 0.151692 -0.860356
hsa26251 0.182807 1.286061 0.334422 -0.140174 0.075215 -0.300839 -0.632235 -0.081478 -0.205237 -0.400761 -0.797527 1.048471 0.478214 0.333157 0.231704 -0.501772
D04034 0.155238 0.328394 1.146159 0.377869 -0.653227 0.325781 -0.657612 -0.005648 -0.066498 -0.760180 -0.338033 -0.453645 1.516620 -0.587640 0.128358 -0.528671
D00651 0.713106 0.176361 0.183801 0.860311 0.665543 -0.472061 -1.313706 -0.799564 -0.110483 0.472035 -1.312438 -0.359649 -0.205221 0.217850 -0.111656 -0.572765
D00456 -0.097152 -1.213482 0.914481 0.430541 -0.548562 0.683197 -0.442358 0.437511 0.077534 -0.041061 -1.174627 0.788427 0.662023 -1.454000 -0.423699 0.164190
D02262 0.088816 0.800123 0.053673 -0.139034 0.189606 0.015477 -0.311551 -0.453234 -0.800758 0.250108 -0.375600 0.751100 0.453529 -0.389607 -1.117327 -1.312158
hsa51305 0.362411 1.140812 0.371159 0.031051 0.507845 -0.210755 -0.190799 0.076159 -0.735586 -0.481183 -1.046098 0.724737 -0.037727 0.066343 0.688989 -0.764608
hsa3748 -0.208158 0.484800 -0.008491 -0.559079 0.575150 -0.658703 -0.541284 0.026245 -0.174887 -0.341056 -0.963357 0.604214 1.396117 -0.060648 -0.189505 -0.337154
D00274 0.038068 -0.118441 -0.198607 0.306182 -1.041536 0.413805 -2.045327 -0.249005 -0.335757 -0.927914 -0.570708 -0.318606 0.653276 0.256139 0.159758 -0.735995
hsa3764 -0.291402 0.650202 -0.297465 0.493978 -0.280260 -0.672424 -0.540473 0.479320 -0.403654 -0.621229 -0.713584 1.146175 0.440984 -0.138572 0.557354 -0.720621
hsa5025 -0.525792 0.861304 1.031152 -1.154506 0.369419 1.469135 -1.291537 -0.265473 -0.492632 -0.904156 -2.877632 -0.647860 -0.672261 0.574598 -0.620146 -0.227670
hsa3750 -0.316205 0.866413 -0.057516 -0.303948 -0.004758 -0.393276 -0.097565 0.148454 -0.797335 0.371623 -0.927186 0.505697 0.728497 -0.671500 0.296069 -0.831807
hsa3751 -0.390773 0.747821 0.101394 -0.390277 -0.063306 -0.598514 -0.103052 0.112927 -0.690014 0.470097 -0.883941 0.412888 0.846079 -0.563308 0.410275 -0.813597
D00464 -0.227997 -0.333777 1.234155 0.101233 0.389779 -0.624482 -0.146757 -0.612025 0.519577 -1.217784 -0.698486 -0.760697 -0.253205 -0.103498 -0.239316 -0.514954
hsa60598 0.452761 0.967753 0.277080 -0.015607 0.489014 -0.384980 -0.312067 0.215811 -0.804060 -0.506755 -0.983706 0.526202 0.115022 -0.036574 0.514447 -0.765733
D00373 -0.161101 -0.365879 -0.334587 0.959971 -0.147895 0.464213 0.056474 -0.564879 -0.201634 -1.196694 -0.980632 0.808639 1.173905 -0.453668 0.065078 -0.396827
hsa6529 -1.267414 -1.204456 0.952680 0.906098 -0.483066 -0.292071 -0.100975 -0.559617 -0.843250 -0.269520 -0.454566 0.784031 -0.478703 -1.076923 0.464652 -0.704537
D02163 0.308024 -0.017141 0.928474 0.247197 -0.487523 0.164181 0.317310 -1.478204 0.098802 -0.900678 -0.659692 0.293498 1.044998 -0.559411 0.613491 -0.509964
hsa3779 0.461127 0.915941 0.260591 -0.371610 0.043564 -0.492558 -0.580482 0.127710 -0.482122 0.310356 -1.163584 0.352785 0.465470 0.002201 0.900082 -0.726993
hsa2900 -0.881628 0.058587 0.053765 -0.105833 -0.112355 0.018543 -0.873586 -0.774893 1.061532 0.461133 -1.090764 0.519645 -0.242513 -0.888493 1.123617 -1.247337
D00035 -1.552682 -0.233217 0.460993 1.171731 -0.417143 0.335513 -0.346689 -0.392904 0.056756 -0.017969 -0.924823 0.715139 -0.724633 -0.782263 0.897840 -0.465625
hsa11254 -1.488838 -0.843625 0.704304 1.143785 -0.491974 0.063412 -0.211483 -0.754948 -0.233007 -0.249775 -0.985027 0.655344 -0.562922 -0.821181 1.077683 -0.625063
hsa6534 -1.394139 -0.763535 0.868063 1.303406 -0.400484 -0.107625 -0.469036 -0.737775 -0.470152 -0.053023 -0.623830 0.558838 -0.550138 -0.948887 0.769013 -0.680438
D00594 -0.317845 -0.187710 -0.183651 0.795016 0.264087 0.472995 -0.287745 -0.858860 -0.339526 -1.833601 -1.024175 0.869983 0.078040 -0.245540 0.017162 -0.010239
hsa9127 -0.418528 0.964387 1.046250 -1.055808 0.065374 1.322785 -0.896987 -0.210915 -0.801703 -1.165256 -2.709180 -0.766120 -0.281489 0.466980 -0.692720 -0.050060
D02261 -0.065987 0.345202 -0.278526 -0.082417 0.162108 0.080352 -0.637980 -0.255658 -0.522610 0.080786 -0.205097 1.176409 0.840486 -0.461639 -0.986989 -1.287672
D02092 -0.030100 0.077171 -0.183891 0.348860 -0.941406 0.581753 -2.052942 -0.480743 -0.176477 -0.697402 -0.361467 -0.114040 0.436227 0.294209 0.241636 -0.847934
hsa5023 -0.579508 0.669124 0.825774 -1.070814 0.265866 1.411261 -1.138622 -0.136890 -0.796908 -1.134105 -2.853829 -0.706164 -0.707310 0.385152 -0.853348 -0.076951
D05458 -0.858945 -1.581308 0.682467 0.455052 0.164773 0.049348 -0.204290 -0.823486 0.139116 -0.456292 -0.908357 1.167052 -0.795266 0.213294 0.256061 -0.276751
D03180 -0.478727 0.112859 0.906856 0.981308 -0.155888 -0.404435 -0.080036 -0.244596 0.765462 -0.446930 -0.802950 -0.056874 -0.633583 0.484729 -1.515101 -0.703664
hsa3785 0.374759 0.460018 0.211373 -0.291437 0.077557 -0.696095 -0.518498 0.496636 -0.621137 -0.002915 -1.279037 0.937917 0.643047 -0.113492 0.497824 -0.040318
hsa56479 0.310054 0.334697 0.230143 -0.420420 0.150353 -0.776468 -0.801684 0.503359 -0.575976 0.076786 -1.267733 0.846868 0.661295 -0.051411 0.436611 -0.026788
hsa7881 0.184609 0.875634 0.375378 -0.009958 1.031031 0.035997 -0.433375 0.171144 -0.638590 -0.615820 -1.356792 0.475067 0.795435 -0.120209 0.439305 -0.338525
D00697 -0.109624 -0.397280 0.733495 -0.033571 0.594984 -0.962582 -0.356657 -0.895429 0.013419 -1.099236 -0.680146 0.190122 -0.141362 -0.547382 -1.071440 0.012455
hsa8001 -0.103724 -0.939359 0.394271 0.596217 0.274202 -0.548709 -0.451187 0.721136 0.335030 -0.883265 -0.893262 -0.395017 -0.973778 -1.273267 -0.586499 -1.051565
D00537 -1.013625 -0.093059 0.065743 -0.535814 0.030914 -0.312914 -0.362705 -1.613703 0.392313 -0.080558 -0.700686 -0.234481 -0.552240 -0.231403 -0.235861 -0.795003
D04370 -0.233057 -1.035446 0.119119 0.674611 -0.301175 0.797977 -0.237984 0.405280 -0.108064 -0.965032 -0.652985 0.814662 -0.410836 -1.241992 -0.411966 -0.811245
D00694 -0.295034 -0.222622 1.572164 0.188313 0.459053 -0.437421 -0.194095 -0.643095 0.695077 -1.013768 -0.578438 -0.847569 -0.232560 -0.023932 -0.183697 -0.627695
hsa27094 0.082799 1.000012 0.462702 -0.431318 0.229510 -0.210086 -0.492404 -0.076900 -0.627412 -0.317966 -0.804938 0.594425 0.662368 -0.217313 0.729382 -0.625167
hsa27345 0.086605 0.824208 0.503040 -0.129688 0.359549 -0.247737 -0.771075 0.453438 -0.584128 0.003295 -0.744955 0.265734 0.551911 -0.755306 0.646327 -0.776176
hsa5026 -0.309736 0.748530 1.205237 -1.052862 0.138195 1.461303 -1.139123 -0.077642 -0.396781 -1.210532 -2.908767 -0.798801 -0.213442 0.486766 -0.895180 0.068921
hsa2906 -0.783372 -0.961657 -0.202913 0.601787 -1.565271 -0.469535 -0.997819 -0.146171 0.467043 -0.184493 -0.911740 0.178996 1.175925 0.096256 0.125348 -0.484073
D00504 -0.480650 -1.051781 -0.338349 0.230897 0.018462 -0.063432 -0.265377 -0.767754 -0.270495 -0.586610 -0.887722 1.315214 -0.772732 0.152108 -0.100824 -0.658863
hsa3769 -0.507872 0.797287 -0.004793 0.103195 0.609285 -0.126757 -0.589977 0.284027 -0.270176 -0.459922 -0.894100 1.003677 0.316827 -0.529885 0.258556 -0.376847
D00708 -1.088482 -1.327906 0.991382 -0.253827 -0.204130 -0.096196 0.541474 -0.668985 0.872522 -0.901424 -0.792426 0.678416 0.133439 0.161384 -0.479140 -0.229424
hsa9992 -0.007317 0.705104 0.724540 -0.086465 0.622456 -0.597390 -0.406448 -0.164055 -0.559523 -0.247097 -0.816809 0.895518 0.361083 -0.148493 0.456570 -0.166057
D01350 -1.287332 0.476196 0.992440 -0.867163 -0.674452 0.229226 -0.515481 -0.251084 -0.764451 -0.260782 -0.852425 -0.496620 -0.525596 0.030528 0.391101 -0.268932
hsa89822 0.584829 0.752755 0.185370 -0.275468 0.551855 -0.354611 -0.127332 0.242931 -0.736382 -0.400937 -1.004186 0.478616 0.384447 0.106373 0.263545 -0.819924
hsa3754 0.089487 1.328325 0.349830 0.068000 0.049121 -0.282284 -0.699024 0.017734 0.042833 0.020983 -0.867357 0.952689 0.636499 -0.174067 0.253458 -0.520870
D00574 -0.870459 -0.371485 1.127785 -0.020992 -0.328949 0.392856 0.918061 -0.193378 1.452734 -0.345607 -1.231280 0.634666 -0.020112 0.428362 -0.474027 -0.210785
D00474 -0.976029 -0.897145 0.877820 -0.056356 -0.369813 -0.312865 -0.026232 -0.534554 1.563025 -0.823166 -0.817134 0.189235 0.257118 0.110786 -0.736565 -0.360767
hsa3786 0.564283 0.490622 0.150589 -0.205079 -0.018238 -0.573945 -0.491811 0.687706 -0.572428 0.078420 -1.465015 0.921595 0.716182 -0.094468 0.397566 -0.067113
D00553 0.038959 -1.312179 -0.324198 -0.147178 0.200657 -0.682366 0.305463 -0.397236 -0.282752 -0.439470 -1.192312 0.790445 -0.736278 0.681209 -0.292647 -1.075148
hsa10008 0.035919 0.799365 0.441531 -0.222613 0.345681 -0.721954 -0.636621 0.013370 -0.709180 -0.238590 -0.990420 0.711998 0.595832 0.174021 0.612209 -0.276351
hsa2905 -0.290208 -0.879102 -0.094988 0.474816 -1.652896 -0.843136 -1.117397 -0.167199 0.766890 0.137681 -0.723728 0.396038 0.766433 -0.371484 -0.152980 -0.673085
D00521 -0.144816 0.221327 0.225455 0.313807 -0.912756 0.146310 -1.249491 -0.037635 -0.420815 -0.716925 -0.492753 -0.741680 1.068526 0.312882 0.457376 -0.872347
D02485 0.848829 0.013064 0.181695 0.487082 -0.526174 0.271368 -0.410606 -0.479635 -1.050677 -0.834702 -0.975965 -0.501471 1.402034 0.227433 0.076892 -0.676232
D01071 -0.578033 0.067299 0.975393 0.960728 -0.232539 -0.364023 0.115372 -0.295054 1.057018 -0.413859 -0.778935 -0.198032 -0.425697 0.585028 -1.215881 -0.876753
hsa11280 -0.908624 -1.022192 0.634333 0.468850 0.165146 0.330692 0.104127 -0.357332 -0.740697 -0.346240 -0.045136 0.623860 -0.353572 0.228706 0.077002 -1.392811
D01242 0.350020 -0.717233 1.694439 0.685261 -0.490078 -0.054209 -0.411169 0.130956 0.118187 -0.396452 -0.083815 0.709626 1.533516 -0.790828 0.251860 -0.635078
D02362 -0.844184 -1.172366 0.128812 1.190623 -0.877823 -0.024615 -0.264189 -0.795484 -0.651292 -0.747572 -0.790654 -0.137498 0.581930 -0.459020 0.095656 -0.330097
hsa169522 0.290920 1.161055 0.240351 -0.031713 0.175664 -0.148416 -0.749956 -0.185215 0.063558 0.021991 -0.972415 0.850132 0.576599 -0.106597 0.263285 -0.383511
D00771 -0.111742 -0.390488 -0.407890 0.971724 0.985538 -0.065472 -0.884864 -0.657920 -0.101136 0.520587 -1.118459 0.323932 0.499706 -0.663796 0.112419 -0.570374
D01448 0.432893 0.348733 0.487662 0.388325 -0.638487 -0.015229 0.639417 -1.089623 -0.147097 -1.227051 -0.944952 -0.304361 0.832462 -0.540916 0.216873 -0.501342
hsa93107 0.082834 1.071711 0.347193 -0.094559 -0.014341 -0.670763 -0.670645 0.288947 -0.131494 -0.256763 -0.658149 1.105928 0.598984 0.020400 0.386579 -0.610780
D03037 -0.039633 -0.212046 0.041933 -0.395493 -0.854483 -0.292581 0.024672 -0.778297 0.207357 -0.703253 -1.761376 -0.018511 1.264500 0.224139 0.629876 0.487903
D02360 -0.068137 -0.882086 0.946113 0.796458 -0.220538 -0.186029 -0.088935 -0.215599 -0.390295 0.123990 -1.678430 0.474686 0.677912 -1.283436 0.306930 0.738157
hsa1181 -0.130967 1.067064 2.781510 -0.670876 1.671098 -0.164136 -2.531219 -0.977082 -1.273970 -0.022653 -1.152982 0.532960 0.678848 -1.930847 0.687469 -0.640930
D00779 -0.413096 0.010471 0.512943 0.124423 -1.355354 -0.011289 0.357282 -1.088651 -0.176399 0.492653 -0.424953 0.985495 0.329785 0.121289 -0.813358 -1.128250
D00392 -0.771347 0.694981 0.652595 0.761921 -0.208306 -0.018867 -0.032481 -0.254799 0.582123 -0.448467 -1.073076 0.085996 -0.215763 1.658648 -1.038770 -0.712931
D00759 0.329459 0.250916 0.280617 0.746626 -1.145501 0.051629 0.784084 -0.197276 -0.426837 0.096748 -1.013779 -0.359360 0.118413 -0.552471 -1.206550 -1.710200
D01603 0.352979 -0.990237 0.950615 0.712658 -0.187061 0.039366 -1.011340 -0.155309 -1.295198 0.305728 -0.528281 0.015122 -0.476090 -0.759014 0.508366 -0.604302
D01854 0.298684 -0.727758 0.054999 0.898963 -0.621586 -0.383258 -0.731163 0.625585 -0.408436 -1.140029 -0.253820 1.663478 0.079835 -0.081306 -0.687159 -0.436323
hsa2901 -0.926436 0.078478 -0.091369 -0.210298 -0.498244 -0.078597 -0.819848 -1.045728 1.349325 0.143577 -1.175770 0.459455 -0.292092 -0.728785 1.085606 -1.425894
hsa3773 -0.001438 1.112680 -0.750068 0.671040 0.273619 -0.656853 -0.483838 0.249799 -0.061185 -0.628054 -1.437113 0.807596 0.559180 -0.186502 0.413890 -0.685677
D00709 -0.810023 0.086966 0.241640 0.012732 -0.260298 0.550996 0.584606 0.014028 0.535692 -0.460270 -1.015532 0.674707 0.237280 1.206807 -0.104797 -0.755929
D00495 -0.563824 0.252948 0.588299 0.850115 -0.246796 0.259855 -0.269900 -0.055961 0.485266 -0.554402 -1.103781 -0.195986 -0.053590 1.566658 -1.296793 -0.442759
D00963 -0.866298 -0.406204 1.310454 1.184740 -0.800375 0.274122 0.450490 0.054942 0.508461 0.103240 -0.577859 0.130476 -0.570110 0.110415 -1.228491 -1.042868
hsa57657 0.221138 0.895121 0.113083 0.039971 -0.145615 -0.381804 -0.881393 0.192901 -0.460660 -0.105223 -0.403116 0.663960 0.553157 -0.144658 0.457291 -1.071434
D00761 0.490504 0.514128 0.313483 0.700393 -1.033015 -0.051200 0.425204 0.036876 -0.477045 0.059481 -1.134872 -0.543578 0.250413 -0.530446 -1.369762 -1.048744
hsa3755 -0.217435 1.505714 0.829196 0.088391 -0.048030 -0.474918 -0.529420 0.094052 -0.045198 -0.551145 -0.531024 1.102181 0.512968 0.207067 0.239975 -0.400688
D02234 0.707991 0.597890 1.029611 0.529440 -0.734935 0.239163 -0.364259 -0.123130 0.119426 -0.781260 -0.497787 -0.620842 0.789051 -0.294759 0.282977 -0.841250
D02237 -0.938020 -0.227432 1.206662 0.280223 -1.397824 0.051017 -0.690034 -1.292781 -1.304809 -0.326127 -0.640471 0.503422 -0.451761 -0.795698 0.154468 0.103181
D01828 0.383783 -0.152176 0.243011 -0.320086 0.447900 -0.314818 -1.107287 -0.695856 -0.142192 -1.305322 -0.990999 0.454318 -0.458275 -0.123939 -0.559068 0.440148
hsa23630 0.003337 0.909060 0.454141 0.214735 0.862801 -0.227111 -0.676418 -0.127544 -0.281702 -0.395818 -0.968283 0.635050 0.926868 0.143477 0.440652 -0.368861
hsa23704 0.062567 0.702044 0.281491 -0.205102 0.523320 -0.329309 -0.468210 -0.069280 -0.761894 0.000548 -1.349866 0.625783 0.552919 -0.005114 0.617158 -0.144305
hsa50801 0.394979 0.682026 0.713773 -0.126767 1.034160 -0.040252 -0.513905 0.099486 -1.092144 -0.367812 -0.474507 0.622053 0.091926 -0.291371 0.120910 -1.117909
D00418 -0.803908 -0.016701 -0.425056 0.284617 -0.438725 0.526444 0.743237 -0.100122 0.006045 0.618535 -1.252446 0.897118 -0.104268 -0.004640 -0.064078 -1.131543
D06106 -0.475280 0.023008 1.446297 1.122931 -0.238494 -0.303982 0.035975 -0.460085 0.806106 0.002325 -0.945279 -0.106134 -0.820467 0.185139 -1.964127 -0.917658
hsa10060 0.308792 0.504879 0.405243 -0.456399 0.438275 -0.034287 -1.571418 0.369567 -0.288573 -0.891429 -0.834990 0.740071 0.319115 -0.106850 -0.273007 0.057490
D00593 -0.707218 0.601917 -0.025159 0.564198 -1.605097 0.025467 -1.608712 -0.485776 -1.106778 -1.255180 -1.174238 1.437262 -0.628088 -0.631057 0.208368 -0.123980
D01108 -0.582303 -0.061997 0.583124 0.530175 0.493620 -0.229915 -0.650965 0.368339 -0.975850 0.752676 -1.181279 -0.555937 0.078037 0.537703 -0.013624 -0.543201
D02347 -0.766545 -0.177404 0.938984 -0.589466 -0.403695 -0.251167 0.550852 -0.238181 0.643826 -1.203524 -1.452967 -0.217698 0.017955 0.379937 0.072659 0.494153
hsa22953 -0.401829 0.636667 1.053523 -1.152043 0.101247 1.498202 -1.435429 -0.072956 -0.344068 -1.269588 -2.550596 -0.769538 -0.328838 0.732940 -0.570909 -0.192500
hsa41 -0.134585 0.021829 1.468396 0.089571 0.194406 0.667057 -1.115805 -0.075561 0.886759 -0.144310 -0.328578 1.030000 -0.303169 0.555628 0.482699 -1.080511
hsa1144 0.507531 -0.170353 0.965855 0.295834 -0.330003 0.779883 0.812713 -0.367222 0.386326 0.574670 -1.682769 0.548802 -0.430660 -0.671766 -0.897335 -0.772210
D00607 -0.937861 -0.436618 0.786771 -0.118128 -0.850936 0.120221 -0.729737 -1.430707 -0.778076 0.195769 -0.709224 0.160911 -0.389290 -1.152255 -0.008745 -0.084262
hsa5027 -0.712245 0.857152 0.900768 -1.011747 0.054245 1.065586 -1.102807 0.282841 -0.566126 -1.086360 -2.797834 -0.787119 -0.208637 0.628261 -0.961228 0.033599
hsa56660 0.236264 1.111462 0.330828 0.430485 0.991606 -0.683694 -0.467737 0.925554 -0.747853 -0.707132 -1.021731 -0.126947 -0.503466 0.557331 -0.234555 -1.273026
D00964 -0.481689 -0.253035 1.610308 0.460241 -0.899036 0.068257 0.348170 0.485530 0.617908 0.632185 -0.856537 -0.698717 -0.154243 0.071352 -0.197547 -0.825749
D00960 0.223606 -0.504598 1.925785 0.077879 -0.579035 -0.073675 0.692583 0.250546 0.743982 0.345244 -0.897430 -0.134566 -0.494543 0.045032 -0.222898 -0.993829
hsa1140 0.440827 -0.005739 1.209981 0.456376 -0.517311 0.803165 0.704561 -0.010531 0.097552 0.487820 -1.642910 0.538959 -0.693395 -0.630539 -0.774486 -0.633635
D01275 -0.657950 0.063116 0.534305 -0.288779 -0.263082 1.165245 0.334194 0.226607 -0.803143 -1.103236 -0.763773 0.033942 -0.082069 -0.786350 0.135208 -0.551703
D00704 -0.344549 -0.282832 0.405545 0.632602 0.934160 -0.017012 -0.312423 -0.139074 1.286267 -0.566366 -1.124836 -0.742611 -0.009158 -0.200967 -1.234367 -0.689121
hsa2895 -1.240055 0.243793 -0.087803 -0.238254 0.205055 -1.124915 -0.625265 -0.886777 0.766194 0.398070 -0.818673 -0.332270 -0.328322 -0.827178 0.577402 -1.899480
hsa40 -0.219200 -0.331862 1.307302 0.257959 0.393759 0.263518 -1.115717 0.059742 1.067297 -0.153217 -0.531844 1.148017 -0.531403 0.517917 0.707100 -0.968982
D03450 -0.431649 0.086509 1.341534 0.281119 -1.316413 0.165327 0.131239 -1.726247 -0.380955 -0.481934 -0.514636 0.448110 -0.090003 -1.324780 0.273566 -0.716462
D00831 0.049714 -0.437108 0.279351 0.292593 0.174899 0.886264 0.344492 -0.657943 0.203878 -0.895978 -0.838128 -0.202091 1.756620 0.367792 -0.043331 -1.069672
D00765 -0.712115 -0.012769 1.459034 0.841382 -0.850572 0.333466 0.738574 -0.633857 -0.575799 -0.316647 -0.093776 0.302038 -0.657631 -0.381475 -1.135152 -1.618253
D00760 0.266098 0.794864 0.152710 0.803854 -1.084677 -0.239462 0.378915 0.363043 -0.331780 0.086955 -1.244047 -0.781885 0.411974 -0.643033 -1.386538 -1.299554
D01575 0.799011 -1.124552 1.031210 0.691171 -0.846916 -0.234675 0.049484 0.509437 -0.390080 0.120406 -0.901724 0.030273 1.498322 -0.135157 0.034059 -0.583709
hsa57192 -0.290570 0.426195 1.462299 -0.141603 -0.071229 0.753403 -1.563605 -0.381477 0.394440 0.087346 -0.338847 0.818342 -0.134760 0.848724 0.343968 -0.753403
hsa8514 0.287486 1.035296 0.966674 0.101181 1.539895 0.474600 -0.638668 0.257972 -1.176965 -0.996317 -1.800802 0.504727 1.236917 -0.110753 0.539247 -0.160573
D04790 -0.044850 0.293135 0.211873 -0.394114 -1.066085 0.289344 0.836420 -1.604973 0.671863 0.048008 -1.810945 -0.021364 0.731113 -0.302414 0.946476 -0.609532
hsa7225 -0.159912 0.628797 1.428941 -0.199922 0.512201 0.202641 -1.402667 -0.461770 0.920514 -0.204906 -0.013491 0.806373 0.063935 0.950027 0.035021 -1.444380
