D02356 -0.005362 0.812241 -0.104874 0.156500 0.541914 -0.055743 -0.551994 -0.251623 0.326531 0.359211 -0.200645 0.078883 -0.096841 -0.128155 0.121267 -0.988121
D00294 0.383454 0.905724 -0.514734 0.455608 0.805669 -0.402584 -0.533426 -0.366154 0.309587 0.558324 -0.388526 -0.197716 0.068565 -0.584031 -0.091835 -0.711249
D00512 -0.132118 0.284283 0.410482 -0.285631 0.218756 0.227311 -0.475332 -0.443834 0.206192 -0.230883 -0.754257 0.458320 -0.093940 0.235774 0.191797 -1.142144
D00332 -0.272142 0.333675 0.249316 -0.106285 0.037786 0.484678 -0.555257 -0.461847 0.061341 -0.083129 -0.733033 0.448283 -0.202024 0.439254 0.180180 -1.036030
D00542 0.294613 0.382882 0.201086 0.282820 -0.006666 0.074357 -0.299757 -0.100786 0.451995 -0.681414 -0.921974 -0.128827 0.196842 0.154512 0.175222 -1.204651
hsa2554 0.366777 0.043289 0.267786 0.585551 -0.848822 -0.410025 0.288686 -1.056941 0.720458 -0.763238 -0.358848 -0.088879 -0.128371 -0.413788 -0.096067 -0.642017
D00560 -0.074409 0.170051 0.508871 -0.040255 -0.093240 0.365552 -0.599204 -0.380641 0.220428 -0.246523 -0.619983 -0.423216 0.199336 -0.096204 0.601512 -1.311909
hsa6331 0.079722 0.148268 0.005488 -0.451658 0.061477 0.160467 0.339989 -1.099617 0.062948 0.737834 -0.173562 0.364625 -0.409221 0.498718 -0.170243 -0.612416
hsa6328 0.383399 0.262119 0.011594 -0.346167 0.117735 0.228195 0.017975 -0.793890 0.105461 0.691023 -0.462705 0.254984 -0.520208 0.756634 -0.023991 -0.580644
D00618 -0.121661 0.304429 0.485955 -0.071467 0.038219 0.518840 -0.573491 -0.303664 0.306441 -0.257089 -0.905042 -0.149754 0.277389 0.252035 0.272139 -1.532800
hsa6329 0.435510 0.147758 -0.140744 -0.284244 0.062896 0.201638 0.066802 -0.960251 0.116850 0.687011 -0.389486 0.329848 -0.431346 0.576449 -0.037809 -0.421835
D00437 -0.152087 0.381281 0.505883 -0.091346 0.188891 0.548680 -0.623792 -0.296557 0.285086 -0.139960 -0.864831 -0.275729 0.186927 0.230937 0.203209 -1.305196
D01295 -0.071978 0.288997 0.597850 -0.268187 0.005470 0.328079 -0.726483 -0.309963 0.262868 -0.201818 -0.589951 -0.414852 0.121971 0.050379 0.407984 -1.472444
D00775 0.289312 0.186895 -0.725362 -0.204701 -0.081788 -0.351419 -0.349110 -0.598054 0.404306 0.228909 -1.131595 0.982973 -0.361817 -0.109162 0.145916 -0.390187
D00629 -0.313537 0.459702 0.315234 0.032752 0.090816 0.588094 -0.607443 -0.304519 0.399586 -0.219784 -0.802042 -0.114881 0.288324 0.179372 0.289708 -1.399105
hsa6326 0.354771 0.161174 -0.239632 -0.338030 0.086592 0.022407 0.330236 -1.185381 0.165357 0.965442 -0.322705 -0.121155 -0.503650 0.771536 -0.149295 -0.566809
hsa6323 0.232383 0.275538 -0.022042 -0.445137 0.009704 0.014143 0.321411 -1.065860 -0.144513 1.094972 -0.468551 -0.058572 -0.275298 0.627574 -0.206783 -0.500162
hsa6335 0.381751 0.256950 -0.083456 -0.418322 0.126312 0.056324 0.330566 -1.165086 0.057674 0.984369 -0.239427 -0.006110 -0.325206 0.649615 -0.130708 -0.471774
D00499 0.188637 0.451191 0.115606 0.495685 -1.429163 0.029539 0.812425 -0.628148 0.354671 -0.465717 -0.099043 -0.200470 -0.764378 -0.605196 -0.531105 -0.905811
D00293 0.140818 -0.178864 0.380777 0.617209 -0.554163 0.196193 0.474849 -1.348778 0.650846 -1.019986 -0.364534 0.071480 -0.400870 -0.586403 -0.805373 -0.609498
hsa6336 0.210925 0.132596 -0.045571 -0.353720 0.020129 0.350428 0.023620 -0.716285 -0.201228 0.675283 -0.478713 0.564017 -0.623642 0.516267 -0.009582 -0.656332
hsa6334 0.486911 0.231666 -0.167565 -0.294718 0.041023 0.105287 0.419439 -1.253310 -0.007407 1.008373 -0.136855 -0.047457 -0.411399 0.683491 -0.154911 -0.527922
hsa1135 0.098470 0.346646 0.244384 0.400336 -1.371003 0.061014 0.769928 -0.230911 0.104364 1.077483 -0.200167 -0.053502 -0.685570 -0.701649 -0.407674 -0.849446
hsa2559 0.601913 -0.132227 0.079925 0.307439 -0.919764 -0.547927 0.228063 -0.872766 0.418994 -0.563157 -0.275315 -0.304440 -0.312565 -0.635972 -0.621417 -0.736671
hsa775 -0.131307 -0.182949 0.296377 0.445527 0.078315 0.221277 -0.669109 0.136804 0.239291 0.074000 -0.727591 -0.261621 0.130363 0.172345 -0.330413 -1.582528
D02207 0.684432 0.305372 0.407861 0.456141 -0.860321 -0.546806 0.693173 -0.277387 0.247720 0.288783 -0.194881 -0.414422 -0.300237 -0.922158 -0.060172 -0.710527
hsa779 -0.429991 -0.011125 0.196613 0.168492 0.035774 0.343095 -0.509456 0.019515 0.364470 0.131797 -0.774638 -0.219173 0.225339 -0.004107 -0.295444 -1.442153
D00545 0.490381 -0.143125 -0.323045 0.334599 -0.412016 -0.314138 0.347125 -0.586544 0.732085 -0.817434 -0.672668 -0.323433 -0.495846 -0.521324 -0.740548 -0.828326
D02272 0.621189 0.684808 -0.070407 0.138674 0.133176 -0.180278 0.330210 -0.316303 -0.107291 1.138971 -0.153058 -0.408954 -0.130085 0.614387 -0.412376 -0.946426
hsa2555 0.765724 -0.226703 0.038167 0.451419 -1.004772 -0.261160 0.307115 -0.929602 0.607082 -0.541765 -0.293899 -0.384937 -0.328837 -0.724641 -0.602087 -0.605345
D00547 0.497152 -0.105894 -0.283628 0.553634 -0.371174 -0.072020 0.457680 -0.703234 0.898515 -0.768097 -0.677215 -0.240513 -0.488691 -0.581598 -0.816874 -0.677932
D00538 0.446759 0.521323 0.085088 -0.364914 -0.339807 0.042556 -0.672013 -0.416042 0.251803 0.073080 -0.543793 1.006908 -0.299512 0.496228 0.003551 -0.753544
hsa778 -0.358270 -0.052917 0.171624 0.065991 0.229851 0.487293 -0.451850 -0.168698 0.396833 -0.136805 -0.674739 -0.251606 0.293420 0.149020 -0.265126 -1.737512
hsa2558 0.595755 -0.200752 0.042361 0.383248 -0.952315 -0.517434 0.174911 -1.009481 0.498445 -0.558142 -0.279322 -0.352677 -0.168932 -0.736278 -0.578442 -0.631358
D00642 0.600002 0.601005 -0.209721 0.149139 0.389994 -0.072827 0.162892 -0.441446 -0.105816 1.141705 -0.509062 -0.412566 -0.128921 0.726644 -0.342800 -0.802919
D00329 0.538752 -0.292050 0.209268 0.386019 -0.510926 -0.303665 0.312586 -0.813027 0.688262 -0.610391 0.091139 -0.130579 -0.410079 -0.653747 -1.033531 -1.113866
D00548 0.610134 0.117450 0.051189 -0.029819 -0.755499 -0.244584 0.015399 -0.844680 0.525906 -0.952556 -0.276470 -0.081576 -0.768171 -0.647643 -0.922191 -0.589885
hsa6261 -0.486022 0.564280 0.589265 -0.607707 0.349134 0.647319 -0.557408 -0.753628 0.193579 -0.297251 -0.607576 -0.378047 -0.588705 -0.100046 0.216767 -0.773296
hsa8973 0.361497 0.659675 0.116237 0.157649 -1.080199 0.192730 0.995298 -0.300496 -0.123999 0.598996 -0.225817 -0.193135 -0.663832 -1.048296 0.085894 -0.740696
hsa57053 0.378376 0.702944 0.192291 0.462749 -1.045175 0.419449 1.140666 -0.351515 -0.199362 0.706099 -0.549350 -0.274714 -0.681175 -0.845640 -0.200656 -0.602581
hsa55584 0.262724 0.777929 0.181558 0.240652 -1.060825 0.061884 0.948724 -0.302208 -0.039932 0.850461 -0.488637 -0.169458 -0.695410 -0.917847 -0.153737 -0.568644
hsa2557 0.625374 -0.079956 -0.231393 0.438823 -0.996048 -0.566681 0.303681 -0.934326 0.550561 -0.496890 -0.130152 -0.230533 -0.444601 -0.513833 -0.794444 -0.755466
D00711 0.047590 -0.953045 -0.278086 0.355991 -1.094170 -0.348079 -0.271518 -1.370022 0.254425 0.152384 -0.320489 -0.327382 -0.386837 -0.874409 -0.194870 -0.509685
D00549 0.764002 -0.143570 -0.153358 0.272355 -0.657690 -0.026282 0.852651 -1.192643 0.307956 -0.899959 -0.444897 -0.138102 -0.320210 -0.143764 -0.883319 -0.916712
hsa8645 0.289276 0.393576 -0.301474 -0.199944 0.539634 0.042731 0.288567 -0.823741 -0.273325 1.076558 -0.188988 -0.153956 -0.431789 0.336653 0.087811 -0.852405
hsa1136 0.024299 0.845929 0.006526 0.214957 -0.990169 0.240322 1.126043 -0.387739 -0.145229 0.489744 -0.339665 -0.088202 -0.785414 -0.831801 -0.299888 -0.747776
D00550 0.339628 -0.123578 0.213684 0.333174 -0.791241 -0.279371 0.258969 -1.065162 0.336938 -0.846718 -0.343699 -0.144352 -0.279138 -0.747898 -1.106697 -0.878379
D00225 0.112950 -0.056939 -0.006374 0.340980 -0.729950 -0.344772 0.533921 -1.172458 0.652053 -0.875450 -0.263688 -0.184687 -0.403817 -0.743559 -0.916830 -0.894677
D00303 0.576366 0.037431 0.084768 -0.315419 -0.025658 -0.042098 -0.376867 -0.512434 -0.102017 0.172101 -0.396525 1.158645 -0.747336 0.279715 -0.189345 -0.775280
hsa776 -0.402677 0.137333 -0.076664 0.178996 0.070067 0.446421 -0.454679 -0.267621 0.157689 -0.147371 -0.822476 -0.137172 0.246970 0.239188 -0.075907 -1.480408
D00740 0.270329 0.175338 0.133220 -0.671977 0.106102 0.607310 0.233005 -0.666896 -0.043710 0.486911 -0.437738 -0.157789 -0.985420 0.543195 -0.082979 -0.614298
hsa8913 -0.129380 0.437907 0.503887 -0.166643 -0.718085 0.170437 -0.661393 -0.373079 0.482331 0.044905 -0.369855 0.155466 -0.056650 0.636221 0.359166 -1.129208
hsa6263 -0.290877 0.628799 0.641520 -0.327084 0.299314 0.642165 -0.716896 -0.375929 -0.111628 -0.061717 -0.983327 -0.498788 -0.487446 -0.010089 0.306979 -0.823039
hsa3736 0.205502 -0.010479 -0.475911 0.495663 0.426347 -0.236843 0.232451 -0.356474 1.077127 0.050853 -0.399492 -0.387438 -0.179941 -0.087594 -0.939518 -0.779501
hsa2556 0.956143 0.119380 0.150309 0.140007 -0.732542 -0.631546 0.326752 -0.900258 0.648859 -0.618833 -0.241977 -0.459711 -0.312773 -0.819005 -0.667026 -0.592335
D00252 0.433452 -0.076290 0.015659 -0.617882 0.062848 0.169002 -0.559202 -0.671775 -0.083691 0.415780 -0.157899 1.159904 -0.359164 0.044348 -0.162508 -0.921841
D03991 0.600351 -0.132609 -0.100181 0.284426 0.126478 0.424425 -0.165643 -1.335151 -0.111744 0.861163 0.029332 -0.297170 -0.372919 0.249592 0.308656 -0.224474
hsa1137 0.308768 0.543056 0.243204 0.273914 -1.049712 0.167316 1.045500 -0.182533 -0.056049 0.886305 -0.458702 -0.283694 -0.607826 -0.890793 -0.033213 -0.788517
hsa3782 0.832258 -0.129802 0.773006 0.167828 0.788538 -0.119557 -0.281032 -0.897273 -0.091339 0.706337 -0.080664 0.011170 -0.184409 -1.228180 0.121933 -0.463996
hsa773 -0.433026 0.332010 0.454213 0.137279 0.026614 0.384365 -0.729384 -0.153997 0.423773 0.046799 -0.891914 -0.049864 0.252871 0.332613 -0.055507 -1.442600
hsa6262 -0.057520 0.646484 0.494948 -0.413698 0.337884 0.830643 -0.468540 -0.424473 0.090097 -0.151349 -0.703115 -0.693083 -0.569838 0.033230 0.242617 -0.688918
D00552 0.147297 0.155113 -0.030433 -0.302005 -0.122339 0.185438 -0.382895 -0.714840 0.108362 0.040715 -0.481498 1.025465 -0.869002 0.402798 -0.178321 -0.572213
D00649 0.457824 0.285370 -0.324768 -0.428282 -0.731757 0.380963 -0.897600 -0.374790 0.103514 0.120250 0.050522 0.654914 -0.458416 0.376272 0.573387 -1.389873
D00528 -0.176268 1.108303 0.403722 -1.278773 0.089702 0.882547 -0.742720 -0.907315 0.178126 -0.334852 -1.112516 -1.197669 -0.582272 -0.496645 -0.369690 -0.607810
D00726 0.776639 0.573992 0.232768 -0.044489 -0.915108 0.999169 0.752452 -0.278806 -0.009509 0.706207 -0.142513 0.319621 -0.792859 -0.288927 -0.131373 -0.543256
hsa8911 -0.148025 0.726843 0.577895 0.291753 -0.383445 0.160654 -0.672757 -0.177543 0.576463 -0.165285 -0.470600 0.227228 -0.102122 0.476499 0.243163 -1.068130
D00638 0.310226 -0.012386 -0.093523 -0.244673 0.472293 -0.022631 0.134707 -0.815360 0.896895 1.068678 -0.141521 -0.183397 -0.162985 0.424752 -0.684161 -0.531141
D00738 0.354886 0.059154 -0.457516 -0.015985 -0.150204 0.433865 0.635516 -0.976507 -0.179653 0.870026 -0.186728 0.084295 -0.482040 0.440525 0.028639 -0.635808
D00349 -0.407508 0.208201 0.262185 0.100846 -0.170501 0.131682 -0.631466 -0.200231 0.205844 -0.136114 -0.625402 -0.148856 0.295228 0.291000 0.067844 -1.764350
D00530 0.724986 0.109974 0.250128 -0.315158 -0.534461 -0.050591 0.108099 -0.772164 0.366098 -1.024712 0.012132 -0.031535 -0.694120 -0.816444 -0.820014 -0.865548
hsa2562 0.397972 0.002548 -0.093437 0.264245 -0.669604 -0.095178 0.547719 -0.874572 0.538541 -1.015257 -0.153172 -0.073397 -0.617532 -0.808724 -1.046429 -1.111255
hsa3359 1.338730 0.371084 0.480252 0.387600 -0.413125 1.515256 0.219488 -0.854349 -0.160794 0.521680 -0.568119 0.304558 0.079309 -0.555846 -0.652467 0.025388
D01450 -0.000856 0.235560 -0.364336 0.106379 0.126266 0.230964 0.592633 -0.939699 0.163066 1.108928 -0.177167 0.211329 -0.281295 0.462086 0.099886 -0.727327
D01287 0.109663 0.281012 -0.128041 -0.057338 -0.010775 0.052989 0.545181 -1.010771 0.009360 1.042489 -0.112047 0.232552 -0.530524 0.649255 0.057454 -0.734675
D05156 0.115335 0.857367 0.008912 0.566643 -0.734261 0.038716 0.878758 -0.134669 0.244452 0.869511 -0.708533 -0.272309 -1.015877 -1.066116 0.069919 -0.374487
hsa1134 0.166021 0.808983 0.112898 0.235587 -1.134423 0.022967 0.965209 -0.342989 -0.091276 0.795658 -0.494138 -0.494274 -0.607969 -0.967411 -0.131021 -0.660255
hsa3741 0.216597 0.240954 -0.081057 0.272166 0.563826 -0.080608 0.141058 -0.619755 0.649793 0.850497 -0.162010 -0.274431 0.230360 0.352687 -1.060593 -0.719653
hsa3758 -0.184603 1.282270 -0.286616 1.139106 0.345163 0.409351 -0.927140 -1.104858 -0.341929 0.433444 -0.102330 -0.035048 -0.593483 0.119503 -0.188261 -0.227840
D05453 -0.177096 0.614622 -0.026965 0.151895 -0.805339 -0.055392 0.499445 -0.341328 -0.398784 0.925945 -0.133800 -0.432385 -0.875133 -1.069668 -0.230386 -0.666240
hsa3781 0.657684 0.102407 0.791428 0.478041 0.477447 -0.494822 -0.038351 -0.576242 0.132547 0.510474 -0.209120 -0.370430 0.092221 -1.244687 0.424463 -0.654555
hsa1138 0.420131 0.701685 -0.032688 0.277201 -1.119425 0.281974 0.934073 -0.210377 0.046982 0.943681 -0.533275 -0.615865 -0.608993 -0.995272 -0.282509 -0.579016
D01243 0.667415 0.221061 -0.113416 -0.429296 0.141072 0.269520 0.713666 -1.322399 -0.148112 0.526460 -0.452350 0.231648 -0.206949 0.654111 -0.201488 -0.482394
hsa2569 0.400634 0.019662 0.115359 0.333851 -0.603423 -0.136421 0.657465 -0.939842 0.549419 -0.915363 -0.322474 -0.208565 -0.752751 -0.642832 -1.172599 -0.887079
D00735 0.142994 0.291353 -0.047943 -0.227211 -0.223214 0.023543 0.194092 -1.025445 -0.082386 1.113706 -0.135737 -0.131589 -0.665179 0.545539 0.162803 -0.475231
hsa3757 0.621802 0.070179 0.179139 0.445409 0.014820 -0.487376 -1.508136 -0.511740 0.148243 0.901887 -0.439435 -1.079456 -0.266934 -0.201069 0.493379 -0.746239
hsa774 -0.205851 0.410165 0.579145 -0.016817 0.216552 0.454417 -0.699454 -0.345993 0.228073 -0.188339 -0.728541 -0.146305 0.129340 0.285528 0.138440 -1.343981
D02086 0.369671 0.327551 -0.347392 -0.425887 0.037359 0.266456 0.568321 -1.337867 -0.024117 0.763921 -0.266943 0.237657 -0.360883 0.635257 -0.134645 -0.512529
hsa783 -0.346317 0.456983 0.275193 -0.004569 0.060295 0.320021 -0.359030 -0.353300 0.237430 -0.354813 -0.853792 0.048511 0.386764 -0.082569 0.413695 -1.448938
hsa8912 0.071735 0.397043 0.299449 -0.215346 -0.381560 0.440407 -0.721698 -0.350662 0.263215 0.018401 -0.537223 0.123556 0.241997 0.273393 0.577516 -1.124000
D03580 0.204826 0.791164 0.252723 0.205942 -0.893027 -0.008728 0.979930 -0.167891 -0.509713 0.880243 -0.576314 -0.462742 -0.445524 -0.698300 -0.323259 -0.722755
D00640 0.683639 -0.390155 -0.151803 -0.533942 0.365071 0.271968 0.033282 -0.925188 -0.158967 1.098157 -0.116081 0.123601 -0.262632 0.074313 -0.579183 -0.653472
hsa6530 0.030778 -0.095303 1.017368 0.252729 -0.446299 0.117298 -0.458248 -1.213881 -1.344633 0.824739 -0.899395 0.587371 -0.231836 -0.918648 -0.789409 -0.269073
hsa3743 0.330200 0.478711 -0.094344 0.396577 0.585850 -0.013507 0.054305 -0.160836 0.973792 0.998707 -0.169587 -0.167933 -0.308907 0.286939 -0.368512 -0.842719
D00732 0.498516 0.411156 -0.039743 -0.571921 0.046446 0.373451 0.405657 -0.661591 -0.012420 0.784843 -0.388647 0.097436 -0.808981 0.570881 0.060640 -0.647475
hsa3763 0.113317 -0.090257 -0.102587 1.289024 0.535697 0.080348 -0.038991 -1.148423 0.340206 0.882661 0.171677 0.297544 0.081995 -0.414037 0.466583 -0.608755
D00611 0.269024 0.591877 -0.192858 0.024418 -1.009399 0.043659 1.326757 -0.492160 -0.112605 0.902657 -0.527885 -0.223639 -0.630222 -0.475379 -0.106896 -0.701952
hsa1139 0.600499 0.565957 0.163350 0.118211 -1.157240 0.252512 1.137159 -0.307225 0.141347 0.933966 -0.572154 -0.313635 -0.558166 -0.939750 -0.097396 -0.612634
D02087 0.460774 0.417140 0.710167 0.119555 0.510300 -0.162918 0.130367 -1.470558 0.299492 1.061541 -0.245882 -0.017109 -0.366949 0.282566 -0.094136 0.104263
hsa2741 0.658259 -0.449791 -0.103250 0.603477 -0.461113 0.898167 0.292732 -0.538728 0.809781 -0.746067 -1.158058 0.102668 -0.327415 -0.184921 -0.691618 -0.498958
hsa2561 0.376489 0.023508 0.069602 0.188831 -0.631540 -0.020856 0.609877 -1.064938 0.406174 -0.921023 -0.178828 -0.163773 -0.543106 -0.748679 -0.935389 -0.904721
D03878 -0.013167 -1.150620 -0.537651 0.535167 -0.330534 0.249823 -0.439970 -1.497516 0.327304 0.821374 -0.246414 0.149552 -0.054914 -1.222404 0.239478 -0.564425
D00195 0.300540 0.516726 0.238211 0.366732 -1.364606 0.343181 0.933898 -0.212440 0.009968 1.118544 -0.713129 -0.606751 -0.484309 -0.861244 -0.281342 -0.716826
D03830 -0.022981 -0.642323 -0.254231 0.294664 0.341553 -0.065372 -0.406048 -0.390152 0.693604 0.433333 -0.302987 -0.824287 0.208662 0.055556 -0.795624 -1.351895
D00136 -0.090651 -0.744339 -0.195725 -0.068955 -0.910618 0.104305 -0.989460 -1.570480 0.234284 0.669779 -0.263226 -0.790123 0.029147 -0.321649 0.629053 -0.459638
D00741 0.324912 0.248993 0.055474 -0.609485 0.007872 -0.062457 0.397481 -0.847146 -0.077035 1.006122 -0.378248 0.066765 -0.812642 0.585862 -0.030960 -0.660284
hsa51802 0.296090 0.140314 -0.283806 -0.357846 -0.218823 0.021174 -0.721114 -0.395732 0.057895 0.180928 -0.462382 1.035051 -0.503501 0.223975 0.165498 -0.930123
hsa9311 0.240059 0.070547 -0.159734 -0.198001 -0.169739 0.021286 -0.717048 -0.441038 0.112134 0.149803 -0.326150 1.070811 -0.558466 0.094395 0.228309 -0.959184
D04048 -0.085262 0.282753 -0.333012 -0.170451 0.049629 0.242366 0.550600 -1.203870 -0.127579 1.051659 -0.184615 0.220196 -0.461140 0.656622 -0.003092 -0.736679
hsa1141 -0.134892 0.819187 0.413043 -0.243351 -1.449239 0.574345 0.712561 -0.514934 0.091480 -0.059993 -0.042865 0.528283 -0.728757 -0.872342 0.163827 -0.863241
D02204 0.020953 0.533950 0.151689 -0.032516 -0.820896 0.223774 1.017312 -0.024104 0.465458 0.997347 -0.613317 -0.188768 -0.405280 -1.099941 -0.132880 -0.777641
hsa2566 0.415552 0.024417 -0.125740 0.412479 -0.642654 -0.360121 0.679081 -0.949593 0.454312 -0.764960 -0.276474 -0.139277 -0.428792 -0.753302 -1.046647 -0.939134
D02101 0.438143 0.756474 0.263138 0.501582 -1.234010 0.155660 0.944286 -0.210404 -0.079076 0.861855 -0.458579 -0.293011 -0.610781 -0.992533 -0.303589 -0.690251
hsa2890 0.357364 0.093558 -0.827783 0.345465 0.209212 -0.577046 0.114084 -0.416496 0.686746 -0.711574 -1.208646 0.236024 -0.514433 -0.355887 -0.127978 -0.732858
D02041 1.002436 -0.366683 0.248961 0.712450 -0.567365 1.339655 0.357298 -0.576739 -0.140898 -0.175147 -1.231373 0.198696 -0.373359 -0.443888 -0.945805 -0.239030
D00477 0.509057 0.378127 0.048929 -0.390165 -0.037653 0.423693 0.584357 -0.912654 0.019496 1.162135 -0.337883 0.192592 -0.584549 0.484580 -0.030107 -0.377566
hsa2563 0.362666 0.174719 0.040842 0.454434 -0.690313 0.017448 0.490459 -0.961286 0.563057 -1.016609 -0.431445 -0.052089 -0.588278 -0.849727 -1.138435 -0.852115
D02088 0.481108 0.184238 -0.240553 -0.272023 -0.020045 0.128801 0.557979 -1.413522 -0.195003 0.522965 -0.187226 0.241346 -0.187251 0.824690 -0.306989 -0.684305
hsa3778 0.890421 1.084970 -0.251030 0.113066 -0.379386 -0.686154 -0.501451 -0.411877 0.155636 0.082818 -1.282027 0.392999 1.180014 -0.483631 -0.362540 -0.660801
hsa3783 0.417575 0.527689 0.540614 0.014611 0.519580 0.025287 -0.330643 -0.186792 -0.017913 0.001487 -0.842921 -0.789693 -0.943581 -0.669993 0.139429 -0.211001
D00616 -0.015249 -0.401593 -0.154514 0.246237 0.551884 0.117130 -0.160443 -0.211666 0.685418 0.198496 -0.065248 -0.285202 0.094539 -0.156188 -0.938912 -1.426754
hsa786 -0.062621 0.540196 0.071355 -0.149774 -0.157908 0.244700 -0.738893 -0.114975 -0.030803 -0.202632 -0.747837 -0.021395 0.616446 0.033700 -0.027740 -1.645513
hsa285242 1.457110 0.353519 -0.006664 0.220489 -0.519772 1.575539 0.115334 -0.582798 -0.247032 0.426490 -0.727416 0.388806 -0.232635 -0.560453 -0.523454 -0.183572
hsa3738 -0.032816 0.329473 -0.390411 0.452365 0.569836 0.242711 0.023252 -0.005909 0.506493 0.872687 -0.123929 -0.591058 -0.060907 -0.106656 -1.072517 -1.260972
hsa2564 0.285655 0.086985 -0.053098 0.264404 -0.560444 -0.186094 0.442826 -0.909948 0.678006 -0.928515 -0.309538 -0.014000 -0.617962 -0.826147 -0.961321 -0.835749
hsa55515 0.476283 0.232914 -0.169536 -0.445596 -0.101754 0.266752 -0.812651 -0.561581 0.083039 0.077830 -0.167298 1.033832 -0.423766 0.277039 0.229614 -1.096348
hsa2567 0.399729 0.035246 0.167527 0.290411 -0.578083 -0.395294 0.316655 -0.943955 0.460979 -0.914628 -0.400031 -0.000878 -0.573077 -0.699006 -1.072238 -0.831763
D00739 0.138677 -0.092614 -0.121709 -0.540786 -0.153075 -0.174363 -0.030705 -1.290709 0.173895 1.261793 -0.185614 -0.237668 -0.439478 0.438297 0.116292 -0.465527
hsa3737 0.059144 0.262219 -0.538859 0.363500 0.492420 0.064384 -0.203934 -0.371779 1.081129 0.703275 0.075920 -0.290601 0.001817 0.195778 -0.801910 -1.051268
hsa2560 0.181516 0.095475 -0.051057 0.214726 -0.874215 0.027113 0.556517 -1.061062 0.532317 -0.996775 -0.352033 -0.188424 -0.436732 -0.799963 -1.076415 -0.934772
D03826 0.256287 0.737264 0.266848 0.413535 -0.939432 -0.037899 1.130597 -0.067973 -0.093432 0.944989 -0.495755 -0.500369 -0.526338 -0.793258 -0.349130 -0.954057
D03365 -0.371485 0.655794 0.103524 0.576233 -0.949160 0.556494 0.877692 -0.759162 -0.506560 0.621352 -0.286603 0.342076 -0.868651 -0.917292 -0.003742 -0.552159
hsa9177 1.403298 0.534546 0.297117 0.309904 -0.716887 1.337223 0.101306 -0.617823 0.100459 0.529920 -0.643519 0.382349 -0.084826 -0.529427 -0.576920 0.131803
hsa785 -0.059078 0.402435 0.449132 -0.033133 0.226076 0.279326 -0.455665 -0.387668 0.311077 -0.341964 -0.709805 0.063449 0.280387 0.008738 0.451435 -1.302647
D00524 0.234367 0.649959 0.349743 -0.342247 -1.042529 0.305261 0.971113 -0.287524 0.017996 0.733488 -0.234612 0.068413 -0.927305 -0.444432 0.056926 -0.797062
hsa781 0.027642 0.280031 0.346460 0.309690 0.179884 0.009877 -0.787325 -0.389168 -0.108611 -0.228418 -0.631260 -0.214642 -0.035943 0.273018 0.387335 -1.318982
hsa6339 0.251276 0.332916 -0.237920 -0.330561 0.019220 0.269856 -0.717364 -0.489136 0.093422 0.166570 -0.454894 1.154339 -0.311678 0.184430 0.139511 -0.859463
hsa55799 -0.044791 0.290621 0.228786 -0.143134 0.159899 0.341785 -0.368365 -0.416949 0.119395 -0.183462 -0.700186 -0.098402 0.258794 0.055341 0.414069 -1.165473
D00799 0.806985 0.211830 1.287798 0.595027 0.274407 -0.095769 -0.123173 -1.301364 0.648345 1.106536 -0.000876 -0.163079 0.050199 -0.444541 0.344546 0.003776
hsa6337 0.223907 0.234139 -0.364899 -0.462780 -0.096609 0.131772 -0.586447 -0.486981 0.098139 0.076860 -0.469888 1.089579 -0.425636 0.214665 0.054327 -1.011886
D00639 0.651354 0.279433 0.009139 -0.385074 -0.069908 0.145723 0.566888 -1.263992 -0.150661 0.369530 -0.563957 0.231208 0.010946 0.744067 -0.337513 -0.420058
D02173 0.076737 0.532675 0.072129 0.219390 -1.258549 0.726352 0.887566 -0.278392 0.200261 0.925792 -0.714408 -0.620827 -0.442983 -0.797554 -0.230087 -0.481283
hsa777 -0.150198 0.463941 0.703678 0.112748 0.059987 0.382699 -0.716866 -0.117746 0.368221 0.140664 -0.726251 0.111787 0.151150 0.276456 0.110304 -1.154891
hsa5310 0.130239 0.313385 0.071475 -0.302539 -0.062150 0.584329 -0.615051 -0.198985 0.294458 -0.339946 -0.430226 0.009917 0.126777 0.112558 0.411233 -1.498494
D00331 1.081906 0.503323 -0.168310 -0.163081 -1.030423 -0.781118 -0.363486 -1.073841 0.793934 -0.531463 -0.059843 0.187994 0.185907 -0.587156 -0.704824 -0.318330
D00648 0.495719 0.076682 -0.052010 1.120832 0.087881 -0.315288 -1.133340 -0.281302 -0.487704 0.277708 -0.397581 -0.724020 -0.155896 0.419618 -0.101646 -1.313762
D00619 -0.134494 -0.010482 0.091676 0.615188 0.417400 0.297565 -0.212151 0.212330 0.890980 1.092348 -0.413870 -0.119240 -0.055376 -0.339376 -0.102472 -1.096220
hsa93589 -0.260825 0.321628 0.395009 -0.073256 0.170411 0.139726 -0.375333 -0.445452 0.119646 -0.262177 -0.745961 -0.064579 0.408606 0.025151 0.361667 -1.430850
hsa3767 0.636368 0.434624 -0.641595 1.647364 0.359427 0.510710 -1.160487 -1.364960 -0.667207 0.081524 0.202456 -0.386887 -0.037388 -0.135017 -0.144064 -0.972334
D00358 0.368584 0.250767 -0.323870 -0.553792 0.005178 0.106692 0.370770 -1.371067 0.027195 0.788561 -0.116529 0.286921 -0.326031 0.710307 -0.190110 -0.610144
hsa27092 -0.206519 0.605077 0.136721 0.024282 0.094733 0.516926 -0.494127 -0.347909 0.327992 -0.231353 -0.618733 -0.261420 0.361439 0.141433 0.421398 -1.335753
D00319 -0.564337 0.035676 0.210407 0.265360 -0.033024 0.527136 -0.727529 -0.003437 0.254655 -0.049123 -1.003085 -0.173991 0.239094 0.126204 -0.371398 -1.808139
hsa784 -0.003119 0.549696 0.390303 -0.165954 0.239991 0.499194 -0.465238 -0.339618 0.369921 -0.313433 -0.722218 -0.059061 0.060395 0.062162 0.484079 -1.203801
D00809 0.945120 -0.592773 0.377741 0.165197 0.550728 0.374723 -0.376878 -0.794308 -0.163483 0.806666 -0.302418 0.185827 0.088475 -1.618493 -0.161756 -0.627462
hsa3708 -0.066110 0.573594 0.308425 -0.108184 0.099301 0.454582 -0.438357 -0.298320 0.364266 -0.407103 -0.709224 -0.091672 0.242935 0.198213 0.279387 -1.315227
hsa55879 0.368730 0.120789 -0.139315 0.473086 -0.705014 0.024295 0.655561 -0.888430 0.407849 -0.991524 -0.103857 -0.149123 -0.416007 -0.638794 -0.967238 -1.124614
D01453 0.073272 0.687115 0.575177 -0.542091 0.543321 0.736477 -0.680350 -0.611640 0.040179 -0.353644 -0.818738 -1.022823 -1.073674 -0.183872 0.140065 -0.598416
hsa782 -0.100032 0.556249 0.305170 0.042300 0.407270 0.225518 -0.551986 -0.402230 0.264744 -0.384777 -0.688960 -0.100136 0.170234 0.145107 0.393551 -1.388806
D00678 1.308849 0.105128 0.353526 -0.007092 -0.070269 1.696088 -0.247500 -0.724370 -0.212980 0.399460 -0.563219 0.099668 -0.225511 -1.300639 -0.262392 -0.090045
hsa55503 -0.026510 0.398264 0.369145 0.103421 0.225658 0.536975 -0.533821 -0.388851 0.255294 -0.297811 -0.712174 -0.072322 0.125959 0.194077 0.450973 -1.246997
hsa8989 -0.045820 0.406265 0.342603 -0.242564 0.187239 0.257250 -0.544943 -0.428621 0.255782 -0.441198 -0.705014 -0.034735 0.144612 0.213228 0.388175 -1.447187
D02409 0.614766 0.622165 0.640742 -0.388781 0.238149 0.820939 -0.666814 -0.671175 0.022815 -0.880332 -0.460755 -0.721636 -0.887628 -0.563155 -0.014407 -0.308900
D00617 -0.682576 0.273145 0.172518 0.377098 0.156075 0.508699 -0.252484 -0.277453 0.293619 0.146995 -0.811637 -0.493051 0.407324 0.481226 -0.326739 -1.737381
D00677 0.993038 0.240305 -0.009859 0.577553 -0.631233 1.886663 0.218252 -0.878011 -0.274156 0.460141 -0.789388 -0.095163 -0.086205 -0.143799 -0.104926 -0.098652
hsa6340 0.165552 0.291234 -0.227798 -0.343352 0.239858 0.064854 -0.767732 -0.493150 -0.007303 -0.017511 -0.688751 1.058194 -0.429042 0.185193 -0.021568 -0.887220
hsa3710 0.200183 0.438414 0.394455 -0.215037 0.177469 0.490861 -0.613206 -0.270225 0.608911 -0.270689 -0.795184 -0.038202 0.333144 0.167856 0.395343 -1.348083
hsa55800 0.112289 0.341159 -0.083939 -0.282257 0.160558 -0.122853 -0.504583 -0.441063 0.145390 0.107952 -0.554384 1.129654 -0.558032 0.073182 0.003677 -0.836355
hsa3746 0.180806 0.065493 -0.509986 -0.220002 0.829289 -0.184562 -0.324180 -0.383538 0.872637 0.576239 -0.375487 -0.543809 -0.055133 -0.198990 -0.633193 -0.935306
hsa6532 -0.272437 -0.213288 0.731183 0.565473 -1.146417 0.358690 -0.380239 -1.142954 -0.346436 1.208848 -0.750307 0.495758 0.293819 -0.580564 -0.870707 -0.137877
D01118 0.809777 -1.032026 0.284756 -0.194601 0.055660 -0.146615 -0.383815 -0.602817 0.355921 0.458446 0.245991 0.544200 -0.864709 -1.006870 -0.683069 -0.844909
hsa3780 0.833501 0.352972 0.639094 0.596091 0.377393 -0.561034 0.047444 -0.282908 0.134713 0.420627 0.098237 0.156826 -0.391355 -1.037305 0.256599 -0.635368
hsa9254 -0.144773 0.233957 0.446092 -0.130026 0.080388 0.017486 -0.706042 -0.439105 0.402107 -0.313116 -0.836562 -0.246933 0.170138 0.200802 0.390516 -1.309357
hsa3739 -0.090636 0.579974 -0.102102 0.364371 0.606868 -0.013811 0.092384 -0.256370 0.461720 0.642321 -0.241342 -0.513881 0.067717 0.467997 -0.612500 -1.222336
hsa9312 -0.143895 1.163810 -0.438097 0.054912 0.327623 -0.098464 0.181299 0.020259 -0.523956 0.866384 0.052364 -0.322953 -0.232236 -0.815924 -0.648639 -1.213290
hsa10369 0.128670 0.411887 0.157570 -0.172013 0.128874 0.399398 -0.580719 -0.486585 0.448062 -0.244784 -0.811985 0.039803 0.547442 0.050444 0.598583 -1.198824
D02098 0.360962 0.275860 0.108785 -0.621507 0.035455 0.248653 0.549283 -0.846977 0.051226 0.977272 -0.391440 -0.011190 -0.977810 0.737483 -0.030308 -0.739547
hsa59284 0.129920 0.313227 0.272925 -0.037408 0.299712 0.385741 -0.477853 -0.324489 0.333376 -0.391142 -0.618342 -0.189123 0.179512 0.121351 0.320675 -1.367428
hsa6330 0.181317 0.221246 -0.081645 -0.368548 0.249525 0.081408 -0.549518 -0.452103 0.236688 0.083982 -0.522423 1.123161 -0.340192 0.038097 -0.088684 -0.871669
hsa116443 0.354626 -1.135073 -0.381875 0.131447 -0.899574 -0.102614 -0.462658 -0.802097 0.603587 0.702683 -0.449435 0.528940 -0.691141 -0.898414 -0.220196 -0.446625
D00812 0.736587 -0.467635 0.325361 -0.293555 0.400423 0.512498 -0.518558 -1.108773 -0.151432 0.698463 0.167878 0.722219 0.097383 -1.286863 -0.404987 -0.589721
D00110 -0.128762 -0.230452 0.196572 0.656427 -0.638782 0.738396 -0.096012 -0.934780 -0.365282 0.723754 -0.775104 0.775599 -0.618898 0.333981 -0.925017 -0.130103
D00354 0.404456 0.406976 -0.411663 -0.627539 -0.231950 -0.126432 -0.178301 -1.155074 0.239120 0.484291 -0.263642 0.324890 -0.528093 0.819945 -0.155303 -0.397270
D02914 -0.508559 -0.130489 0.181231 0.157729 0.172590 0.746553 -0.625052 -0.141754 0.453412 0.057962 -1.106257 -0.224898 0.268711 0.259635 -0.209103 -1.727858
D01712 0.285531 0.711657 0.600277 -0.496829 0.538954 0.895240 -0.876371 -0.434066 -0.008963 -0.393916 -0.788185 -0.881343 -1.027272 -0.432497 -0.040807 -0.526731
hsa3765 0.048235 0.686226 -0.701367 1.188906 0.899993 0.072375 -0.356686 -0.868224 0.204100 0.312897 -0.057451 0.209329 -0.054760 -0.518191 0.506665 -0.920957
hsa2891 0.561548 0.690649 -1.181175 0.076855 0.202752 -0.734305 -0.418238 -0.583749 0.491693 -0.039220 -1.373164 0.507726 -0.192608 -0.429063 -0.162164 -0.347617
D05461 0.779503 0.027165 0.545399 0.300525 -0.616154 -0.668064 0.317438 -1.037347 0.883236 -0.362549 -0.175235 -0.756153 -0.181782 -0.983677 -0.234323 -0.430088
hsa6332 0.245208 0.325353 0.033964 -0.252780 0.157682 -0.194263 -0.432562 -0.515099 0.297069 0.440927 -0.850657 0.719054 -0.313956 0.400008 0.192553 -0.535922
D00438 -0.600331 0.376120 0.337858 -0.022331 -0.094730 0.375930 -0.285127 -0.449529 -0.078347 -0.297025 -0.784012 -0.281672 0.814578 -0.051283 0.035956 -1.818257
D00394 0.747916 -0.550143 0.681827 -0.200728 0.188671 0.473229 -0.583586 -0.855815 -0.710546 0.732209 -0.222600 0.778590 -0.193459 -1.181771 -0.639641 -0.653188
hsa6324 0.103078 0.529529 0.075578 -0.196403 0.150044 0.021673 -0.568740 -0.435043 0.108823 0.126960 -0.801225 1.006706 -0.536733 0.198177 0.102428 -0.610429
D00615 -0.673833 0.017641 0.106887 0.404818 0.029612 0.649024 -0.659049 -0.078833 0.363481 -0.086324 -0.950933 -0.295731 0.045537 0.239838 -0.405163 -1.799650
D00379 0.230995 1.160228 -0.589635 1.550443 0.152201 0.860996 -1.389131 -1.527541 -0.740621 0.247376 0.130176 -0.467601 -0.477768 -0.227170 -0.576328 -0.671723
D00798 0.238600 0.204839 0.846665 0.879484 0.320770 0.242447 -0.116050 -1.523094 0.390652 1.029011 -0.281985 -0.209740 -0.066452 -0.107855 0.247694 0.204296
hsa27133 0.969926 0.549475 -0.226752 0.396677 0.263157 -0.325485 -0.388033 -0.131555 -0.177483 1.176459 -0.593649 -0.347530 0.061865 0.307737 -0.231591 -0.726939
D02253 0.757859 0.196452 0.103704 0.607225 -1.303210 -0.377752 0.335493 -0.924971 1.063604 -0.525538 -0.172717 -0.318844 -0.164775 -0.632927 -0.566301 -0.653159
hsa3756 0.663002 0.610554 -0.274099 0.352440 0.523044 -0.369173 -0.387689 -0.257976 -0.222933 1.308835 -0.498835 -0.555691 0.195558 0.230867 -0.088072 -0.986428
D00546 0.348516 -0.206075 -0.285425 0.650562 -0.271314 -0.145235 0.357282 -0.441816 1.100436 -0.555984 -1.091300 -0.247281 -0.226079 -0.173876 -0.400392 -0.742566
hsa6338 0.061717 0.580120 -0.181064 -0.173837 0.001826 0.051295 -0.675878 -0.444305 0.225527 -0.049720 -0.599028 1.003385 -0.351508 0.114676 0.273438 -0.817463
D00228 0.234179 0.438769 0.809802 0.815110 -0.589672 0.107223 -0.381365 -1.270822 -0.059794 1.054798 -0.952322 0.421505 0.597452 -0.575526 -0.869482 0.403462
hsa6531 -0.314235 -0.319816 0.905601 0.384845 -0.581162 0.319080 -0.130374 -1.400619 -0.814503 0.607774 -1.207385 0.595547 -0.195972 -0.192301 -1.182600 -0.184926
D00791 0.588412 0.194510 1.331092 0.181794 0.329511 -0.204546 -0.219342 -1.400140 0.623581 1.187632 0.113935 -0.364294 -0.276301 -0.644283 0.393536 -0.035792
hsa2905 -0.069941 -1.130646 -0.417781 0.348264 -0.918886 0.055883 -0.679009 -1.635201 0.450728 0.454820 -0.398979 -0.595604 -0.126934 -0.927377 0.372706 -0.604935
D00336 0.562662 0.731433 -0.146940 0.286084 0.119432 0.658209 -1.602335 -1.384855 -0.555167 0.330985 0.098894 -1.194645 -0.909472 -0.102381 0.020190 -0.224483
D00633 1.465406 0.625599 -0.075039 -0.079890 -0.448544 1.067305 0.277314 -0.834573 0.132334 0.295184 -1.065670 0.910591 0.225223 -0.163391 -0.092351 0.133120
D02546 -0.397176 0.018443 -0.620309 -0.179198 -0.531222 -0.266453 0.059625 -1.041000 -0.085799 0.802350 -1.845392 0.845645 -0.285047 -1.442163 0.941901 -0.391333
D02461 0.587647 -0.394034 -0.289400 0.612698 -0.549800 -0.310930 0.057508 -0.859038 0.176951 -0.277384 0.253175 -0.365222 -0.448286 0.005549 -0.745149 -0.878779
hsa3768 0.043898 1.094112 -0.625243 1.151092 0.897175 0.281814 -0.663133 -0.747949 0.102609 0.243708 -0.055670 0.064758 -0.195702 -0.376994 0.322247 -0.949373
D00340 1.088124 0.902458 -0.396253 -0.211896 -0.659834 -1.039376 -0.916477 -0.585911 0.297059 -0.034628 -1.572708 0.396844 1.038938 -0.731688 -0.544508 -0.762026
hsa2897 -0.083046 -0.053254 -0.920641 -0.172521 -0.444508 -0.654606 0.053499 -1.128985 -0.280320 0.661044 -2.152951 0.440776 -0.530485 -0.802422 0.602792 -0.338270
hsa83795 0.892272 1.088814 -0.254569 0.134564 0.607298 -0.307918 0.109618 -0.391143 -0.025277 0.576737 -0.112189 -0.429914 0.106500 0.384021 0.014580 -1.058139
hsa3759 -0.042849 0.918036 -0.400725 1.182390 1.138938 0.135116 -0.470744 -0.803193 0.129982 0.497645 -0.089371 0.153796 -0.373428 -0.402009 0.275092 -0.802442
hsa3762 0.230057 0.854463 -0.455146 1.081973 1.049797 -0.082312 -0.446505 -0.975669 0.412476 0.370353 0.072339 0.259626 0.036883 -0.592783 0.474645 -0.859791
D00823 0.900003 -0.097244 0.985354 0.909222 0.397375 -0.423458 0.061453 -1.058798 0.042637 0.596029 0.175255 0.064262 -0.190471 -0.603896 0.496118 -0.525081
D00326 0.951087 -0.109260 0.789888 1.172932 0.525727 -0.462750 0.046377 -0.981140 0.009169 0.553618 0.278490 0.392619 -0.231581 -0.445164 0.469588 -0.737557
D00519 1.367994 1.073027 -0.446743 -0.138634 -0.579288 -1.084467 -0.641284 -0.604016 0.230315 0.020012 -0.965062 0.106557 0.756484 -0.523352 -0.669279 -0.535592
D03742 -0.088061 -0.300335 0.113157 0.450584 -1.638083 0.111638 0.094454 -0.653218 0.120508 1.277880 -0.443286 0.309057 -0.351025 -0.907659 -0.324271 -0.444388
D00380 0.789647 1.380279 -0.494212 1.248911 0.178312 1.025311 -1.354317 -1.022418 -0.305558 0.309431 -0.051613 -0.200465 -0.572585 -0.280086 -0.803541 -0.205297
hsa3752 0.240681 1.006793 -0.866147 0.231559 0.139123 0.117921 0.169099 -0.014428 0.851386 0.881588 -0.107850 -0.104133 -0.413709 -0.244512 0.213697 -0.757020
D00544 0.583505 -0.058589 -0.424981 0.623147 -0.049679 0.015958 0.260201 -0.438865 1.228369 -0.606436 -1.037313 -0.033093 -0.256933 -0.123623 -0.243839 -0.554802
hsa5023 -0.144294 1.454141 0.256598 -1.871546 -0.341958 1.251917 -0.841345 -1.145880 0.405766 0.047678 -1.579379 -1.494836 -0.538289 -0.666903 -0.659988 -0.771984
hsa6833 0.777033 1.155764 -0.277781 0.370350 0.446689 0.398032 -1.492852 -1.061876 0.329167 -0.204499 0.151387 -0.587969 -0.656182 -0.063229 -0.522427 -0.187619
D00451 1.683798 0.562899 0.082596 0.559078 -0.460359 1.043282 -0.579354 -0.481522 -0.657865 0.559365 -0.374701 0.407009 -0.304852 -0.539596 -0.822721 -0.159396
D00656 1.061034 1.254774 -0.419285 -0.150388 -0.754423 -1.327411 -0.860841 -0.753572 0.070237 0.022773 -1.405737 0.348192 1.000535 -0.491190 -0.339272 -0.832328
hsa2742 0.815624 -0.416371 -0.078960 0.761833 -0.672575 0.854980 0.482781 -1.055801 0.297877 -0.925627 -1.185255 0.090259 -0.250567 -0.455174 -0.803055 -0.406629
D00480 0.697724 -0.934334 0.396561 -0.119495 0.677422 0.124634 -0.331020 -0.680694 -0.079964 0.580078 -0.109178 0.477551 -0.193398 -0.886594 -0.533539 -0.975832
hsa2899 -0.220456 -0.110300 -0.871104 -0.111308 -0.178239 -0.227337 -0.139574 -0.786141 0.142144 0.589538 -2.001802 0.715630 -0.480974 -0.947641 0.592267 -0.401968
D00816 0.563901 -0.697945 0.277853 -0.059043 0.456611 0.387349 -0.277115 -1.153693 -0.330803 1.046965 -0.384156 0.129154 0.308237 -1.476622 -0.290184 -0.481440
D00338 0.341271 -0.121967 0.882382 1.022767 -0.142857 -0.584785 0.536352 -1.487216 0.488934 -0.741372 0.102325 0.243389 -0.384563 -0.525568 0.047853 -0.876210
hsa2892 0.487385 0.409631 -1.117077 0.175692 0.527247 -0.643453 -0.134524 -0.697805 0.412903 0.014143 -1.168108 0.363226 -0.462616 -0.535906 0.148753 -0.408937
hsa2906 0.021002 -0.973319 -0.516639 0.250074 -0.830819 0.036245 -0.640755 -1.694997 0.137273 0.443671 -0.195348 -0.409403 0.139752 -0.833944 0.314645 -0.640326
D00283 0.754580 0.454175 1.037714 0.521773 -0.356269 0.962236 -0.066149 -1.340088 0.387861 0.773930 -0.582827 0.258664 0.467844 -0.454681 -0.969123 0.442550
hsa5024 -0.117808 1.349142 0.309925 -1.758554 -0.162048 1.328265 -0.875606 -1.227605 0.428773 -0.108898 -1.645987 -1.846951 -0.238272 -0.785245 -0.659536 -0.949030
hsa2903 0.002033 -1.138594 -0.253158 0.107134 -0.799539 0.062584 -0.507380 -1.661350 0.477849 0.730107 -0.108589 -0.461296 -0.128615 -0.859590 0.325629 -0.693403
D01256 0.915176 1.123088 -0.937304 -0.091608 -0.501176 -0.833459 -0.491692 -0.632420 0.237325 0.141741 -1.712945 0.250178 0.653190 -0.500204 -0.491846 -0.437174
D00227 0.002150 0.737599 0.735997 -0.643912 0.409059 0.709533 -0.720030 -0.461998 -0.020392 -0.191730 -1.136621 -0.654087 -0.852765 -0.509878 0.326243 -0.486354
hsa3788 -0.199439 0.963080 -0.271931 -0.031236 0.682587 -0.683701 -0.609387 -0.183578 -0.094482 0.655316 -0.138168 -0.227497 -0.133611 -0.961741 -0.168228 -1.218082
hsa54207 0.643224 1.147086 -0.323323 0.571531 0.569112 -0.267702 0.140754 -0.306438 0.045113 0.850194 -0.464084 -0.255348 0.055768 0.468742 -0.079604 -0.846640
hsa3776 1.051843 0.979846 -0.165021 0.531207 0.580853 -0.267475 0.206676 -0.248808 -0.341616 0.947239 -0.539405 -0.202469 -0.026161 0.728301 -0.232014 -1.042345
D01599 0.317005 0.843173 -0.684033 1.578096 0.251164 0.918811 -1.267237 -1.659457 -0.967905 0.155785 -0.038409 -0.223545 -0.493511 -0.204324 -0.632616 -0.674770
D00536 0.162085 -0.906560 -0.220984 0.284694 -0.737197 0.541023 -0.296416 -0.724669 0.691318 -0.176608 -0.791729 0.549042 -1.113462 -0.060825 -0.744967 -0.330506
hsa5025 -0.052219 1.303992 0.319049 -1.977717 -0.162844 1.017643 -0.613881 -1.168820 0.675835 -0.223718 -1.524924 -1.507459 -0.597994 -0.784793 -0.802456 -0.779477
hsa2898 -0.183614 -0.032164 -1.214837 -0.119359 0.137288 -0.856496 -0.090149 -0.901074 0.221448 0.279000 -1.877086 0.272316 -0.512508 -0.868074 0.237178 -0.522654
D01253 -0.370947 0.010896 0.900599 0.241875 -0.500970 -0.220236 0.671750 -1.826922 0.731381 -0.907039 -0.180090 0.295047 -0.303320 -0.596734 0.021933 -0.651208
D02163 0.684667 -0.028857 1.124016 0.078100 0.501312 -0.516098 0.194998 -1.370924 0.548620 0.837313 -0.298737 -0.450531 -0.521732 -0.991664 0.134198 0.129650
D00219 0.226006 1.264939 -0.468123 1.046718 -0.140483 0.883719 -1.583192 -1.461180 -0.728883 0.323183 0.153354 -0.628262 -0.657765 -0.164832 -0.421027 -0.450046
D06172 0.206667 0.131292 -0.073788 -0.210133 0.156285 0.234154 0.884922 -1.711222 -0.521490 0.111283 -0.378200 0.280906 -0.059366 0.772683 -0.731840 -0.638565
D00464 -0.041103 -0.233215 0.749815 0.558991 -0.593036 -0.542376 0.342861 -1.378571 0.589481 -0.938620 -0.368543 0.519505 -0.161791 -0.286465 0.022926 -0.946925
D02262 0.148667 1.022503 -0.317558 0.156077 0.388771 0.150063 0.424250 0.022277 -0.259469 1.079739 0.046702 -0.372697 -0.297076 -0.249834 -0.904603 -1.167201
D02566 0.052117 -0.582027 0.769778 0.148170 -0.080626 0.651958 -0.340638 -1.207115 -0.555350 1.003140 -0.294652 0.381010 0.212706 -1.464701 -0.620876 -0.553759
hsa170572 1.440083 0.368923 -0.040201 0.120239 -0.451973 1.831084 0.047998 -0.959058 -0.175610 0.373512 -0.931684 0.307480 -0.076984 -0.851758 -0.134110 0.051277
hsa3744 -0.197011 0.388700 -0.208320 0.638847 0.527450 0.091721 -0.191519 -0.139776 1.165743 0.740110 -0.082707 -0.305208 -0.143315 -0.046048 -0.394885 -1.012577
D00658 1.114565 1.128187 -0.749295 -0.509084 -0.543404 -1.112311 -0.772408 -1.082292 0.166670 0.032741 -1.354043 0.565490 0.787670 -0.478125 -0.291413 -0.590291
hsa3790 -0.345375 1.086924 -0.453535 -0.020738 0.640403 -0.482643 -0.377239 -0.384101 -0.202444 0.607023 0.119012 -0.205891 -0.126584 -0.900354 -0.210811 -1.219795
D00234 0.549638 -0.076332 0.726382 0.200422 -0.375323 -0.173578 -1.388810 -0.425373 0.025084 0.472579 -0.364728 -1.173474 -0.074932 -0.281907 0.894318 -1.179977
hsa2893 0.206648 0.493197 -1.235213 0.386724 0.513963 -0.563389 -0.261483 -0.402544 0.436887 -0.026169 -1.197735 0.525686 -0.431594 -0.734594 -0.113339 -0.464782
hsa9132 0.651330 0.908508 -0.264435 -0.155489 0.472669 0.516763 -0.699335 -0.681144 0.592518 0.884261 0.225684 -0.089801 0.851309 -0.688694 0.240686 -0.752601
D05024 -0.298251 0.480828 1.075103 0.460755 -0.268404 0.190271 -0.819260 0.275632 0.995101 0.510199 -0.287480 0.336869 -0.381651 0.250103 0.059782 -1.204048
hsa3784 0.143988 0.899132 0.415757 -0.368123 0.037323 -0.012428 -0.848409 -1.135871 1.046394 0.876623 0.669264 -0.026018 0.613710 -0.690019 0.241585 -0.406892
hsa2743 0.460368 -0.656383 -0.014906 0.590646 -0.701575 0.903538 0.368144 -1.032539 1.053358 -0.700646 -0.815996 0.255792 -1.003724 -0.607715 -0.974218 -0.401127
hsa1080 0.548174 0.644918 0.379480 -0.209910 0.292899 0.913140 -1.238222 -0.798606 -0.093464 -0.404887 -0.279633 -1.181950 -1.370866 -0.199227 -0.047555 -0.402554
hsa2570 0.752657 0.015045 0.277489 0.068881 -0.767638 0.138279 0.610516 -1.100535 0.200002 -1.170819 -0.081839 -0.097275 -0.679628 -0.486327 -1.072470 -0.995208
hsa2902 0.004756 -1.078164 -0.587493 0.039677 -0.735593 -0.281173 -0.651150 -1.464848 0.233524 0.477135 -0.574970 -0.340314 -0.515715 -1.105251 0.235083 -0.470388
D00373 0.278573 0.360115 0.501543 1.086142 0.269993 0.201471 -0.323892 -1.702984 0.264460 1.070520 -0.099300 -0.060154 0.176290 -0.277053 0.025607 0.263898
D00650 1.062835 1.072757 -0.346191 -0.032344 -0.899054 -0.997250 -0.590151 -0.913586 0.135100 -0.391153 -0.971329 0.671078 1.071729 -0.489237 -0.303226 -0.680681
hsa3747 0.356014 0.202721 -0.497078 0.086068 1.028259 -0.024499 -0.581551 -0.036439 0.932947 0.754480 -0.591828 -0.305553 -0.160989 -0.772873 -0.286788 -0.875786
hsa3742 0.068046 0.519753 -0.326799 0.464982 0.565301 -0.270248 -0.378127 -0.333566 0.774648 0.687261 -0.112871 -0.322020 -0.013432 0.025647 -0.695821 -0.853606
hsa90134 0.460835 0.315498 -0.081333 0.725600 0.201116 -0.700439 -1.022972 -0.302703 -0.134364 0.815963 -0.475332 -0.641861 -0.241695 0.047428 0.125602 -0.866340
hsa200909 1.217194 -0.136950 -0.144452 0.462902 -0.416360 1.886756 0.375378 -0.808695 -0.290156 0.356002 -0.842987 -0.052403 -0.268008 -1.027749 -0.532187 -0.271108
D00636 0.553982 -0.303652 1.053115 0.366734 0.387418 0.377268 -0.449833 0.173783 0.891176 1.163963 0.242975 0.339260 -1.050031 -0.155918 -0.458691 -1.035039
D01969 -0.324707 0.257231 0.613043 0.437814 -0.292235 0.199928 -0.289971 0.705868 0.733283 0.812279 -0.247499 0.025785 -0.304335 -0.330949 -0.192839 -1.519758
D02261 0.150650 0.869998 -0.244289 0.165480 0.539121 0.346519 0.302868 -0.225274 -0.246700 1.265052 0.023166 -0.765620 -0.186492 -0.166935 -0.897755 -1.041411
hsa27012 -0.039104 1.243935 -0.449390 -0.186621 0.444501 -0.435320 -0.517830 -0.074847 -0.267029 0.526739 -0.173981 -0.200395 -0.025377 -0.734540 -0.168519 -1.227935
D00543 0.214184 -0.006244 -0.045275 0.524605 -0.110322 -0.504601 0.443813 -0.606935 0.718938 -0.946225 -1.304473 -0.053468 -0.431490 -0.046939 -0.125341 -0.703237
D04999 -0.015420 -0.459944 0.724725 0.742452 -0.627302 0.430286 -0.105930 -1.058543 -0.807375 0.304289 -1.179700 0.054992 -0.974741 -0.533682 -0.732296 0.017884
D00364 0.374244 0.092782 0.612493 0.708296 0.138414 0.072908 -0.049722 -1.390849 0.677155 1.011006 -0.225004 -0.290938 0.307462 0.258491 -1.453615 0.221029
D02360 -0.128442 -0.000801 0.860028 0.268990 -0.496107 0.755730 -0.340799 -1.097519 0.044728 0.919608 -0.356216 0.695178 0.855502 -1.123784 -1.026753 -0.233051
D01448 0.665894 0.311050 1.177287 0.633912 0.193874 -0.199004 0.406506 -1.332206 0.463885 0.870394 -0.221724 -0.672182 -0.345315 -0.954773 0.384758 0.055014
D00513 1.530985 0.483941 0.189154 0.044096 -0.429691 1.615758 -0.083769 -0.694737 -0.109351 0.905143 -0.115580 0.478600 -0.268673 -0.396068 -0.811747 -0.079814
hsa2904 0.060947 -1.335158 -0.469978 0.542719 -0.827647 -0.077832 -0.427044 -1.692397 0.338877 0.519746 -0.120267 -0.018632 0.111137 -1.155970 0.297230 -0.866378
D00367 -0.032055 -0.088451 1.047912 0.382816 -0.515546 0.300936 -0.031358 -1.183755 0.023800 -0.007466 -0.629896 0.208619 0.608854 -0.297520 -1.259995 -0.242547
D00593 -0.140214 1.129032 -0.118171 1.001644 0.011511 0.316765 -1.467680 -1.635467 -1.114091 0.255342 0.007276 -0.679843 -0.892619 -0.275859 -0.428968 -0.353023
D00733 0.810601 0.067436 0.535228 -0.429481 0.021381 0.850484 0.239611 -0.325656 0.262420 1.053375 -0.226736 0.703018 -0.944173 0.228836 -0.302952 -0.558111
D04985 0.186676 0.637037 0.396569 1.102360 -1.653999 -0.167572 0.394283 -0.834706 1.085375 -0.774124 -0.359193 -0.161489 -0.285756 0.070285 -0.071068 -0.872612
D01111 -0.085850 0.728216 -0.386907 1.132636 -0.045011 1.179694 -0.558792 -1.601241 -0.727556 0.110022 -0.619271 0.249382 -0.157565 0.404531 -0.224611 -0.025231
D00694 0.160259 0.122285 0.623447 0.820536 -0.173780 -0.408642 0.485239 -1.263048 0.670758 -1.176112 -0.263828 0.384440 -0.232907 -0.391701 0.254147 -0.952582
hsa3760 -0.039900 0.742710 -0.441728 1.064829 1.022636 -0.086066 -0.106302 -0.830090 0.232218 0.372840 -0.032550 0.300256 0.023322 -0.780597 0.484692 -0.943736
hsa3764 0.228420 0.692536 -0.618143 1.275655 0.448104 -0.046718 -0.549116 -0.908870 0.077588 0.304896 0.048570 -0.004678 0.321897 -0.343924 0.344771 -0.824573
hsa9127 -0.230923 1.796010 0.061781 -1.991714 -0.296108 1.248168 -0.892547 -1.143612 0.804683 -0.152465 -1.560112 -1.342514 -0.481088 -0.700820 -0.370627 -0.893887
hsa1145 0.087561 0.900079 0.178598 0.471288 -0.918587 0.872868 1.029745 -0.608988 -0.023001 -0.140600 -0.110053 0.451921 -1.177573 -0.609227 -0.381636 -0.513030
hsa3766 -0.526157 1.108724 -0.390406 1.026252 0.621690 -0.336337 -0.596627 -0.598582 0.251358 0.580015 -0.210753 -0.013080 -0.637741 -0.272554 0.030596 -0.676801
hsa3772 -0.347821 1.130318 -0.341574 1.083129 0.638800 -0.037208 -0.758855 -0.540091 0.398759 0.347200 -0.298903 -0.036192 -0.577584 -0.216372 -0.005692 -0.596154
D06106 0.306946 0.551279 0.432415 1.041447 -1.821091 -0.452847 0.546000 -0.946776 0.964628 -0.551582 -0.203232 -0.063752 -0.544658 -0.214470 -0.283937 -0.876430
hsa56479 0.151985 1.458624 -0.304731 0.002704 0.498694 0.224479 -0.449284 -0.629301 0.721696 0.642586 0.077490 -0.138135 0.643200 -0.621079 0.304719 -0.759506
D04370 0.811562 0.050139 -0.040114 1.033063 -0.354711 1.748245 -0.024127 -1.048781 -0.551343 0.459938 -0.892008 0.174378 -0.283204 0.046760 -0.201300 -0.105799
D01768 0.274200 0.004530 0.245171 -0.753185 0.063580 0.398980 0.492192 -0.532430 0.114872 0.884133 -0.787022 0.198482 -1.419492 0.555909 0.032334 -0.797323
hsa2901 0.093176 0.099070 -0.951615 -0.305863 -0.461688 -0.450428 -0.088604 -0.905896 -0.076542 0.638573 -1.801180 0.990853 -0.330139 -0.948348 0.783339 -0.573398
D00539 -0.347290 0.828219 0.768030 0.086588 -1.571807 0.154635 -0.260007 -0.241153 0.727418 -0.396955 -0.136696 0.113782 -0.330364 0.402721 -0.079550 -1.134190
hsa3749 0.369855 0.395275 -0.528790 0.008210 0.892931 0.028100 -0.391974 -0.065820 0.869529 0.516798 -0.480186 -0.482975 -0.112556 -0.715176 -0.321466 -0.817248
D00335 0.694349 0.871039 -0.641284 1.129248 0.091715 0.508121 -1.563329 -1.740999 -1.000454 0.175246 0.117706 -0.977360 -0.628670 -0.303136 -0.141810 -0.678874
D02630 0.117421 -0.043586 0.717218 -0.401859 -0.637411 0.019139 -1.078712 -0.742327 0.891874 0.384002 -0.390591 -0.526884 0.232317 0.167716 0.919735 -0.908012
hsa9424 0.747781 0.736739 -0.351794 0.482430 0.193901 -0.480414 -0.399209 -0.227661 -0.530207 0.420952 0.035499 -0.547261 -0.064354 0.535675 -0.140964 -1.554213
hsa3751 0.608514 0.908294 -0.856993 0.253904 0.304942 0.123270 -0.250933 0.206964 1.017347 1.022025 -0.374379 -0.166785 -0.183754 -0.298473 0.044266 -0.807095
D01242 1.044183 -0.548807 0.627665 0.127390 0.630651 0.185378 -0.547165 -0.822062 -0.011037 0.635319 0.038192 0.584672 -0.546445 -1.466288 -0.344751 -0.547055
D03274 0.836358 -0.526611 0.951314 0.434322 0.584859 0.058342 -0.342018 -0.784472 -0.207192 0.410159 0.037881 -0.459592 0.104454 -1.261995 0.355531 -1.045131
D01799 0.580156 0.966661 -0.930133 1.559554 0.219622 1.037319 -1.454627 -1.424960 -0.866331 0.121423 0.001440 -0.474751 -0.340882 -0.298016 -0.661472 -0.815282
hsa81033 0.697355 0.582137 -0.191378 0.906061 0.149232 -0.638147 -1.141638 -0.197400 0.014565 0.872649 -0.486754 -0.855090 0.076968 0.073600 -0.174690 -0.894722
D00654 1.067921 0.741824 -0.502365 -0.466965 -0.820421 -1.070870 -0.737549 -1.005114 0.167762 0.253178 -1.442996 0.722017 0.994733 -0.354387 0.009434 -0.727471
D00345 0.122757 0.701390 0.452163 -0.340174 -0.120452 0.175496 -0.729513 -1.197107 0.517209 0.484368 0.726383 0.714212 0.984362 -1.003720 -0.844057 -0.531061
hsa3787 -0.119677 1.110335 -0.611633 -0.165892 0.636071 -0.537075 -0.823394 -0.260549 0.100523 0.629407 -0.197539 -0.021638 -0.031845 -0.867760 -0.163843 -1.215287
hsa8001 1.054365 -0.497415 -0.024804 0.892374 -0.788704 1.289247 0.316018 -0.656544 0.652070 -0.552101 -1.159714 0.147410 -0.572679 -0.487406 -0.786382 -0.322187
hsa2900 -0.285526 0.076479 -0.931572 -0.216407 -0.237639 -0.303852 -0.108940 -0.965659 -0.010246 0.565715 -1.975990 1.050870 -0.198567 -0.926177 0.700200 -0.475335
hsa3761 0.351397 0.819785 -0.476201 1.045961 1.046482 0.251481 -0.437114 -0.364576 0.246357 0.334257 0.003491 0.171186 -0.382548 -0.548908 0.301240 -1.053890
D00631 1.092596 0.072021 -0.290777 -0.027350 0.259384 0.771164 -0.776669 -1.278380 -0.135794 1.001405 0.465760 0.274855 0.640273 -0.557106 -0.167352 -0.561296
D02092 0.645012 -0.095344 -0.008178 0.142830 -0.674015 -0.133955 -1.859135 -0.836141 -0.248912 0.704830 -0.087321 -0.989127 -0.448158 -0.243486 0.587831 -0.823690
D00651 1.471993 0.965959 -0.070289 0.033261 -0.643417 -0.963095 -0.513959 -0.707920 0.124655 -0.114641 -0.609794 0.712055 0.820912 -0.367363 -0.420523 -0.597735
hsa3775 0.915927 0.955901 -0.163177 0.175677 0.768505 -0.610732 -0.449285 -0.383532 -0.038494 0.261019 -0.133252 -0.590155 0.011276 0.099345 0.226359 -1.234230
D00533 0.401511 -0.229881 0.412878 -0.986104 0.186555 0.428198 -0.157840 -1.077163 -0.155246 0.578936 0.167836 1.145593 0.453724 -0.619606 -0.599394 -1.186996
hsa3748 0.404089 0.575663 -0.633209 0.086743 0.920893 -0.357820 -0.837434 -0.208383 0.947891 0.724471 -0.471008 -0.430007 -0.097424 -0.497200 -0.441614 -0.879968
hsa3754 -0.341204 1.156618 -0.263056 0.327236 0.745969 -0.806060 -0.384555 -0.441391 0.044465 0.187893 -0.349962 -0.188897 0.019386 -0.707428 -0.082506 -1.097284
D05458 -0.298464 0.035911 0.910214 -0.009272 -0.273519 -0.032440 0.048179 -1.778508 -1.094322 0.316630 -0.820519 0.627429 -0.274753 0.258448 -0.961907 -0.311482
D00274 0.426146 -0.072724 0.013722 0.422058 -0.489811 -0.157926 -1.820312 -1.039745 -0.195054 0.628911 -0.099398 -1.220032 -0.504429 -0.349496 0.419726 -0.677980
hsa40 0.585169 0.317642 -0.521593 -0.325163 -0.818110 0.339124 -1.004165 -0.382991 -0.015421 0.319983 -0.116897 1.276151 -0.707021 0.282160 0.718959 -1.676349
D00537 -0.239873 0.486835 -0.439835 -0.600471 -0.505219 -0.611353 0.572945 -0.900622 -0.588153 0.985759 -1.820328 -0.072366 -0.230915 -0.193719 0.022072 -0.258616
D00594 0.002031 1.163141 0.439278 0.943948 0.476676 0.411030 -0.440609 -2.039757 0.211184 0.398934 0.003900 -0.158444 -0.481235 0.262094 -0.070867 0.454102
hsa6534 -0.654173 -0.080079 0.576227 0.817745 -0.669837 0.305483 -0.255762 -1.349712 -1.278720 0.882055 -1.660261 0.809500 0.148199 -0.768888 -0.541486 -0.443347
D00521 0.224025 -0.432907 0.463371 0.210939 0.026958 0.003394 -1.189514 -0.735236 -0.108398 0.417921 -0.565722 -1.071217 0.032883 -0.500821 1.026460 -1.130389
D00035 -0.971194 0.159910 0.059539 0.689794 -0.650440 0.610577 -0.265737 -1.170281 -0.990717 0.528079 -1.722183 0.754580 0.082198 -0.526803 0.063587 -0.387979
hsa26251 -0.121831 0.913657 -0.207586 0.094340 0.909612 -0.858707 -0.448323 -0.595727 0.139862 0.382235 -0.090599 -0.021069 -0.014441 -0.598334 0.057955 -1.219121
D00351 0.617352 -0.142304 0.185207 0.053619 -0.232268 -0.168811 -0.913624 -0.844230 0.147848 0.747055 -0.576710 -1.162896 -0.601425 0.178106 0.647869 -0.289842
hsa50801 0.630835 1.311290 -0.191296 0.468488 0.868152 -0.188342 -0.192259 -0.408831 0.117759 0.563443 -0.302650 -0.135801 0.287736 0.342101 -0.095717 -1.061276
hsa3769 -0.245316 1.581799 -0.321049 0.705033 0.753071 -0.236754 -0.682484 -0.718023 0.371663 0.511180 -0.219612 -0.083405 -0.451985 -0.051693 -0.179917 -0.478575
D03180 0.097229 0.805765 0.507896 0.666153 -1.809800 -0.106474 0.458205 -0.645677 0.952940 -0.732674 -0.120825 -0.343556 -0.367398 0.111884 -0.426106 -1.072683
hsa3755 -0.286631 0.857321 -0.209368 0.053858 0.883403 -0.818925 -0.383564 -0.369663 0.123678 0.587201 -0.249246 -0.090397 -0.202164 -0.487893 0.083777 -1.294963
hsa3773 0.103801 0.791537 -0.534915 1.013608 1.160462 0.285793 -0.164565 -0.550541 0.221113 0.264127 -0.046717 0.109540 -0.229186 -0.512533 0.170333 -1.026762
hsa5026 -0.149451 2.200918 0.401126 -2.145219 -0.489134 1.261168 -0.840855 -1.664479 0.730155 -0.183533 -1.866248 -1.737157 -0.306126 -0.963974 -0.816549 -0.660899
hsa3750 0.486461 0.902130 -0.792493 0.213680 0.523747 0.265345 -0.191143 0.080670 0.975571 0.782704 -0.154626 -0.210339 -0.447746 -0.182477 -0.036354 -0.922544
hsa169522 -0.036245 0.886565 -0.610520 -0.193795 0.849342 -0.244787 -0.662003 -0.261351 -0.128865 0.667023 -0.225871 -0.130846 -0.031961 -1.011004 0.100579 -1.291193
D00709 -0.257950 0.453012 0.718661 -0.302506 -0.619375 -0.008716 0.179201 -0.977696 0.023661 0.693433 0.008876 0.189143 -0.324840 1.033911 0.184842 -1.028219
D00647 1.643818 0.573336 0.150353 1.021708 0.049768 -0.305879 -0.505164 -0.011946 -0.796368 0.830882 -0.566660 0.224662 0.209190 0.152245 -0.449087 -0.751423
hsa89822 0.722552 1.116623 -0.212013 0.051678 0.822482 -0.405584 -0.308314 -0.262392 -0.126112 0.752444 -0.018347 -0.156762 0.171491 0.018039 0.029010 -1.409949
hsa41 0.528787 0.138779 -0.578631 -0.216233 -0.580765 0.317300 -0.953873 -0.657369 0.029295 0.116284 -0.030843 1.132901 -0.780452 0.489573 0.746082 -1.617278
hsa22953 -0.003713 1.339780 0.498388 -1.938478 -0.285101 1.399065 -0.514578 -1.309400 0.429778 -0.493934 -1.879764 -1.180712 -0.272010 -0.934302 -0.871094 -0.680612
D03037 -0.370643 0.467086 0.834100 -0.448612 -0.183290 0.008053 -0.454134 -1.546205 1.265200 0.804543 0.209988 -0.379046 -0.062824 -0.957199 0.654513 -0.050690
hsa93107 0.044671 1.069750 0.005921 0.148024 1.053409 -0.881445 -0.173951 -0.455544 0.078647 0.467951 -0.484300 -0.004199 0.026293 -0.566452 0.052280 -1.043207
hsa5027 -0.313171 1.402714 0.088502 -1.706148 0.281308 0.960957 -0.820685 -1.395384 0.269736 -0.055873 -1.603212 -1.540011 -0.371159 -0.780522 -0.765943 -0.707123
D00697 0.731539 0.463539 0.450949 0.672346 -0.458048 -0.162441 -0.275432 -1.351787 1.001743 -0.563282 0.137142 -0.412832 -0.337970 -0.136836 -1.069708 0.071737
D01575 0.920239 -0.231612 0.853485 0.399926 0.504558 0.017277 -0.640710 -0.172595 0.210853 0.636013 0.170539 0.503182 -0.863851 -1.245953 -0.328978 -0.915981
hsa116444 0.037142 -1.041570 -0.393595 0.134514 -1.299111 0.039521 -0.856121 -1.596310 0.494680 0.543393 -0.340167 -0.440363 -0.663701 -0.648030 -0.099578 -0.296134
D00474 -0.408175 -0.252738 0.543528 -0.030878 -1.279404 -0.444136 0.275884 -1.812684 0.513846 -0.459873 -0.325902 0.149378 -0.722121 -0.090650 0.268203 -0.432320
D05077 0.296618 0.420228 1.007380 0.842233 0.373715 -0.064205 -0.157368 -1.838314 0.404003 1.039392 -0.170417 -0.254458 -0.054013 0.182823 -0.138791 0.262781
hsa10008 0.216300 1.023412 -0.309640 0.124063 0.667852 -0.127080 -0.872007 -0.330151 0.559724 0.333768 -0.028290 0.357235 0.293693 -0.271597 -0.341442 -1.079987
hsa3753 -0.515644 1.013213 0.422413 -0.160216 0.290945 -0.136093 -0.909352 -0.616526 0.738433 0.690146 0.254284 0.556899 0.608508 -0.773070 -0.714497 -0.866813
D00963 -0.226398 0.624715 0.476149 0.224780 -2.355649 0.213126 0.325063 -0.525548 0.769351 0.311544 -0.149237 0.716021 -0.407579 -0.437089 -0.160062 -0.889054
D00760 -0.006046 0.081982 0.789343 0.396614 -1.431427 -0.202013 0.465631 0.362039 0.329395 1.243116 -0.163140 -0.045319 -0.642890 -0.602847 -0.269607 -1.410513
hsa51305 0.683568 1.275073 -0.016666 0.305429 0.980988 -0.501274 -0.335281 -0.169144 0.105509 0.394610 -0.537317 -0.227633 0.051198 -0.050337 -0.049157 -1.091482
D00574 -0.422906 0.690018 0.900804 -0.594889 -1.356362 0.157093 0.174190 -1.327450 0.466084 -0.235809 0.060648 0.592131 -0.700320 -0.049723 0.497165 -0.464181
hsa60598 0.903902 1.026573 -0.128553 0.385902 0.947050 -0.646572 -0.409017 -0.297478 -0.044682 0.627719 -0.443991 -0.301548 0.141701 -0.246635 0.084368 -0.973732
D02485 0.724008 -0.114595 1.357537 0.843296 0.151710 -0.424891 -1.096775 -0.689269 0.587621 1.177793 -0.218368 -0.516148 -0.521841 -0.278531 0.285161 -0.316210
D01828 0.804796 1.182155 -0.254451 -0.168399 0.128948 -0.103444 -0.889878 -1.682980 0.420909 -0.707898 0.145508 -0.348662 -0.620373 -0.078349 -0.514531 0.282143
D02347 -1.124202 0.334968 0.998099 -0.614347 -0.063373 0.412440 -0.049661 -1.750081 1.155033 -0.563431 -0.241058 -0.052056 -0.584278 -0.458298 0.278030 -0.289974
D03450 -0.062410 0.406017 1.092890 0.590436 0.014623 -0.079979 0.052427 -0.354761 -0.495570 0.537130 -1.218765 -0.693467 -1.507881 -1.057096 -0.272528 0.147404
D02362 -0.024470 -0.237251 0.778910 0.774961 -1.091381 0.181615 -0.572376 -1.569909 0.013130 0.978213 -0.544193 -0.137208 0.442720 -0.450714 -0.417392 0.188995
D00456 1.238066 -0.100932 0.651888 0.191614 0.171227 1.535099 0.081216 -0.960302 -0.401971 0.819078 -0.625513 0.526162 -0.075194 -1.519132 -0.682407 -0.253257
D01071 -0.041338 0.491144 0.489646 0.919479 -1.742010 -0.327697 -0.034954 -0.425617 0.935820 -0.522604 -0.215891 -0.170390 -0.502778 -0.109470 -0.285773 -0.906234
D01275 -0.003445 0.710285 0.487236 0.237525 0.219751 1.505093 0.035440 -0.422384 0.139206 0.578329 -1.107778 -0.850678 -0.299879 0.203896 0.468925 -0.241565
hsa3779 -0.285559 1.104820 -0.202605 0.363993 0.941894 -0.026083 -0.662987 -0.309630 0.556386 0.421571 -0.804929 0.284808 -0.038031 -0.352522 -0.130155 -0.697015
hsa9992 -0.199542 0.948649 -0.239900 0.128111 0.413670 -0.567264 -0.850578 -0.280323 0.642064 0.731694 -0.008884 0.393391 0.112791 -0.412181 -0.172195 -1.004186
hsa3786 0.246872 1.224658 -0.411123 -0.009854 0.574019 0.273743 -0.375296 -0.466474 1.035489 0.527683 0.045490 0.276839 0.433279 -0.673128 0.035362 -0.705591
D00765 -0.370304 0.460676 0.044732 0.831439 -1.807906 0.235242 0.691426 -0.474888 0.394853 1.134535 -0.360492 0.430452 -0.586094 -0.208164 -0.875963 -0.694029
D00708 -0.369139 -0.044444 1.004089 -0.323315 -0.730820 -0.180890 0.561364 -1.915746 -0.100752 -0.200715 -0.240476 0.471107 -0.672564 0.239506 0.058919 -0.386323
D00553 0.388968 0.250110 -0.144860 -0.381055 -0.148154 0.197439 0.995068 -1.652211 -0.022226 0.040615 0.037983 0.384801 -0.033777 0.766683 -0.584024 -0.780053
hsa11254 -0.637020 0.116303 0.766958 0.621543 -0.338432 0.464017 -0.253532 -1.425861 -1.083622 0.531926 -2.163750 0.679104 0.028701 -0.599771 -0.462543 -0.276480
D04790 -0.566616 0.618697 0.229885 -0.601323 -0.282395 -0.597081 0.514179 -1.387536 1.378349 1.424110 -0.602611 0.040818 -0.350697 -1.199841 0.700379 -0.014735
hsa56659 0.860741 1.340474 -0.113530 0.033325 0.968338 -0.226126 -0.041570 -0.408069 0.011609 -0.144341 -0.149817 -0.490774 -0.026669 -0.049045 0.175431 -1.119676
D00759 0.226182 0.064183 0.928616 0.703568 -1.355073 -0.529976 0.903075 -0.072666 0.197428 1.176183 -0.026383 -0.275099 -0.707816 -0.907889 -0.388154 -1.412446
hsa3785 0.242427 1.543603 -0.321253 -0.019525 0.588587 -0.000149 -0.482596 -0.824081 0.939586 1.010300 -0.008042 -0.198278 0.823525 -0.827640 0.248174 -0.602689
D00563 0.228203 0.075592 0.754963 0.803560 -0.439403 1.097486 0.239870 -1.198956 0.033159 1.164541 -0.323529 0.710111 0.492486 -1.484386 -0.808622 -0.158044
D02234 0.800701 -0.009359 1.130050 0.241288 -0.203265 -0.221072 -0.009146 -0.286220 0.113522 0.215802 -0.202376 -0.858502 0.371267 -1.238681 0.685152 -1.077958
hsa8514 0.475718 1.225264 0.044490 0.189662 0.738394 -0.125866 -0.559714 0.190188 0.574170 0.381910 -0.515680 0.145515 -0.496821 -0.614075 0.362185 -0.844965
D02237 -0.488158 0.418727 0.693745 0.362305 -0.413890 -0.134797 -0.626009 -0.983716 -1.506880 0.791229 -0.737529 -0.311981 -0.990268 -1.234196 -0.761222 -0.270924
D00607 -0.406306 0.632094 0.835184 -0.232076 -0.472145 -0.149648 -0.150244 -0.885179 -1.490105 1.024229 -1.066153 -0.152114 -0.595481 -1.018703 -0.601390 -0.249776
hsa23704 0.154678 0.967010 0.172031 0.107160 0.841399 -0.330392 -0.834897 -0.096263 0.481723 0.621957 -0.619675 0.126326 0.180737 -0.416375 -0.202949 -0.872769
D01854 0.739347 -0.046362 -0.725050 1.269598 0.074709 0.752819 -0.451040 -1.666829 -0.402603 0.128018 0.541162 -0.418884 0.096336 0.084689 -0.229018 -0.714339
D00831 0.563281 0.407206 1.281640 -0.305407 0.016141 -0.237610 -0.587684 -1.128556 1.313712 1.195155 0.471458 -0.154905 0.433512 -0.254738 0.726700 -0.615610
D00771 0.810846 0.971206 -0.279904 0.569354 -0.209200 0.069045 -0.494744 -0.501534 0.296416 0.558035 -1.400733 0.768939 0.932191 -0.579380 -0.651667 0.136550
hsa27345 0.067559 1.239582 0.038106 0.130431 0.826690 -0.423448 -0.401125 -0.351783 0.846459 0.360787 -0.436373 0.310232 -0.103292 -0.266807 -0.051397 -0.631310
D00504 -0.066340 0.513026 0.062431 0.000151 0.119544 0.321566 0.202170 -1.829120 -1.137167 0.531403 -0.768923 0.188566 -0.041558 0.793381 -0.839714 -0.191937
hsa57657 0.554229 0.929481 -0.413498 0.507003 0.388717 -0.160003 -1.039410 -0.181752 0.314262 0.900458 -0.315812 -0.476276 0.127972 -0.490630 0.075619 -0.778926
hsa27094 0.341645 1.180870 -0.012378 0.377953 0.876549 -0.342169 -0.653373 -0.322029 0.487650 0.364361 -0.130504 0.291207 -0.326307 -0.432368 0.043083 -0.807043
D01350 -1.019263 0.705276 0.893830 -0.525071 -0.198339 0.089636 -0.495298 -0.491182 -0.789409 0.210520 -1.138196 -0.508128 -0.812188 -0.432277 0.128238 -0.712887
D00418 -0.590765 1.187729 -0.292504 0.690315 -0.303281 0.369479 -0.325299 -1.047998 -0.604233 0.731383 0.149923 0.330562 -0.918340 0.383603 0.334931 -0.481857
hsa56660 0.989491 0.831846 -0.136916 0.210375 0.569640 -0.165977 0.251787 -0.327399 -0.034170 -0.822094 -0.439270 -0.712644 0.207614 0.300467 0.143077 -1.567896
hsa11280 0.036818 -0.095694 0.208749 0.485352 -0.254351 0.572012 0.120302 -0.788753 -0.077133 0.775607 -0.835149 0.761998 -0.630554 0.815569 -0.654228 -0.347475
hsa3745 -0.572317 1.516466 -0.201227 0.064493 0.567095 -0.282831 -0.188518 -0.311877 -0.331648 0.404095 -0.141573 -0.037057 -0.173066 -0.594971 -0.527316 -1.019363
D01108 0.423883 0.205168 0.101839 -0.283544 -0.375650 0.218385 -1.194118 0.155173 -0.245197 0.067956 -1.099525 0.182460 0.900452 -0.030337 -0.783442 -1.601420
hsa7881 0.536330 1.291232 0.196278 0.196053 0.902734 -0.090443 -0.453568 -0.009504 0.661457 0.152956 -0.336255 0.316153 -0.302149 -0.743120 0.451773 -0.940941
D00495 -0.296718 1.292005 0.272211 0.892189 -1.519433 0.049464 -0.617279 -0.399119 0.967976 -0.866078 -0.510840 0.058654 -0.345517 0.387579 0.174528 -0.932635
D00964 -0.014517 0.377208 0.483498 -0.527486 -0.945672 0.643268 0.473611 -0.190776 -0.192835 -0.738442 -0.006175 0.430797 -0.534535 -1.023767 0.486252 -1.669552
hsa23630 -0.027250 1.186952 0.231991 0.245977 0.781850 -0.408013 -0.543463 -0.178594 0.479735 0.584654 -0.253177 0.374153 0.134055 -0.543616 -0.402426 -0.948105
hsa2895 0.228492 0.178782 -0.955273 -0.006713 -0.243812 -0.525150 0.040772 -0.637432 0.819109 0.115811 -1.654443 0.981940 -0.715701 -0.040134 0.329001 -0.470294
D00779 -0.267004 0.451712 -0.061636 -0.115213 -1.355577 -0.414678 0.379394 -0.543960 -0.106723 1.443781 -0.046106 -0.055633 -1.002736 -0.257512 -0.289458 -0.670937
hsa6529 -0.554636 -0.258428 0.713219 0.416564 -0.970484 0.238154 -0.379546 -1.665276 -0.829713 1.137383 -1.614126 1.010788 0.209479 -0.461648 -1.044295 -0.322625
D00704 0.746922 0.198904 0.203707 0.622862 -0.987401 0.254254 0.447459 -0.851289 1.152543 -0.658007 -0.703331 0.268911 0.550405 -0.538408 0.450469 -0.455926
D00761 0.120441 0.138431 1.080186 0.294548 -0.799102 -0.469814 0.812400 0.309839 0.578112 0.868755 -0.324039 -0.375692 -0.269930 -0.942414 -0.024798 -1.387045
D04034 0.618578 -0.627056 0.941171 0.477347 0.389759 -0.089385 -0.193761 -0.464207 -0.189538 0.483807 -0.216727 -0.949514 0.278119 -0.940776 0.386837 -1.369753
hsa1144 -0.093340 1.738142 0.371945 -0.072356 -0.976664 0.646658 1.353074 -0.531716 0.309238 0.148448 0.146118 0.483118 -1.417669 -0.661430 -0.411676 -0.878893
D01603 1.158332 -0.083999 0.530446 0.338191 -0.415995 0.417341 -1.023816 -0.446563 -1.145156 0.884577 -0.796263 0.814689 0.237479 -0.176437 -0.820413 -0.648466
hsa10060 0.491348 0.968802 -0.195811 -0.036698 0.599343 0.106405 -1.589651 -0.636993 0.494328 -0.148477 0.190517 -0.425308 -0.981443 0.255878 -0.338460 -0.861606
D00960 0.217449 0.358714 0.220232 -0.646445 -0.990140 0.336344 0.513173 -0.327669 -0.020802 -0.665095 -0.068778 0.774483 -0.973151 -1.112272 -0.130174 -1.254319
hsa1181 -1.321494 0.945146 0.132339 -0.697024 -0.300265 -0.795675 0.354971 -1.250518 1.540669 1.462786 -0.823744 0.142510 0.067802 -1.204403 0.590412 -0.498177
hsa57192 0.447892 -0.057392 -0.739078 -0.010863 -0.854156 0.070895 -0.721741 -0.732718 -0.290477 -0.330139 0.450135 0.668289 -0.514952 0.348786 0.601977 -1.965798
hsa1140 -0.496469 1.527544 0.476213 -0.173183 -1.197498 1.002887 1.157500 -0.593257 0.064221 0.076034 -0.198845 0.652628 -1.143381 -0.864968 -0.743858 -0.775403
hsa7225 0.914756 0.352817 -0.650196 -0.330184 -0.654794 0.634978 -1.047792 -0.476873 0.259087 -0.088903 0.483019 0.758075 -0.644673 0.440475 0.622348 -1.703749
D00392 0.047306 1.033538 0.320889 1.096767 -1.896844 0.214951 -0.701711 -0.531039 0.784620 -0.976600 -0.194751 -0.185849 -0.327782 0.294385 0.104045 -1.171438
