D02356 -0.256211 0.370143 0.199563 0.238440 0.828539 -0.043132 -0.771649 -0.214407 -0.457861 0.232958 -0.465725 0.145034 -0.028214 0.351435 -0.233895 -0.560320
D00294 -0.060416 0.319816 -0.166869 0.324852 0.896868 -0.638846 -1.134421 -0.318369 -0.572130 0.326520 -0.594424 0.149493 -0.062811 0.138236 -0.502898 -0.451080
D00512 -0.572062 -0.172934 0.431874 0.019548 0.293597 0.496269 -0.462257 -0.007364 0.048407 -0.378021 -0.885149 -0.020389 -0.254780 0.418392 0.409303 -0.836244
D00332 -0.822314 0.125895 0.176415 -0.004335 -0.046534 0.429761 -0.605086 0.005489 -0.093442 -0.042161 -0.496486 0.168251 -0.428693 0.242516 0.473248 -0.809822
hsa6331 0.078180 -0.252860 -0.040553 0.066797 0.028322 0.423212 0.234011 -0.612545 -0.426682 -0.151179 -0.952525 0.220603 -0.093654 0.240942 0.072027 -0.996050
D00542 -0.947334 0.080558 0.060439 0.118758 0.468488 -0.153036 -0.699432 0.563517 0.117525 -0.463157 -1.038852 -0.300093 -0.417903 -0.076777 -0.137880 -0.417552
hsa6328 0.049146 -0.018076 -0.203543 -0.156554 -0.109939 0.440358 -0.001903 -0.559824 -0.294728 0.170421 -0.831996 0.426145 -0.524937 0.488977 -0.007254 -1.100123
D00629 -1.168222 0.136211 0.531669 -0.169634 0.265854 0.181211 -0.742034 0.396463 -0.447043 -0.296727 -0.798013 -0.104617 -0.363001 0.477928 0.164046 -0.588722
D01295 -0.983839 0.054841 0.493701 -0.117672 0.096929 0.282833 -0.972114 0.411977 -0.389869 -0.206720 -0.683152 -0.337294 -0.338722 0.510738 0.026124 -0.535610
D00437 -1.149572 0.189986 0.348034 -0.167081 0.275028 0.213900 -0.848605 0.449338 -0.445370 -0.293603 -0.799228 -0.198051 -0.451330 0.500079 0.062064 -0.493583
hsa2554 -0.765828 0.029192 0.275144 0.697993 -0.256015 -0.522438 0.060786 -0.712055 0.092493 -0.727911 -0.780110 -0.844571 -0.800863 -0.636072 -0.492547 -0.191104
hsa6329 0.207934 -0.071902 -0.038958 -0.132472 -0.205137 0.220352 -0.132190 -0.668700 -0.177965 0.140024 -0.823501 0.303494 -0.508571 0.522469 0.098532 -1.050572
D00618 -1.063713 -0.094714 0.602942 -0.069782 0.279886 0.310877 -0.825832 0.400321 -0.461254 -0.418770 -0.753518 0.055632 -0.395049 0.581318 0.092495 -0.502842
D00560 -0.845422 -0.360589 0.483865 -0.071757 0.090338 0.242836 -1.017305 0.309337 -0.510331 -0.016331 -0.548589 -0.708430 -0.291282 0.325547 0.051516 -0.637757
hsa6323 0.052725 -0.091214 -0.312881 -0.250198 -0.138496 0.176659 0.251068 -0.970298 -0.420523 -0.003999 -0.960341 0.524701 -0.496677 0.478735 -0.162946 -0.935308
D00775 -0.386503 0.176128 -0.515490 0.330761 -0.122186 0.082541 -0.858786 -0.701430 0.714701 0.116871 -0.905217 0.612896 -0.363487 -0.153655 0.286000 -1.086280
hsa6326 0.180462 -0.092408 -0.086585 -0.130861 -0.306979 0.260234 0.273308 -0.792444 -0.529440 0.200378 -0.887649 0.278686 -0.446263 0.675793 -0.283778 -0.936515
hsa6336 -0.065082 -0.150452 0.016968 -0.004803 -0.259210 0.433306 0.107090 -0.356718 -0.148104 0.244859 -0.887039 0.388941 -0.367928 0.424588 0.271395 -1.249824
hsa6335 0.287406 -0.248573 -0.200905 -0.119845 -0.158069 0.295087 0.263793 -0.689722 -0.361924 0.318808 -0.849036 0.440583 -0.737056 0.646217 -0.478251 -0.982574
hsa775 -0.848041 0.282953 0.845840 0.036801 0.265309 -0.238840 -0.578166 0.814756 -0.624981 -0.276176 -0.274659 0.178307 -0.522769 0.499078 -0.075812 -1.059607
hsa6334 0.290398 -0.126483 -0.062318 -0.127657 -0.267225 0.182718 0.371985 -0.938831 -0.457564 0.182767 -1.024073 0.286906 -0.585176 0.694908 -0.460427 -0.775204
hsa1135 -0.355498 0.653119 0.659072 0.715479 -1.031959 -0.010852 0.483401 -0.095673 -0.481627 0.901827 -0.726767 -0.002579 -0.625149 -0.571868 -0.602181 -0.666566
D00293 -0.381405 -0.427622 0.944434 0.794923 -0.231371 -0.315358 0.110640 -0.459358 0.148301 -0.907545 -1.016000 -0.345532 -1.007182 -0.682921 -0.604886 0.045889
D00499 -0.693977 0.451178 0.842654 0.463287 -0.505255 -0.301186 0.418681 -0.539189 0.129618 0.056569 -0.574840 -0.511498 -1.171971 -0.684102 -0.760023 -0.150671
hsa6261 -0.616386 0.005886 0.584010 -0.063001 -0.028960 0.296343 -0.740231 -0.180700 -0.681074 -0.273353 -1.136931 0.118963 -0.249812 0.649229 0.373801 0.268940
D00545 -0.626415 -0.244675 0.611120 0.263081 0.117142 -0.859212 -0.302830 -0.323399 0.242788 -0.309377 -0.816634 0.013069 -1.166191 -0.870611 -0.612462 0.052803
D00642 0.394593 0.209034 -0.256271 -0.272290 0.026846 -0.364612 0.016654 -0.136771 -0.748601 0.409340 -1.078564 0.100014 -0.328759 0.609216 -0.328092 -1.073218
D00549 -0.132452 -0.586017 0.328504 0.108550 -0.102168 -0.337304 0.286045 -0.573539 0.283707 -0.621762 -0.992925 -0.455728 -1.656393 -0.730482 -0.462310 -0.463091
D02272 0.479922 0.281757 -0.208598 -0.118859 0.130141 -0.375722 0.198469 -0.025732 -0.654304 0.592389 -0.887790 -0.097830 -0.568840 0.510538 -0.445610 -1.156321
D00303 0.260193 -0.157669 0.501406 0.408330 0.201372 0.513571 -0.395247 -0.352443 0.442711 -0.056297 -0.473791 0.450728 -0.503348 0.336302 0.297875 -1.179511
hsa2559 -0.017546 -0.012057 0.915469 0.580675 -0.467793 -0.677249 -0.348484 -0.521479 0.195656 -0.337968 -0.593912 -0.450652 -1.123810 -0.641951 -0.408420 -0.092358
D00726 0.108216 0.554020 0.527426 0.417660 -0.632927 0.811494 0.377860 -0.202727 0.035946 0.820869 -0.930927 0.298185 -0.728753 -0.424730 -0.966566 -0.433299
D02207 0.192729 0.295850 0.885259 0.768130 -0.152008 -0.303365 0.163959 -0.147111 -0.353049 1.059210 -0.771689 -0.736573 -0.710350 -0.592319 -0.579038 -0.178833
hsa779 -1.105016 0.085257 0.957145 -0.028947 0.324059 -0.335587 -0.545477 0.536263 -0.555449 -0.028676 -0.463555 0.328826 -0.221440 0.403115 -0.157676 -0.825921
hsa1136 -0.195233 0.750645 0.934614 0.433294 -0.842309 0.182932 0.379910 -0.510633 -0.275119 1.141155 -0.775860 0.159301 -1.006476 -0.533394 -0.774992 -0.203431
D00547 -0.549856 -0.270405 0.630869 0.469454 -0.030861 -0.713132 -0.351193 0.017951 0.379975 -0.457804 -0.819630 -0.118814 -1.400324 -0.628107 -0.674018 -0.045351
hsa8913 -1.269035 0.114276 0.258280 -0.017291 0.022972 0.299133 -0.541859 -0.265392 0.046108 -0.249890 -0.321287 -0.222963 -0.247367 0.627147 -0.418098 -0.751291
hsa6263 -0.624864 0.186608 0.448185 -0.324511 -0.054397 0.521110 -0.834759 0.007762 -0.623957 -0.121485 -1.079405 0.288062 -0.652219 0.537871 0.419841 0.274148
D00329 -0.441871 -0.413282 1.074091 0.695021 0.126320 -0.611264 0.143904 -0.556359 -0.028253 -0.583403 -0.347093 -0.264249 -1.213662 -0.575753 -0.758377 -0.297454
hsa2556 -0.216565 -0.136940 0.892810 0.623541 -0.290814 -0.774098 -0.035971 -0.431525 0.117417 -0.356431 -0.581942 -0.584728 -1.243200 -0.520247 -0.530151 -0.198914
D00740 0.077846 0.019416 0.270344 -0.307855 -0.508771 0.404680 0.135288 -0.434381 -0.257525 0.005359 -1.192959 0.386675 -0.702039 0.720398 0.066420 -0.387696
D00530 -0.090438 -0.267318 1.304597 0.244036 0.069037 -0.322816 -0.283209 -0.749554 0.361725 -0.306897 -0.528571 -0.470335 -1.338365 -0.798712 -0.539025 -0.145344
hsa2555 -0.174178 -0.283485 0.776797 0.673576 -0.487396 -0.613187 -0.023672 -0.364082 0.002825 -0.219284 -0.653526 -0.631700 -1.252630 -0.648916 -0.524466 -0.160623
D00538 -0.171516 0.217372 0.104435 0.174097 0.232585 0.650241 -0.565642 -0.679379 0.715931 -0.267591 -0.720256 0.273309 -0.273311 0.311321 0.044534 -1.057842
hsa6262 -0.566288 0.235348 0.535608 -0.196674 -0.185556 0.542397 -0.859968 0.302444 -0.686846 -0.158026 -1.041620 0.217529 -0.580082 0.531344 0.415886 0.081735
hsa8912 -1.057817 0.200113 0.341689 0.140338 0.136021 0.371225 -0.677485 0.025929 0.019138 -0.136806 -0.370955 -0.292568 -0.347493 0.588555 -0.373942 -0.611960
D00548 -0.176018 -0.057688 1.042394 0.543699 -0.129242 -0.183642 -0.207572 -0.615503 0.301305 -0.557013 -0.521995 -0.317753 -1.741356 -0.441896 -0.123538 0.040433
hsa2557 0.007373 -0.081676 0.744932 0.525063 -0.499088 -0.721359 -0.344825 -0.620650 0.275110 -0.563784 -0.468812 -0.493317 -1.285814 -0.645807 -0.602150 -0.340574
D00550 -0.167616 -0.284813 0.864405 0.527907 -0.172813 -0.798292 -0.088051 -0.687415 -0.164616 -0.793895 -0.680986 -0.378157 -1.192501 -1.075713 -0.281445 -0.190921
hsa778 -1.023504 -0.077945 0.849542 -0.348172 0.379356 -0.138302 -0.692356 0.519194 -0.719641 -0.318819 -0.341260 0.105475 -0.498075 0.362587 -0.149010 -0.815099
hsa1137 -0.145781 0.748545 0.588480 0.532926 -0.686001 -0.055414 0.442850 -0.408120 -0.435046 1.110914 -0.922326 -0.171087 -0.837793 -0.608286 -0.559995 -0.393309
D03991 0.433690 -0.489572 -0.608766 0.505079 -0.398515 0.343022 -0.317209 -0.370619 -0.725163 0.055717 -0.723942 0.338205 -0.427763 0.635321 -0.468933 -0.625770
hsa3782 0.276794 -0.944442 0.613719 0.719592 0.591162 0.087488 -0.628980 -0.464788 -0.934706 0.674084 -0.718517 -0.236925 0.224074 -0.361463 -0.273688 -0.271714
D00225 -0.308584 -0.349557 1.048289 0.650208 -0.221273 -0.757601 -0.154071 -0.667819 0.248034 -0.708610 -0.790178 -0.407410 -1.331214 -0.706095 -0.423409 -0.287516
D01450 -0.200026 -0.037771 -0.313239 0.056039 -0.133698 0.151677 0.224829 -0.708319 -0.639827 0.551277 -0.600986 0.554519 -0.286597 0.544485 -0.362728 -0.960226
D00711 -0.451841 -0.633543 0.565290 0.446790 -1.493507 -0.499332 -0.693383 -0.727054 -0.287099 -0.110345 -0.237664 -0.275014 -0.880399 -0.646180 -0.363834 -0.456615
hsa6530 0.471260 -0.116354 0.680549 0.654466 -0.491397 0.380967 -0.372393 -0.351102 -1.160863 -0.459049 -0.476437 0.600351 -0.336230 -1.333606 0.666696 -0.911726
hsa8973 -0.176864 0.956064 0.834167 0.719394 -0.644732 0.199373 0.563986 -0.461022 -0.351410 0.954159 -0.901086 -0.204793 -0.995199 -0.571657 -0.569362 -0.403480
D00528 -0.251458 0.857583 1.106534 -0.119459 0.025199 1.016117 -1.075201 -0.294337 -0.836839 -0.679587 -1.568427 -0.177554 -0.711769 0.703670 0.176067 0.569695
hsa55584 -0.358473 0.785800 0.715646 0.205839 -0.602865 0.096922 0.453916 -0.470009 -0.425063 1.085055 -1.018183 -0.105777 -0.811578 -0.820207 -0.528793 -0.238408
D00136 -0.480060 -0.798895 -0.064126 0.231907 -1.447084 -0.159677 -1.374926 -0.616987 -0.857187 -0.067206 -0.395394 -0.272710 -0.000545 0.041279 -0.569780 -0.463085
hsa2558 -0.107261 0.027838 0.784698 0.524746 -0.427535 -0.791268 -0.381410 -0.731394 0.323468 -0.577166 -0.471814 -0.734185 -1.223952 -0.769162 -0.579357 -0.515506
hsa57053 -0.042353 0.678754 0.640664 0.484825 -0.765193 0.121605 0.156170 -0.260889 -0.532329 1.286667 -0.861252 0.050206 -0.682988 -0.792465 -0.810138 -0.290019
hsa3736 -0.340676 -0.415360 0.442791 -0.085628 0.578497 -1.167495 -0.510345 0.049800 -0.077350 0.047071 -0.773346 0.453215 -0.651933 0.071097 -1.005778 -0.166792
hsa3778 -0.068283 1.193775 -0.127748 0.242068 0.144856 -0.533233 -1.335995 -0.070782 0.187944 -0.602606 -1.157023 -0.153454 0.290071 -0.485489 -0.332996 -0.876280
hsa3758 -0.368667 0.692043 -0.660470 0.765435 0.257197 0.743229 -0.623391 -0.603589 -1.761480 -0.256523 -0.081913 0.387626 -0.575125 0.106339 -0.378220 -0.377481
D00732 0.243937 0.190263 0.189165 0.042208 -0.262336 0.404412 0.457248 -0.864586 -0.157202 0.362388 -1.017058 0.358122 -0.462588 0.682875 -0.225449 -0.932238
hsa8645 0.165691 0.160283 -0.245632 -0.532024 0.140618 0.170293 0.146020 -0.686552 -0.711747 0.296032 -0.930554 0.214907 -0.436524 0.460334 -0.292477 -0.876711
hsa776 -1.254009 0.150684 0.564682 -0.272644 0.425548 0.075118 -0.716654 0.452244 -0.441614 -0.331327 -0.359863 0.374049 -0.550826 0.283061 -0.080895 -0.899255
D00252 0.152736 -0.492948 0.493634 0.153162 0.344374 0.931244 -0.751375 -0.678726 0.334177 0.135027 -0.486235 0.545723 -0.242935 0.070164 0.143337 -1.133976
D00738 -0.161446 -0.140428 -0.472706 -0.002965 -0.530639 0.357502 0.266249 -0.447641 -0.429948 0.358311 -0.691946 0.120333 -0.495942 0.221368 -0.379396 -1.002063
hsa1138 -0.066549 0.686425 0.570099 0.578656 -0.901657 0.016321 0.289337 -0.238147 -0.736246 1.248051 -1.027501 -0.190655 -0.723899 -0.629917 -0.607392 -0.208598
D04048 -0.151810 -0.002488 -0.310069 -0.241201 -0.321373 0.409797 0.337332 -0.794976 -0.489042 0.431177 -0.773953 0.441797 -0.513440 0.443880 -0.291120 -1.115006
hsa3763 -0.385477 -0.575956 -0.273771 1.338759 0.003841 -0.286606 -0.412679 -0.323086 -1.179568 0.248529 -0.337638 0.447986 0.194362 0.383648 -0.426475 -0.675706
D00552 -0.089442 0.002263 0.305197 0.258928 0.197497 0.345622 -0.158046 -0.675140 0.341634 -0.154016 -0.627314 0.377909 -0.928771 0.301969 0.698870 -0.921656
hsa3359 0.346978 0.150538 0.310859 0.438975 -0.429631 1.154787 -0.190111 0.093373 -0.491195 0.066171 -0.912379 0.232899 -0.345461 -1.259878 -1.202079 -0.421752
hsa1134 -0.155029 0.703933 0.586545 0.480802 -0.904918 0.150429 0.174951 -0.291358 -0.460389 1.310702 -0.988508 -0.049159 -0.755415 -0.710796 -0.644643 -0.173368
hsa3781 0.213096 -0.447435 0.731377 0.884388 0.388584 0.054706 -0.665070 -0.347562 -0.843415 0.816087 -0.362177 -0.890147 -0.087986 -0.199567 -0.477025 -0.214616
D00649 -0.768358 0.164673 -0.153977 0.273650 0.320018 1.145431 -0.831592 -0.470162 0.663110 0.091728 -0.303129 -0.080752 -1.003594 0.668378 -0.157245 -0.916027
hsa773 -1.086366 -0.061501 0.619559 -0.134900 0.395500 -0.001452 -0.709271 0.427276 -0.469370 -0.061773 -0.707125 -0.145014 -0.184904 0.350230 0.045059 -0.700224
hsa8911 -1.392948 0.417311 0.315841 0.135852 -0.154952 0.054909 -0.574125 0.145621 -0.003991 -0.204458 -0.500287 -0.350797 -0.267468 0.647576 -0.439985 -0.653069
D03878 -0.396856 -1.028313 0.251340 0.790329 -1.144868 -0.275729 -1.231694 -0.549731 -0.512835 0.316924 0.023389 0.582919 -0.222605 -0.689566 -0.567083 -0.790973
hsa783 -1.093608 0.020101 0.306789 -0.079310 0.317937 0.359740 -0.652723 0.328655 -0.478255 -0.235083 -0.771767 -0.268204 -0.192337 0.359167 0.307343 -0.782240
D02086 0.115767 -0.242333 -0.031569 -0.468450 -0.014340 0.314674 0.326095 -0.682049 -0.571547 -0.045892 -0.946459 0.389545 -0.573247 0.517988 -0.143486 -1.049824
D03580 -0.013602 0.899953 0.728640 0.313567 -0.848611 -0.258651 0.367190 -0.052233 -0.678137 0.971260 -0.989916 0.111286 -0.927688 -0.537627 -0.488068 -0.351232
hsa3737 -0.016728 -0.106017 0.465895 0.003984 0.491644 -0.840894 -0.546474 -0.024236 -0.488409 0.161733 -0.553942 0.804809 -0.354183 0.475293 -0.925982 -0.434455
D00349 -1.305802 0.301589 0.553035 0.234723 0.289489 -0.059532 -0.589906 0.470366 -0.482814 -0.476158 -0.415236 -0.217269 -0.290663 0.622159 -0.141416 -0.971854
hsa786 -0.878118 0.267830 0.308753 0.227968 0.294476 0.121429 -0.630017 0.500856 -0.508586 -0.575043 -0.692732 -0.255550 -0.272222 0.509228 0.113960 -0.738879
hsa2741 -0.748851 -0.563735 0.240459 0.409417 -0.031813 -0.171777 -0.294780 0.545945 0.361140 -0.677711 -1.155842 0.219529 -1.162289 -0.904242 -0.508850 -0.093470
hsa782 -0.618669 0.094642 0.049816 -0.080834 0.376345 0.197418 -0.913168 0.335260 -0.515855 -0.268584 -0.576621 -0.370488 -0.615814 0.383358 0.451956 -0.846139
hsa3757 0.423718 0.103240 -0.033064 0.535562 -0.293120 -0.229933 -1.416396 0.240613 -1.014047 0.126563 -0.415774 -1.005964 -0.163448 0.750776 -0.462996 -0.821960
hsa2561 -0.484032 -0.260448 0.870256 0.261551 -0.058182 -0.584771 0.016649 -0.629975 0.135295 -0.620130 -0.803711 -0.212246 -1.481834 -1.012536 -0.470677 -0.068083
hsa3738 -0.164262 -0.091864 0.260605 0.093800 0.180631 -0.961099 -0.635330 0.377897 -0.542363 0.556558 -0.531318 0.647837 -0.574574 0.566152 -0.965825 -0.659703
hsa3741 -0.014015 -0.202757 0.130584 -0.355638 0.481795 -0.691907 0.012262 -0.173469 -0.589306 0.174565 -0.486733 0.531211 -0.581675 0.291814 -0.887656 -0.901533
D00735 0.356186 0.077035 0.136212 -0.148040 -0.601416 0.305291 -0.048530 -0.915000 -0.685435 0.406838 -0.535738 0.334003 -0.578464 0.815488 -0.266095 -0.734238
D01287 -0.238467 -0.113097 -0.243202 -0.421122 -0.365409 0.268588 0.271883 -0.783290 -0.423192 0.391500 -0.888736 0.316301 -0.443377 0.557438 -0.465356 -1.009109
hsa2562 -0.476770 -0.237541 1.022903 0.367581 0.051638 -0.428159 0.087857 -0.539437 0.234940 -0.539003 -0.871633 -0.202961 -1.600757 -0.679672 -0.473313 0.030578
D01243 0.199698 -0.272725 -0.280943 -0.126716 0.132482 0.426468 0.426327 -0.921917 -0.358275 -0.057116 -1.003834 0.096149 -0.785664 0.301359 -0.217464 -0.902369
hsa93589 -1.085098 0.075839 0.460709 0.002414 0.175059 0.190184 -0.798859 0.305617 -0.290299 -0.336039 -0.787657 -0.152316 -0.067610 0.383413 0.180863 -0.755661
D00524 -0.139145 0.985012 0.820550 0.375993 -0.725359 0.244412 0.696601 -0.709731 -0.083666 0.949447 -0.948822 0.137431 -0.788525 -0.365498 -0.216518 -0.624909
D00619 -0.482826 0.050270 0.678270 0.782648 0.231169 -0.666955 -0.596387 0.397072 -0.546257 0.738317 -0.464295 0.508813 -0.068098 0.750124 -0.536515 -0.510281
D00195 -0.133841 0.722455 0.712729 0.543362 -1.155968 0.112002 0.241926 -0.211835 -0.519325 1.225182 -0.763799 -0.157126 -0.982320 -0.783653 -0.625197 -0.491854
hsa3783 0.030100 0.093357 0.686698 0.357296 0.087805 0.089867 -1.282498 -0.082916 -0.620482 0.471574 -0.921693 -0.035338 -0.525558 0.316300 0.260566 0.636327
D03830 -0.307464 -0.454418 0.708653 -0.159404 0.213473 -1.088244 -0.512064 0.304789 -0.789011 -0.148170 -0.006306 0.219657 -0.737470 0.177521 -0.575074 -0.777172
hsa3743 0.004789 -0.107289 0.466985 0.427260 0.513011 -0.635056 -0.419926 -0.062685 -0.315042 0.678746 -0.791337 0.613042 -0.214911 0.778607 -0.981497 -0.402340
hsa55879 -0.462723 -0.090327 1.003153 0.302215 0.167786 -0.348842 0.089861 -0.731393 0.161258 -0.431908 -0.592262 -0.276546 -1.594839 -0.914954 -0.574183 -0.021502
D00616 -0.432448 -0.420414 0.789467 -0.128334 0.573608 -0.841252 -0.345362 0.282808 -0.542867 -0.099850 -0.010490 0.439252 -0.840588 0.193612 -0.627063 -0.806364
hsa9311 -0.315876 -0.181709 0.026394 0.448533 0.315083 0.744845 -0.796996 -0.527760 0.575175 0.095500 -0.544443 0.220439 -0.682427 0.292350 0.571508 -1.126448
D00358 0.071309 -0.179627 -0.081429 -0.307316 0.159833 0.309430 0.524549 -0.905777 -0.414040 0.022448 -0.971746 0.259448 -0.601337 0.383207 -0.130670 -1.025187
D00640 0.439744 -0.715378 0.328809 -0.200708 0.177037 0.423703 0.020908 -0.488199 -0.272933 0.141103 -0.583345 0.745430 -0.558317 0.171374 -0.567666 -1.037208
D02088 0.129881 -0.291538 -0.192496 -0.213806 0.215286 0.352775 0.535899 -0.955043 -0.176914 -0.201371 -0.949645 0.189384 -0.910286 0.253170 -0.264269 -0.904921
D02041 0.045311 -0.303636 -0.014497 0.602245 -0.301173 0.763440 -0.091265 0.508421 -0.144883 -0.459908 -1.318762 0.443738 -0.956338 -1.376365 -0.747069 -0.197528
D03365 -0.565607 0.555085 0.471131 0.508043 -0.759708 0.949869 0.508308 -0.591331 -0.703703 0.791288 -0.457040 0.203558 -0.634590 -1.086522 -0.580886 -0.500469
D00648 0.162884 0.493732 -0.055998 0.601483 0.478148 -0.399443 -0.764148 0.615153 -0.955500 -0.354767 -0.176377 -0.624015 -0.876404 0.561105 0.055446 -1.047481
hsa9177 0.472229 0.109462 0.133839 0.742894 -0.262174 1.096251 -0.031093 0.302775 -0.253498 0.093250 -1.334706 0.432239 -0.469654 -0.883899 -1.335119 -0.232998
hsa2560 -0.404134 -0.377897 0.992542 0.333813 0.158941 -0.481828 0.046945 -0.646527 0.075157 -0.766734 -0.917779 -0.270646 -1.551717 -0.851756 -0.374668 -0.108256
hsa777 -1.153857 -0.008077 0.572102 0.047170 0.279046 0.145382 -0.744069 0.424280 -0.352368 -0.116393 -0.764831 -0.176799 -0.159819 0.456908 0.145849 -0.751642
D00739 0.204980 -0.162396 -0.075319 -0.233860 -0.519770 0.188545 -0.023037 -1.078119 -0.475707 0.347976 -0.923507 0.231407 -0.189741 0.592836 -0.247140 -0.832495
D03826 -0.104236 0.733022 0.539003 0.294651 -0.697414 -0.304014 0.505254 -0.032264 -0.677135 1.147333 -0.863151 -0.222785 -0.941627 -0.577701 -0.896297 -0.585967
hsa2890 -0.773461 -0.161575 -0.410346 0.389145 0.488658 -0.769792 -0.838354 -0.042913 0.534529 0.165536 -0.963030 0.242472 -0.949843 -0.560417 -0.050057 -0.226786
hsa285242 0.550130 0.026268 0.203628 0.682668 -0.358686 1.186480 -0.093186 0.240376 -0.326559 -0.142699 -1.312976 0.488742 -0.473732 -0.934947 -1.204556 -0.256045
hsa10369 -1.030969 -0.060196 0.247787 -0.199899 0.500139 0.276637 -0.809559 0.194951 -0.459861 -0.275299 -0.715866 -0.114264 -0.273286 0.253476 0.114927 -0.669270
D00611 -0.369343 0.438013 0.170268 0.262150 -0.774987 -0.109645 0.444119 -0.547620 -0.346881 1.421486 -0.979553 0.101264 -0.801183 -0.521933 -0.641809 -0.516927
hsa2566 -0.456551 -0.189122 0.903094 0.291006 -0.178761 -0.458585 -0.014510 -0.675741 0.009430 -0.531838 -0.653413 -0.303159 -1.318537 -0.998363 -0.522429 -0.057932
D00741 0.225567 0.172280 0.173462 0.075150 -0.387503 0.232547 0.372309 -0.740913 -0.047145 0.423115 -1.235753 0.362975 -0.489498 0.749703 0.183097 -0.949056
D00477 0.407477 0.102344 0.028396 -0.104711 -0.310118 0.599537 0.231014 -0.780027 -0.122283 0.483382 -1.008450 0.384593 -0.716256 0.635390 -0.339463 -0.841811
D02101 -0.042785 0.737129 0.771221 0.732365 -0.855455 -0.114119 0.404493 -0.239343 -0.537829 1.188180 -0.933943 0.137854 -1.019704 -0.688192 -0.643993 -0.339932
hsa1139 -0.127166 0.631748 0.625560 0.353434 -0.879426 0.179480 0.314489 -0.327199 -0.565318 1.303954 -1.167572 -0.232712 -0.867330 -0.818587 -0.874275 -0.214537
hsa2567 -0.425459 -0.235729 1.135553 0.224932 -0.176595 -0.557656 0.117503 -0.613787 0.177436 -0.332287 -0.756279 -0.426557 -1.247517 -0.944373 -0.652236 -0.328273
D00110 0.217812 -0.269287 0.000586 0.279068 -0.807199 0.578098 0.058705 0.068035 -0.827114 -0.425326 -0.736137 0.438448 -0.505951 -0.950745 0.401899 -1.282416
hsa2569 -0.576005 -0.294024 0.859436 0.273115 0.189484 -0.619499 -0.122206 -0.597803 0.282628 -0.342651 -0.693603 -0.287851 -1.467126 -0.690997 -0.308561 -0.176707
hsa3767 0.096942 0.249711 -0.664236 1.352011 0.487178 0.024738 -0.931253 0.156323 -1.458127 -0.449144 0.217589 0.512717 -1.070801 0.266097 -0.503467 -1.002209
D00809 0.434346 -0.970390 0.700593 0.777056 -0.081688 0.499478 -1.011502 -0.213381 -0.706952 0.735801 -0.236967 0.100947 0.081922 -0.991735 -0.705135 -0.871657
hsa2563 -0.297431 -0.399059 0.935544 0.274975 0.058043 -0.267068 0.043755 -0.541685 0.024607 -0.770338 -0.790836 -0.252963 -1.594549 -0.889610 -0.524444 -0.060817
hsa3708 -1.083035 -0.075601 0.230804 -0.102793 0.261611 0.279829 -0.857833 0.369499 -0.273109 -0.161867 -0.909818 -0.083133 -0.359071 0.373616 0.094741 -0.471196
hsa1141 -0.583212 0.831817 1.383448 0.272244 -0.744801 0.703363 0.405921 -0.392899 0.191749 0.471489 -0.674584 -0.137210 -0.638713 -0.709694 -0.615923 -0.525159
D05156 -0.218111 0.841439 0.627724 0.436638 -0.621227 -0.046602 0.203822 -0.610801 -0.688193 1.263091 -0.986907 0.287674 -0.300776 -0.604912 -0.502144 -0.088229
hsa9254 -1.024178 -0.105123 0.051239 -0.084651 0.353184 0.242874 -0.811843 0.292914 -0.398234 -0.344993 -0.934803 -0.221511 -0.084635 0.294489 0.011719 -0.638595
D05453 0.154582 0.675172 0.769967 0.548019 -1.285992 0.004826 0.064223 -0.488710 -0.806072 0.885173 -0.502324 0.163629 -0.917268 -0.417843 -0.195321 -0.297893
D02098 0.303289 -0.064224 0.153445 0.072769 -0.487080 0.361683 0.201556 -0.716246 -0.147675 0.487682 -1.221978 0.252249 -0.329994 0.547672 0.161543 -0.995898
hsa774 -1.140634 -0.023929 0.507905 0.040480 0.369115 -0.038315 -0.713147 0.289348 -0.661580 -0.057633 -0.684597 -0.195696 -0.169208 0.447749 0.245007 -0.698038
D00639 0.345318 -0.369690 -0.308865 -0.275299 0.080553 0.148805 0.393631 -0.844539 -0.272465 -0.286583 -1.068298 0.307415 -0.807684 0.046289 -0.263447 -0.863838
hsa6340 -0.290254 0.005947 0.135323 0.287853 0.428706 0.626436 -0.817604 -0.631972 0.515181 -0.215975 -0.470060 0.373885 -0.443563 0.171462 0.367407 -0.953105
hsa55515 -0.480042 0.103990 0.098068 0.291767 0.430332 0.790234 -0.722217 -0.499083 0.583754 0.120926 -0.416603 0.160853 -0.700292 0.223015 0.398150 -1.112777
D00799 0.030536 -0.803935 0.364681 1.003436 -0.280161 -0.167437 0.169390 -0.729914 -1.419077 -0.229313 -1.181496 -0.246577 0.577104 0.250527 -0.771060 -0.241796
D00638 0.028088 -0.531871 0.378273 -0.168170 0.306337 -0.653097 0.014847 -0.768073 -0.440493 0.242079 -0.972354 0.588416 -0.066061 0.902276 -1.055877 -0.652851
D00812 0.417141 -0.909982 1.021348 0.581552 0.167621 0.685241 -1.025151 -0.756998 -0.364001 0.398773 -0.307129 0.445602 0.157219 -0.749230 -0.624143 -0.602447
hsa781 -0.777343 0.221450 0.275474 0.019504 0.389016 0.171180 -0.852773 0.487291 -0.190298 -0.531569 -0.904821 -0.101421 -0.093028 0.341370 0.034271 -0.678319
hsa51802 -0.361486 0.207554 0.065535 0.357316 0.367750 0.608809 -0.549253 -0.375630 0.461508 -0.063967 -0.601291 0.255125 -0.611893 0.307425 0.500002 -0.989582
hsa2564 -0.280475 -0.425818 0.856554 0.169431 -0.232695 -0.889851 -0.049330 -0.536563 0.053266 -0.643648 -0.804044 -0.394547 -1.182710 -0.861605 -0.532235 -0.337584
D00336 0.047784 0.266231 -0.578159 0.587029 -0.032685 0.777677 -1.287653 -0.644051 -1.657170 -0.372261 -0.151072 -0.137669 -1.101830 0.522056 -0.539207 0.054850
hsa8989 -0.988476 0.058977 0.235460 -0.152213 0.277030 0.157840 -0.761342 0.347271 -0.371095 -0.198874 -0.672945 -0.469431 -0.295785 0.258753 0.117316 -0.758178
D01712 -0.440430 0.157166 0.658545 -0.008383 0.040080 0.642440 -1.241163 -0.035572 -0.997981 -0.173507 -0.890059 0.052906 -0.888803 0.502091 0.337646 0.578673
hsa59284 -0.993386 -0.108192 0.222189 0.052753 0.396807 0.331809 -0.965920 0.233709 -0.273417 -0.398918 -0.775383 -0.103454 -0.065227 0.218389 0.129452 -0.533809
D00678 0.625823 -0.565852 0.594582 0.306014 -0.114237 1.264998 -0.689341 0.004792 -0.414920 0.281969 -1.281986 0.406371 -0.435445 -1.067475 -1.103396 0.144034
hsa6332 0.031246 -0.060328 0.323436 0.001378 0.239356 0.344419 -0.300813 -0.547117 0.124016 -0.075481 -0.633845 0.192755 -0.372125 0.443946 0.301928 -1.086623
D02173 -0.355289 0.492684 0.242692 0.439649 -1.299603 0.098439 0.420496 -0.066436 -0.754136 0.943941 -1.134392 -0.121689 -0.744591 -0.719388 -0.631842 -0.096950
hsa785 -0.689277 -0.095141 0.174131 -0.150111 0.587944 0.448210 -0.788688 0.313510 -0.290928 -0.243548 -0.811687 -0.325131 -0.418640 0.253369 0.247404 -0.743734
hsa6532 0.362660 -0.188503 0.654117 0.601776 -0.971908 0.417106 -0.076310 -0.231899 -0.987729 -0.015245 -0.649113 0.129518 0.163889 -1.429525 0.068276 -1.576927
D00394 0.593679 -0.811210 1.080092 0.634461 0.141866 0.778376 -0.617928 -0.400359 -0.507712 0.087012 -0.390732 0.258055 -0.006951 -1.067858 0.075540 -1.080293
D02087 0.211133 -0.467426 0.006664 0.795211 -0.196394 0.296662 0.410007 -1.058116 -1.121013 -0.296158 -1.110175 0.131199 0.192563 0.478340 -0.330728 -0.427875
D00617 -1.059384 0.323020 0.824967 -0.424368 0.143110 -0.257160 -0.637435 0.709519 -0.582056 -0.280839 -0.523292 0.519316 -0.315659 0.396176 -0.383163 -0.943699
D01453 -0.366480 0.118066 0.806092 0.084599 0.225113 0.596962 -1.139523 -0.136060 -0.947599 -0.318223 -1.017075 0.042940 -1.061865 0.736721 0.347009 0.662456
hsa3739 -0.136034 0.197256 0.098660 -0.425147 0.275650 -0.750221 -0.509378 0.300369 -0.726213 0.180129 -0.827604 0.550869 -0.200285 0.531350 -0.790737 -0.820069
D02409 0.050185 0.221950 0.615946 -0.129388 0.063608 0.318944 -0.985817 -0.028696 -0.631614 -0.327805 -1.096963 -0.001502 -1.067780 0.162509 -0.104574 0.864558
hsa784 -0.839255 0.015975 0.219365 -0.141331 0.365661 0.377894 -0.918699 0.378658 -0.331785 -0.217444 -0.721664 -0.349553 -0.480751 0.184672 0.316246 -0.719041
hsa5310 -1.081887 0.164715 0.112806 0.107853 0.326426 0.478734 -1.070370 0.276895 0.107126 -0.237823 -0.530345 -0.015142 -0.682058 0.392570 -0.085778 -0.528461
D00227 -0.232493 0.096767 0.690201 -0.060761 0.011520 0.628233 -1.307226 -0.105045 -0.846610 -0.190360 -0.957567 0.226717 -0.903112 0.451822 0.318652 0.582079
hsa6338 -0.304807 0.058142 0.275623 0.126766 0.337986 0.576572 -0.832385 -0.502171 0.459118 -0.029743 -0.384135 0.376281 -0.340668 0.262816 0.191759 -1.044657
D00219 0.109204 0.805012 -0.697646 0.806394 0.071923 0.609889 -1.044254 -0.530794 -2.017724 -0.356191 0.283940 0.455529 -1.356643 -0.000675 -0.620537 -0.602110
D00677 0.090007 -0.327861 -0.478721 0.429418 -0.641891 1.140119 -0.147048 0.378899 -0.724834 0.119790 -1.469001 0.297180 -0.670094 -0.675465 -0.962276 0.083511
D00798 -0.298343 -0.587948 -0.266032 1.207401 -0.493976 0.072856 -0.082877 -0.494608 -1.542896 -0.303894 -1.077510 0.281670 0.358783 0.414295 -0.389527 -0.126522
D02461 0.240587 0.037361 0.715373 0.557189 -0.154216 -0.889742 -0.211722 -0.082425 0.018013 -0.739812 0.073013 -0.144062 -1.408766 0.129003 -0.452902 -0.724812
hsa6324 -0.112910 0.025368 0.398375 0.445523 0.393849 0.366122 -0.665169 -0.539093 0.426248 0.018460 -0.775110 0.494602 -0.147959 0.403198 0.522339 -0.964017
hsa6531 -0.025127 -0.307670 0.440313 0.531845 -0.669996 0.889428 0.123276 -0.310546 -1.246503 -0.630534 -0.663826 0.037828 -0.567443 -1.352773 0.676800 -1.176055
hsa3710 -0.827826 0.050025 0.307469 -0.223694 0.417676 0.299850 -0.754437 0.205420 -0.305686 -0.105298 -0.792702 -0.377310 -0.309118 0.354815 0.175814 -0.602176
D00319 -1.182432 0.179386 0.700942 -0.283728 0.228493 -0.204010 -0.723072 0.557418 -0.661270 -0.455849 -0.389110 0.408116 -0.314979 0.376154 -0.213396 -0.987148
D00546 -0.870505 -0.261355 0.006603 0.259100 0.157118 -0.997796 -0.372500 0.138941 0.423124 -0.445829 -1.086701 0.045430 -0.851418 -0.566875 -0.632484 -0.132969
D00340 0.006084 1.596122 -0.083374 0.280587 -0.027666 -0.875857 -1.377881 -0.559275 0.212919 -0.912865 -1.403186 -0.231230 0.092412 -0.671471 -0.049779 -1.205622
D02204 -0.643407 0.766456 0.605305 0.683100 -0.501853 0.068168 0.215973 -0.440867 -0.590845 1.349243 -0.630795 -0.182141 -0.488019 -0.244479 -0.523317 -0.175505
D01599 0.034401 0.593569 -0.583994 1.227668 0.290725 0.748775 -0.954056 0.044079 -1.786279 -0.659551 0.313391 0.587010 -1.418341 -0.120471 -0.625226 -0.890488
D00658 -0.057105 1.385293 -0.321702 0.198554 -0.207145 -0.746985 -1.284224 -0.551265 0.280556 -0.912646 -1.495510 -0.058618 0.188912 -0.586688 -0.005306 -1.274669
D00633 0.207911 0.006240 -0.451313 0.136634 -0.016616 1.112135 -0.175514 -0.296560 0.230908 -0.343760 -1.602442 0.542794 -0.236142 -0.976698 -0.909351 -0.365231
hsa6339 -0.299984 0.114396 0.211172 0.321031 0.259240 0.442933 -0.794966 -0.360611 0.514676 -0.022140 -0.564410 0.621898 -0.316142 0.162419 0.448903 -1.150047
hsa55503 -1.228131 -0.094210 0.321249 -0.090526 0.544847 0.325531 -0.605384 0.182980 -0.334236 -0.023513 -0.601287 -0.325583 -0.328205 0.171712 -0.077685 -0.526618
D00326 0.206449 -0.725267 0.026932 1.481800 0.453378 -0.245283 -0.229698 -0.302544 -0.905274 0.501185 -0.696039 -0.584154 0.162475 0.221799 -0.557639 -0.609911
hsa27092 -0.966350 -0.147142 0.280804 -0.125572 0.532626 0.482317 -1.010547 0.154913 -0.297117 -0.255365 -0.844386 -0.005616 -0.126262 0.400786 0.098516 -0.599582
hsa3759 -0.643483 0.289887 -0.376054 1.178706 0.923394 0.061405 -0.917276 -0.342062 -1.067205 0.269518 -0.385654 0.538280 -0.026559 0.369932 -0.359295 -0.375066
hsa2742 -0.235389 -0.556522 0.322729 0.543359 -0.408670 0.143638 -0.105370 0.198452 0.490308 -0.935364 -1.186093 0.151119 -1.386138 -0.999756 -0.831501 -0.203134
hsa27133 0.614618 0.345825 -0.424360 -0.036461 0.126939 -0.244273 -0.690020 0.163536 -0.622108 0.616831 -0.775591 -0.472839 -0.164521 0.395336 -0.478640 -1.390081
hsa55800 -0.335605 0.190915 0.232464 0.438810 0.363842 0.392392 -0.768898 -0.284532 0.372421 -0.002794 -0.816461 0.478976 -0.138887 0.300419 0.564972 -0.911373
D00519 0.075165 1.278152 -0.188684 0.329418 0.353341 -0.910596 -1.076223 -0.456867 -0.035643 -0.700435 -1.102929 -0.364509 0.109021 -0.603468 -0.300565 -1.019923
hsa6337 -0.255511 -0.053312 0.332310 0.041999 0.315012 0.443203 -0.903582 -0.317314 0.552866 0.011436 -0.745686 0.350904 -0.364556 0.186117 0.391190 -1.013924
hsa55799 -0.956427 0.057992 0.378085 -0.167444 0.600573 0.004709 -0.796899 0.375225 -0.240857 -0.146929 -0.962618 -0.630404 -0.272498 0.305740 0.089474 -0.583698
hsa3784 -0.146712 -0.019444 0.618046 -0.052905 0.336865 -0.425791 -0.898974 -1.202039 -0.761013 -0.197381 -0.772696 0.004562 0.978659 -0.029942 -0.824177 -0.540591
D00331 0.419835 0.656362 0.529739 0.464437 0.017041 -0.398099 -0.779286 -1.094673 0.287247 -1.003640 -0.478100 -0.732553 -0.549595 -0.507583 -0.558964 -0.317953
hsa170572 0.410875 -0.309150 0.013051 0.817377 -0.177928 1.289009 -0.201516 0.149314 -0.242077 -0.007561 -1.619205 0.410563 -0.714338 -1.166853 -0.948391 -0.099573
D05461 -0.042072 -0.188966 1.000825 0.918388 -0.358229 -0.729143 -0.030757 -0.642080 -0.249043 -0.150058 -0.679194 -1.141701 -0.836352 -0.486141 -0.417916 -0.033862
hsa116443 -0.398228 -0.439028 0.298617 0.481123 -1.563194 -0.071973 -0.900677 -0.031693 0.299645 0.000645 -0.246427 0.313397 -0.641337 -0.453874 0.033354 -0.972328
D00228 0.543004 0.107259 0.270715 0.937477 -0.723398 0.211973 -0.091153 -0.290137 -1.022440 -0.831257 -0.940061 0.639034 0.340800 -1.145680 -0.314832 -0.791933
hsa3744 0.009937 0.039012 0.280335 0.336589 0.285926 -0.891861 -1.163689 -0.030964 -0.259105 0.543505 -0.639562 0.469673 -0.484050 0.832492 -0.622196 -0.224784
hsa3765 -0.563936 0.181323 -0.581478 1.374210 0.876383 -0.199417 -0.904288 -0.146270 -1.203072 0.059813 -0.203143 0.626180 -0.233034 0.293600 -0.276324 -0.795610
D00539 -1.612410 0.675189 0.551539 0.271497 -0.174865 0.148088 -0.174488 -0.370373 0.140829 -0.358589 -0.154903 -0.594874 -0.548547 0.429795 -0.697996 -0.437135
hsa3746 -0.253430 0.023289 0.505518 0.095918 1.009588 -1.138279 -0.556582 -0.063711 -0.718814 -0.023862 -0.166546 0.677456 -0.497184 -0.247869 -0.425935 -0.838428
D01118 0.279446 -1.124565 1.462214 0.529294 0.561947 0.281467 -0.277903 -0.397662 0.014257 0.314661 -0.120025 -0.042240 -0.412486 -0.313894 -0.463759 -0.831305
D00283 0.408691 -0.074039 0.640977 0.881752 -0.710093 0.722524 0.203467 -0.107142 -1.050049 -0.660018 -1.152884 0.295270 0.326489 -1.004230 -1.201059 -0.367077
D00615 -1.320565 0.046607 1.091541 -0.352776 0.373608 -0.210268 -0.575839 0.619227 -0.667738 -0.104066 -0.251094 0.355795 -0.366955 0.265302 -0.098665 -1.229329
D00791 0.003893 -0.782806 0.518371 0.785990 -0.117507 -0.163586 -0.267396 -0.872204 -1.276229 0.294462 -1.251852 -0.444076 0.803835 0.074084 -0.436075 -0.194296
hsa3780 0.197345 -0.006143 0.828445 1.249181 0.690741 -0.234719 -0.568073 0.042663 -0.455583 0.989577 -0.581677 -0.344997 -0.083836 -0.134657 -0.391274 -0.034866
D01256 -0.137030 1.186253 -0.563574 0.187669 0.051633 -0.940066 -1.212039 -0.623852 0.143637 -0.647120 -1.442000 -0.130906 -0.009645 -0.675225 0.091239 -0.927260
D00367 0.203214 -0.288658 0.929598 0.533811 -0.366841 0.077508 -0.037103 -0.237203 -1.060191 -1.091990 -0.682767 0.346420 -0.059329 -1.201006 0.048317 -0.563779
D02546 -1.130425 -0.164762 -0.412813 0.578150 -0.796698 -0.343761 -0.846684 -1.393439 0.048865 0.935705 -0.833661 0.403617 0.031865 -1.204262 0.490449 -0.917111
D00816 0.462208 -1.053989 0.574015 0.225648 0.093975 0.311744 -0.950485 -0.512351 -1.068209 0.425418 -0.572283 0.406826 0.157538 -1.306034 -0.536889 -0.813357
D00823 0.011643 -1.049923 0.060152 1.411936 0.467600 -0.159789 -0.183703 -0.423807 -0.733599 0.319676 -0.518265 -0.506061 -0.070413 0.083824 -0.734096 -0.490325
hsa2891 -0.228245 0.311756 -0.836929 0.421308 0.405498 -0.809369 -1.274905 -0.526084 0.421759 0.049671 -0.998260 0.261791 -0.523088 -0.462854 0.046073 -0.689124
D05024 -1.293308 0.204644 0.655535 0.375180 0.195523 0.187586 -0.509168 0.373774 -0.207424 0.385002 -0.455782 -0.078598 0.080124 0.893819 -0.609050 -0.806488
D00373 0.131103 -0.322193 -0.440307 1.193176 -0.577607 -0.005354 -0.151653 -0.574954 -1.582091 -0.372469 -0.873776 0.545503 0.312639 0.258805 -0.511049 -0.506258
D06172 0.139825 -0.581882 -0.045312 -0.049655 0.371139 0.134048 0.914993 -1.065205 -0.737777 -0.284592 -0.820021 0.044508 -1.101759 -0.109000 0.120747 -0.962482
D00354 0.040886 0.149734 -0.673668 -0.049598 -0.017544 0.518010 -0.029635 -1.004023 -0.099613 -0.194716 -0.965390 0.312132 -0.581418 0.669592 -0.395755 -0.784164
D00380 0.137474 0.842078 -0.566932 0.993390 0.394851 1.015161 -0.766144 -0.273155 -1.615915 -0.526239 -0.003242 0.538397 -1.121811 -0.149994 -1.038593 -0.186274
hsa200909 0.495943 -0.367823 -0.266676 0.333289 -0.195207 1.195113 -0.471731 0.043967 -0.181828 0.038711 -1.767836 0.281364 -0.626758 -1.199038 -1.008244 -0.036051
D00654 -0.075669 1.532977 -0.137984 -0.115064 -0.181819 -0.660844 -1.305177 -0.621140 0.578249 -0.746491 -1.344594 0.012804 -0.142279 -0.710194 0.006092 -1.338476
hsa83795 0.360357 0.654388 -0.289269 0.020053 0.989244 -0.346399 -0.168476 -0.008324 -0.853564 0.628564 -1.061454 -0.058641 -0.337823 0.294940 -0.334403 -0.815727
D02163 0.312230 -0.721810 0.629304 1.204089 -0.012617 -0.173150 -0.140119 -1.178717 -1.133494 0.517290 -1.102210 -0.440086 0.231382 -0.184871 0.017543 -0.001484
hsa1080 -0.269153 0.232573 0.223099 0.148543 0.062350 0.758781 -1.311710 -0.346005 -1.355614 -0.510305 -0.529632 0.049085 -1.428476 0.525439 -0.132554 0.788265
D00543 -0.864895 -0.561990 0.286041 0.262979 0.361367 -0.818613 -0.576460 0.270898 0.496460 -0.164685 -1.198502 0.332588 -0.850230 -0.505784 -0.689088 0.080437
D00513 0.705168 -0.103846 0.542531 0.552563 -0.034442 1.303862 0.025835 0.604213 -0.281088 0.109748 -1.056302 0.659506 -0.528812 -0.368003 -1.351951 -0.674595
D00438 -1.249988 0.430401 0.712188 -0.017822 0.073439 0.008771 -0.533810 0.679789 -0.380582 -0.453597 -0.638326 0.072866 -0.069568 0.342633 -0.029799 -1.218847
hsa3788 -0.532977 0.339254 -0.093543 -0.197392 1.112009 -0.240609 -1.311242 -0.659263 -0.545262 0.829696 -0.291710 -0.105125 -0.182722 -0.142284 -0.488618 -0.819853
D00647 1.083930 0.445280 -0.375214 0.587171 0.148765 0.196431 -0.703507 0.394300 -0.642323 -0.136362 -0.819874 -0.825295 0.032479 -0.056547 -0.645630 -1.122557
D00451 0.973415 0.489377 0.022702 0.696929 0.084838 1.116029 -0.471612 0.347686 -0.459492 -0.277017 -0.766131 0.064285 -0.589784 -0.936059 -1.231109 -0.599074
D00379 0.193942 0.558032 -0.827719 1.243225 0.158289 0.665292 -1.315036 -0.083700 -1.799621 -0.346289 0.201217 0.869685 -1.664272 -0.000450 -0.715713 -0.814722
D03742 -0.170441 0.134843 0.666327 0.459691 -1.796128 -0.030795 -0.120612 -0.067754 -0.467547 0.470117 -0.360188 -0.103383 -0.361338 -0.864579 -0.213219 -1.144176
hsa2902 -0.620815 -1.139411 0.029459 0.493132 -1.536659 -0.343622 -1.409604 -0.584853 -0.506111 0.134243 -0.436010 -0.231626 -0.464696 -0.526787 -0.141903 -0.589208
hsa3756 0.283259 0.293159 -0.268915 -0.162740 0.372235 -0.486488 -0.901380 0.038410 -0.608066 0.477451 -0.715797 -0.361336 -0.181893 0.518994 -0.320155 -1.076599
hsa2898 -0.979672 -0.355876 -0.844284 0.477171 -0.252661 -0.622389 -1.050517 -0.979379 0.346150 0.701137 -1.170442 0.421302 -0.535779 -0.969806 0.422329 -0.693504
D02630 -1.027119 -0.258295 0.340392 -0.049115 -0.577208 0.215906 -1.330579 -0.248866 -0.120944 -0.024907 -0.364463 -0.628350 0.011266 0.921111 -1.046928 -0.483644
hsa9424 0.358783 0.589381 -0.283451 0.094611 0.771853 -0.348538 -0.271493 -0.011001 -1.143726 0.259783 -0.645415 -0.130226 -0.348978 0.478178 -0.104660 -1.053204
hsa2905 -0.776118 -0.949194 0.231356 0.488568 -1.459237 -0.395364 -1.150040 -0.775199 -0.582203 0.106025 -0.072666 -0.057857 -0.424191 -0.270024 -0.686211 -0.632310
hsa2897 -0.786951 0.084234 -0.524546 0.147020 -0.661176 -0.612085 -0.884788 -1.257376 0.260708 0.497778 -1.015710 0.328610 -0.510990 -0.818326 0.873060 -0.944844
D00651 0.434361 1.136211 -0.093953 0.638962 0.282363 -0.360410 -1.034975 -0.507408 0.435227 -0.865985 -0.825854 -0.746168 -0.149712 -0.494259 -0.487686 -1.062692
hsa3762 -0.688752 0.128274 -0.479874 1.159204 0.874124 -0.125819 -0.881527 -0.093078 -1.020371 0.161703 -0.574625 0.432761 0.176537 0.098445 -0.162630 -0.595836
hsa6833 0.312321 0.802614 -0.414711 0.147435 0.580320 -0.014900 -1.181586 -0.740165 -1.358097 -0.620088 -0.333394 0.171114 -0.933078 0.091660 -1.061071 0.360173
D00335 -0.010684 0.448247 -0.730898 0.932081 -0.001251 0.437993 -0.928280 -0.469988 -2.039379 -0.219700 0.118285 0.547980 -1.301934 0.205214 -0.417637 -0.392175
D01253 -0.870142 -0.448424 0.742572 0.892895 -0.133129 -0.188216 0.175783 -1.289252 0.160504 -1.236644 -1.149504 -0.772683 -0.414753 -0.388293 -0.035805 -0.237762
D01799 0.186594 0.818799 -0.661428 1.228066 0.324643 0.522485 -1.038422 -0.000414 -1.948564 -0.449648 0.253216 0.800953 -1.612136 -0.022113 -0.761540 -0.914376
D05077 -0.081849 -0.508795 -0.253360 1.057606 -0.276492 0.167002 0.352350 -0.845073 -1.260651 -0.436531 -1.193637 0.510392 0.394177 0.381118 -0.233654 -0.596417
hsa2906 -0.367272 -0.807069 0.315509 0.479200 -1.608877 -0.431919 -1.356437 -0.980503 -0.685810 -0.010186 0.008447 0.013425 -0.310176 -0.424901 -0.614609 -0.695698
D02914 -1.076062 0.203449 0.936956 -0.324609 0.389074 0.032196 -0.662849 0.792297 -0.857845 -0.423558 -0.322593 0.513526 -0.423877 0.409486 -0.306273 -1.035436
hsa3776 0.656939 0.545995 -0.379095 -0.104387 0.478324 -0.194078 -0.110386 0.308847 -0.841194 0.377761 -1.251742 -0.198901 -0.269670 0.302015 -0.193213 -1.245391
hsa2903 -0.481609 -0.887252 0.232927 0.415533 -1.582993 -0.440235 -1.224077 -0.570281 -0.723053 -0.050283 -0.176781 0.003554 -0.487148 -0.583076 -0.526029 -0.602665
D00733 0.256104 -0.086291 0.281328 0.658157 -0.242806 0.763917 0.414520 0.085668 0.207346 0.437573 -0.940706 0.482172 -0.329818 0.514421 -0.526153 -1.075061
D05458 0.283232 -0.113791 0.268194 0.203197 -0.324468 0.834999 0.291884 -1.135056 -0.828561 -0.821249 -0.567986 0.457486 -0.804770 -0.780579 0.867163 -1.207042
hsa2743 -0.244539 -0.690305 0.239448 0.604481 -0.374832 -0.133127 0.030013 0.089086 0.417537 -1.068505 -1.229139 -0.052912 -1.434404 -0.722046 -0.719692 -0.367359
hsa3747 -0.011230 0.427051 0.818904 0.528732 1.058043 -0.960861 -0.880617 0.108223 -0.569851 0.395805 -0.443197 0.767079 -0.336853 0.085515 -0.320101 -0.513848
hsa3752 -0.391479 0.826136 0.262941 -0.013307 0.162709 -0.202624 -0.101811 -0.489715 -0.686483 0.842363 -0.685589 0.818234 0.247024 0.192061 -0.804945 -0.364466
hsa3768 -0.736508 0.374129 -0.331856 1.209048 1.086313 0.179787 -0.809380 -0.318968 -1.121301 -0.016641 -0.096392 0.688457 -0.274131 0.217394 -0.295475 -0.590038
hsa56659 -0.400896 0.501761 -0.247036 0.399171 1.594168 0.087534 -0.514471 0.460839 -0.462715 0.189567 -1.253055 0.015294 -0.429569 0.128216 -0.553219 -0.203194
D00480 0.249831 -1.371013 1.001796 0.293247 0.636639 0.270611 -0.413234 -0.196606 -0.495294 0.489420 -0.296283 0.294938 -0.405373 -0.344926 -0.206903 -0.971843
hsa54207 0.239624 0.503241 -0.162775 -0.311791 0.729568 -0.588294 -0.187612 -0.116493 -1.036856 0.527051 -1.057761 -0.054279 -0.193115 0.203909 -0.195333 -0.928522
D02253 -0.671588 0.283050 0.619251 0.890205 -0.655467 -0.662473 -0.104932 -0.511654 0.359903 -0.493162 -0.402545 -0.818372 -1.293557 -0.663475 -0.940402 -0.423367
hsa6330 -0.182013 0.084164 0.549205 0.077071 0.506388 0.544038 -0.749267 -0.548716 0.184004 -0.204452 -0.492608 0.537765 -0.116125 0.255816 0.346857 -1.100146
D02360 0.337995 -0.193495 0.790758 0.365512 -0.404424 0.359816 -0.224542 -0.645377 -1.083882 -0.368431 -0.431810 0.289785 0.447828 -1.537832 -0.907000 -1.083253
D01969 -0.900329 0.227860 1.117318 0.689376 0.272230 -0.376065 -0.021836 0.666048 -0.480034 0.727571 -0.421895 0.015277 0.072107 0.432221 -0.334713 -0.859355
D00464 -0.655053 -0.450530 0.823143 0.680549 0.041432 -0.088905 0.164025 -0.625080 0.355196 -0.940826 -1.034253 -0.861460 -0.559589 -0.146475 -0.191986 -0.420998
D00536 -0.224337 -0.613934 0.170801 0.441981 -1.056909 0.102661 -0.335399 0.135964 0.433527 -0.882702 -0.784410 0.493381 -1.397133 -0.461449 -0.046481 -0.655117
D01111 -0.418760 0.155876 -0.910908 0.584319 -0.119897 1.182558 -0.237770 0.017751 -1.385511 -0.661524 -0.432090 0.774914 -0.738404 -0.406854 -0.169950 -0.606983
D00338 -0.499203 -0.711536 0.827070 1.256624 0.383314 -0.257636 0.238752 -0.788255 0.048231 -0.667357 -0.704714 -1.136804 -0.293125 -0.216672 -0.701688 -0.378760
D00351 0.433058 -0.086855 0.181495 0.405114 -0.697237 -0.275727 -1.406876 -0.143647 -0.548779 0.525800 -0.736132 -0.038031 -0.457031 1.104025 -0.252248 0.007803
D00650 -0.023529 1.631065 0.060214 0.278484 0.113026 -0.580439 -1.079169 -0.567439 0.604371 -0.833514 -1.093970 -0.382394 -0.160427 -0.853564 -0.361782 -1.005453
D00035 -1.131551 0.509498 -0.221545 0.338169 -0.414756 1.051611 -0.173731 -0.397037 -0.990938 0.267873 -0.664309 0.585622 -0.050005 -1.589164 0.810772 -1.152526
hsa2899 -1.029436 0.200564 -0.509777 0.590522 -0.599293 -0.152811 -0.948619 -1.116290 0.536852 0.842238 -1.011244 0.505161 -0.176311 -0.546070 0.610352 -0.987662
hsa3775 0.252729 0.545486 -0.079124 0.550508 1.137836 -0.521338 -0.454903 0.097141 -0.770102 0.167504 -0.850310 -0.268313 -0.445309 0.400003 0.176326 -0.760047
hsa1145 -0.251783 0.881783 1.006657 0.507697 -0.969429 0.902577 0.454302 -0.628581 -0.004100 1.016582 -0.706441 0.574010 -0.795758 -0.733900 -0.860261 -0.814708
hsa9312 -0.566342 0.233418 -0.237873 -0.226289 1.267902 0.004757 -1.181470 -0.531794 -0.803354 0.594168 -0.521429 0.118549 -0.192979 -0.368861 -0.567577 -0.547367
D00656 0.138253 1.436152 -0.280698 0.105967 -0.013567 -0.659255 -1.538477 -0.573868 0.136031 -1.108933 -1.298609 -0.466190 -0.204502 -0.935839 -0.102706 -1.158896
D02566 0.453807 -0.588030 1.018132 0.527951 -0.612188 0.419813 -0.805711 -0.679638 -0.913803 -0.024421 -0.142681 0.707467 0.018740 -1.401186 -0.486288 -0.926466
D00544 -1.184183 -0.348859 -0.182524 0.833775 0.116297 -0.606915 -0.366833 0.287167 0.564586 -0.330260 -1.176302 -0.170914 -0.928821 -0.695505 -0.328263 -0.111071
D00593 0.237266 0.861433 -0.401969 0.666979 -0.123200 0.627177 -0.883123 -0.553130 -2.148779 -0.312640 0.200689 0.314378 -1.049083 0.161795 -0.085262 -0.506203
hsa9132 0.146473 0.067634 0.136579 0.371451 1.204695 0.105862 -1.107458 -0.133118 -0.340364 -0.239416 -0.413250 0.278265 0.301695 0.110564 -1.143278 -1.128544
hsa3748 0.052050 0.253241 0.596889 0.108474 1.276139 -0.819805 -0.783938 -0.053644 -0.723129 0.288961 -0.516883 0.722308 -0.178819 -0.175734 -0.390521 -0.865629
D01275 -0.667511 -0.055091 0.098809 0.192277 -0.483073 0.475332 -0.206105 0.423587 -1.057375 0.088619 -1.529764 0.346997 -0.174431 0.374424 0.071570 0.566368
D04999 -0.243019 -0.324821 0.350143 0.707280 -1.137327 0.941474 -0.197172 -0.082921 -0.987365 -0.220909 -0.648772 0.161096 -0.830433 -1.286080 0.528333 -0.401606
hsa3761 -0.458181 0.645047 -0.090957 1.118952 0.920174 -0.221966 -0.852507 -0.317666 -0.984951 0.117329 -0.524449 0.662442 0.030036 0.376362 -0.186926 -0.327256
hsa27012 -0.337932 0.446248 -0.304120 -0.171089 1.199134 -0.106427 -1.191157 -0.581108 -0.516849 1.015068 -0.591493 0.261687 -0.225410 -0.383636 -0.479069 -0.712775
hsa2892 -0.315899 -0.000353 -0.686059 0.324506 0.219887 -0.871872 -1.265082 -0.577546 0.529972 0.514674 -0.974273 0.695317 -0.576784 -0.524478 -0.091722 -0.529419
hsa2904 -0.686360 -1.003236 0.100998 0.476594 -1.590322 -0.408453 -1.371420 -0.312210 -0.815053 -0.066492 -0.364848 0.241741 -0.103983 -0.310522 -0.724288 -0.619297
D00636 -0.044361 -0.420035 1.193642 0.938709 0.340132 0.134886 -0.243064 0.510151 -0.314074 0.746766 -0.452940 0.404948 0.150545 0.754961 -1.098737 -0.917579
hsa116444 -0.690048 -0.831091 0.277955 0.612207 -1.424635 -0.249569 -1.301626 -0.801847 -0.297680 -0.036437 0.110422 -0.218400 -0.325815 -0.324377 -0.517552 -0.742727
hsa81033 0.158834 0.498271 -0.297861 0.438333 0.572540 -0.408710 -1.084652 0.157627 -0.808332 0.338049 -0.270180 -0.619397 -0.487097 0.640541 -0.376017 -1.074660
hsa3773 -0.504984 0.577556 -0.347524 1.026655 1.045285 -0.294122 -0.813453 -0.125486 -0.762697 0.204500 -0.524069 0.539451 0.040789 0.302007 -0.586315 -0.554708
hsa2900 -1.069542 0.020434 -0.427023 0.415650 -0.400398 -0.546816 -0.823734 -1.314207 0.459077 0.592510 -1.193791 0.714669 -0.149907 -0.903859 0.481564 -0.903053
D00594 -0.274146 0.243455 -0.650579 1.217847 -0.061434 0.646307 0.016773 -0.938170 -1.767430 -0.595930 -0.699795 0.260507 -0.179485 0.200048 -0.379002 -0.121968
D00234 -0.249680 -0.356852 0.202746 0.247602 -0.394139 0.216081 -1.322706 0.257712 -0.950544 0.288064 -0.188221 -1.396755 -0.299640 0.390799 -0.622097 -0.798822
D00553 0.173463 -0.545952 0.119753 -0.036005 0.416192 0.508699 0.807864 -1.043730 -0.382847 -0.461073 -1.060276 -0.124599 -1.049396 0.243976 -0.066676 -0.720174
hsa11254 -0.746776 -0.084647 0.232227 0.668885 -0.303973 0.971987 -0.165383 -0.516095 -1.249744 -0.002934 -0.949983 0.370132 -0.130133 -1.973527 1.131395 -1.348426
hsa90134 0.216939 0.684355 -0.118224 0.494078 0.232855 -0.419861 -1.076117 0.256080 -0.875072 0.275654 -0.204231 -0.491732 -0.508636 0.703550 -0.118463 -1.201328
D00521 -0.279205 -0.516304 0.287882 0.270789 -0.673710 0.023123 -1.399289 0.358087 -0.941296 0.269676 -0.344045 -1.427102 -0.310544 0.276822 -0.222643 -0.697589
hsa3742 -0.218217 -0.254359 0.129908 -0.031537 0.620015 -0.712402 -0.403510 0.014697 -0.299536 0.647801 -0.824856 0.539723 -0.703441 0.953958 -1.137685 -0.410302
hsa2570 -0.311193 -0.507244 0.857007 0.058425 -0.120196 -0.432340 0.291965 -0.701245 0.314766 -0.544503 -0.996530 -0.282504 -1.405716 -1.194718 -0.224916 -0.558582
hsa2893 -0.265427 -0.253462 -0.658046 0.286220 0.477546 -0.641540 -1.250152 -0.423758 0.686470 0.229450 -1.111440 0.434969 -0.695879 -0.703088 0.256313 -0.929242
hsa5025 -0.052479 1.359804 1.532080 -0.446508 0.071313 1.476698 -0.923710 -0.414397 -1.272632 -0.951983 -2.152504 -0.471979 -0.763154 0.604790 -0.105278 0.380696
D00631 0.750924 -0.696803 -0.096320 0.702682 0.473058 0.628959 -0.891609 -0.058668 -0.275399 -0.121717 -0.126139 0.560572 -0.315492 -0.114861 -1.205002 -1.181124
D00537 -0.356758 0.408436 -0.240622 0.077766 -0.835672 -0.779801 -0.038683 -1.198104 -0.143554 -0.029437 -1.111814 0.076458 -0.610995 -0.583521 0.694897 -0.372086
D01448 0.127314 -0.510723 0.453785 1.239005 -0.132092 -0.313369 -0.148562 -1.013720 -1.073359 0.595268 -1.024284 -0.785590 0.338845 -0.114268 -0.382684 0.069917
D02092 -0.120093 0.156099 -0.550766 0.653352 -0.761334 0.321342 -1.593759 -0.099820 -0.890986 -0.014199 0.184806 -0.910596 -0.691248 0.563817 -0.723039 -0.785770
D00274 -0.000513 -0.149568 -0.432658 0.263088 -0.661785 0.083869 -1.697905 -0.364735 -1.506004 -0.128619 0.204048 -0.941085 -0.597654 0.601330 -0.714071 -0.774762
D04034 0.003312 -0.955988 0.877692 0.224510 0.539132 -0.141068 -0.854236 0.139943 -1.170988 0.636272 -0.568394 -0.989698 -0.074363 -0.280900 -0.399461 -0.402971
D01350 -0.590686 0.402438 0.794481 -0.162944 -0.560684 0.105853 -0.732661 0.040347 -0.961657 0.073630 -1.132152 0.675840 -0.267245 0.081092 0.849198 0.177614
D03037 -0.515447 -0.509912 0.677422 0.206625 -0.689410 -0.472386 -0.957722 -1.408708 -0.978508 -0.141884 -0.977031 -0.585106 0.909641 0.069310 -0.574656 -0.006955
hsa6534 -0.580816 0.155739 0.339553 0.664017 -0.626527 0.904324 -0.242853 -0.117399 -1.259704 0.056018 -0.649041 0.622630 -0.185860 -1.822628 0.861142 -1.514650
hsa26251 -0.234818 0.608696 0.183861 -0.100408 0.814877 -0.181414 -1.635106 -0.208469 -0.479783 0.836927 -0.412557 0.363156 -0.238586 0.056479 -0.331844 -0.532124
D00709 -1.136216 -0.024453 -0.097228 -0.607347 -0.370663 0.171825 0.212251 -1.169759 -0.415702 -0.207753 -0.583607 0.042854 -0.196484 0.779368 -0.382184 -1.008444
D04985 -1.416328 0.675284 0.300793 0.547761 -0.310954 -0.299649 0.051430 -0.385619 0.407534 -0.603724 -0.534606 -0.934434 -1.173618 -0.390875 -1.120927 -0.327109
hsa3787 -0.388553 0.336134 -0.060058 -0.111893 1.144892 -0.159014 -1.289189 -0.755953 -0.705713 1.074284 -0.409624 0.044500 -0.181025 0.017146 -0.367267 -0.772428
D00345 0.336191 0.058358 1.052474 -0.337780 0.377473 -0.012221 -0.915000 -1.432965 -0.574519 -0.511187 -0.304198 -0.107331 0.688336 -0.686047 -0.766676 -0.757406
D03274 0.125585 -1.017869 0.949583 0.443010 0.294947 0.337470 -0.708173 -0.071578 -0.755232 0.893186 -0.326310 -1.227141 -0.195093 -0.487683 -0.441662 -0.707300
hsa5026 -0.044065 1.155571 1.477359 -0.140718 -0.274505 1.606276 -1.343537 -0.590061 -1.266556 -1.097029 -2.120303 -0.860526 -0.741201 0.997698 -0.248234 0.430461
hsa3753 -0.003475 0.646414 0.709116 -0.230498 1.004177 0.094544 -0.674789 -1.024957 -0.856147 -0.208427 -0.039759 -0.101018 0.393077 -0.101477 -0.668402 -0.789268
D00563 0.039842 0.043998 0.762302 0.704313 -0.622854 1.027577 -0.107746 -0.582096 -0.756633 -0.029562 -0.488652 0.680429 0.194910 -1.525939 -1.316481 -0.777691
D01768 0.093596 0.117696 0.211811 0.064970 -0.692390 0.699666 0.378955 -0.232151 0.058232 0.352962 -1.713561 0.367922 -0.264189 0.738081 0.117840 -1.108125
hsa3772 -0.690011 0.729993 -0.307580 0.750140 0.820076 -0.022928 -0.823235 -0.466527 -1.169329 0.305994 -0.199229 0.515027 -0.197105 0.241156 -0.358716 -0.325693
hsa8001 -0.116873 -0.659989 0.378631 0.820206 -0.363889 0.424766 -0.315450 0.610857 0.333513 -1.021103 -1.485014 0.140194 -1.298411 -1.095916 -0.634112 -0.081366
hsa5023 -0.269132 1.564403 1.610182 -0.330066 0.301406 1.284631 -1.131021 -0.575172 -1.006772 -0.926589 -2.207788 -0.637005 -0.672080 0.658672 0.131744 0.425743
D03180 -1.343407 0.587531 0.767885 0.469936 -0.559238 -0.096112 -0.018195 -0.517682 0.313965 -0.673919 -0.311866 -1.104072 -0.938232 -0.170424 -1.061664 -0.353424
hsa3790 -0.627888 0.443102 -0.208518 -0.336899 1.305913 -0.189287 -1.282084 -0.979124 -0.607825 0.964283 -0.279621 -0.036924 -0.507841 -0.311934 -0.655233 -0.714233
hsa3755 -0.112431 0.569342 0.053644 0.095445 1.018110 -0.090044 -1.660995 -0.171490 -0.440063 0.887886 -0.389529 0.539123 -0.384599 0.126500 -0.335885 -0.596745
D00456 0.207379 -0.626037 0.747078 0.284014 -0.330209 1.549644 -0.542570 -0.040590 -0.535303 0.328153 -0.725268 0.071859 -0.173965 -1.245243 -1.323818 -0.672984
hsa3785 -0.337234 0.133300 0.203732 0.238925 1.163247 -0.260739 -0.840935 -0.556249 -0.299428 -0.315556 -0.641852 0.106891 0.548338 0.230658 -1.032127 -0.959467
hsa3751 -0.199941 0.695968 0.244860 0.348814 0.533525 -0.359198 -0.782427 -0.042821 -0.408593 0.302744 -0.677938 0.929712 0.215234 0.260878 -0.795256 -0.385556
hsa5024 -0.255349 1.305130 1.278448 0.155620 0.028969 1.466923 -1.254333 -0.648862 -0.950754 -0.849644 -2.221900 -0.611169 -0.504263 0.939682 0.094482 0.446168
hsa1140 -0.514617 0.978589 1.041323 0.419030 -0.766693 1.296577 0.407885 -0.561790 0.332850 1.120170 -0.931071 0.375179 -1.146345 -0.492719 -1.306245 -0.639029
D01242 0.454045 -1.453753 1.029823 0.737258 0.603989 0.486542 -0.647187 -0.031667 -0.690301 0.515455 -0.516531 0.045986 -0.213367 -0.659370 0.121857 -1.046306
hsa3766 -0.496505 0.703303 -0.595729 0.674708 0.727808 0.078588 -0.922389 -0.175687 -1.230895 0.295614 -0.422832 0.510312 -0.061602 0.027705 -0.411777 -0.492499
hsa3769 -0.550462 0.407983 -0.324395 0.753604 0.947382 -0.122977 -0.879207 -0.381165 -0.950175 0.194781 -0.270257 0.482611 -0.274812 0.081243 -0.091649 -0.275592
hsa3750 -0.169284 0.583969 0.476716 0.161978 0.498633 -0.379832 -0.740300 -0.277283 -0.432759 0.369666 -0.778844 0.749485 0.337146 0.390596 -1.102789 -0.318256
hsa3760 -0.427360 0.271445 -0.450248 0.916137 0.661105 0.027202 -1.098173 -0.066089 -0.770774 0.380510 -0.468369 0.413341 0.324058 0.310700 -0.457391 -0.805480
D02262 0.112342 0.478516 0.163445 -0.354888 -0.335596 -0.845445 0.042972 0.417605 -0.478261 1.104572 -0.942228 0.432676 -0.875786 0.470404 -0.861515 -0.975002
D00533 0.154824 -0.908341 0.949090 -0.202863 0.424843 0.919800 -0.633278 -1.099424 -0.310601 -0.322502 -0.597520 0.314320 0.415338 -0.285230 -0.257922 -0.974622
hsa50801 -0.015461 0.498102 -0.380844 -0.103566 0.772540 -0.479875 -0.430856 0.026056 -0.955822 0.477232 -1.057989 -0.254007 -0.086051 0.046735 -0.067774 -0.791255
hsa3764 -0.377666 0.122922 -0.384464 1.134383 0.584760 -0.557605 -0.889281 -0.302819 -1.213637 0.149805 -0.132750 0.647672 -0.193281 0.199758 -0.251240 -0.691232
hsa3745 -0.628491 0.324666 -0.488696 -0.179336 1.366318 -0.223438 -1.394913 -0.585483 -0.768964 0.939961 -0.620346 -0.057842 -0.219308 -0.401313 -0.748063 -0.719529
D00694 -0.800461 -0.381241 0.759988 0.802297 -0.025573 -0.064573 0.120554 -0.533793 0.513643 -0.927206 -1.207355 -1.274363 -0.688028 -0.167925 0.035979 -0.470171
D04370 0.067260 -0.232728 -0.454236 0.382204 -0.768817 1.302598 -0.081064 0.486461 -1.114902 0.040818 -0.885661 0.367535 -0.585334 -0.856317 -0.914661 -0.575094
hsa2901 -0.877784 0.104839 -0.729502 0.409940 -0.337989 -0.431513 -1.029649 -1.059292 0.802130 0.716183 -1.058797 0.715406 -0.516891 -0.594326 0.382556 -1.116394
D00697 -0.437675 0.434940 -0.067702 1.109661 -0.045815 -0.343573 0.315731 -0.937379 -0.494711 -1.527425 -0.739892 -0.123071 -1.035878 -0.560609 -0.736993 0.236033
hsa40 -0.816767 0.155696 -0.176670 0.836277 0.677593 1.284376 -0.611106 -0.543267 0.612711 0.237243 -0.467036 0.154654 -1.119906 0.417512 0.356231 -1.010418
D00831 -0.195635 -0.333104 0.791434 0.047811 -0.050919 -0.489723 -0.501610 -1.031381 -0.921662 0.010341 -0.673315 -0.373574 0.928050 0.759474 -1.450686 -0.688623
D00418 -0.497508 0.760372 -0.449176 0.375817 -0.151693 1.156530 0.242140 -0.816697 -1.382587 0.487281 -0.021767 0.285245 -0.482850 0.110580 -0.411754 -0.787641
D01575 0.557311 -0.447887 1.581383 1.402046 0.493363 0.121262 -0.648355 -0.003561 -0.192030 0.859403 -0.476122 0.385689 0.058672 -0.554702 -0.460311 -0.694432
hsa3749 0.039795 0.250223 0.552427 0.341309 1.312523 -1.127070 -0.896059 -0.159486 -0.821368 0.235739 -0.381057 0.692111 -0.240510 -0.468624 -0.644841 -0.676016
hsa7881 0.184550 0.316144 0.157099 0.510839 1.203915 -0.304551 -1.026811 -0.351088 -0.348532 0.555688 -1.228570 0.073367 0.270760 0.442762 -0.309964 -0.447529
hsa22953 -0.056769 1.333646 1.632679 -0.186330 0.003620 1.454971 -0.790314 -0.241270 -0.916935 -1.065234 -2.321442 -0.501884 -0.781785 0.404950 -0.194728 0.530582
D01071 -1.614012 0.593265 0.683240 0.631216 -0.602658 -0.202765 0.395814 -0.479311 -0.006675 -0.554703 -0.451355 -1.045895 -0.900596 -0.252225 -0.825006 -0.308341
D00574 -1.311383 0.115688 0.982321 0.427845 -0.527615 0.272773 0.252425 -1.763898 -0.287352 -0.839194 -0.337077 -0.123741 -0.531414 0.661686 0.428109 -0.526874
hsa23630 -0.094887 0.548800 0.404960 -0.025587 1.324386 -0.376787 -0.752030 -0.642933 -0.806715 0.076318 -0.613015 0.202219 -0.073972 0.323739 -0.156325 -0.496794
D00474 -1.062650 -0.454239 0.586605 0.754695 -1.018129 -0.004343 0.269021 -1.303634 -0.174272 -1.067069 -0.730179 -0.323011 -0.752181 -0.280456 0.136233 -0.293732
D00771 0.272506 0.520558 -0.418579 0.484975 0.035311 -0.043837 -0.972504 -0.213373 0.103171 -0.318050 -1.463431 0.702889 0.718546 -0.956321 -0.395073 -0.680381
hsa51305 -0.060021 0.379367 -0.012339 0.275210 1.210998 -0.320931 -0.371475 -0.007966 -0.597957 0.221604 -1.191738 -0.033879 0.028480 0.397192 -0.351518 -0.420588
D01108 -0.220605 0.865837 0.625785 0.016232 0.080086 -0.144867 -0.965737 0.741818 -0.087811 -1.027674 -0.866255 -0.021656 -0.058604 0.422916 0.043834 -1.141528
hsa6529 -0.094495 -0.404505 0.354252 0.507526 -0.950751 0.787490 0.061198 -0.036472 -1.131065 -0.450408 -1.038359 0.439048 -0.352507 -1.459300 0.751681 -1.463922
D00607 0.252073 0.746359 1.039652 0.390038 -0.853790 0.037162 -0.338411 -0.239701 -1.212868 -0.147196 -0.808765 0.842159 -0.514904 -0.958972 1.072014 -0.158182
hsa41 -0.944779 0.181213 -0.090647 0.682125 0.614172 1.551353 -0.993576 -0.839596 0.690073 0.210014 -0.617948 0.009713 -1.014584 0.292859 0.436340 -1.092353
hsa23704 -0.300849 0.673014 0.272424 0.273544 1.211097 -0.517126 -0.687978 -0.525603 -0.381671 0.313647 -0.541097 -0.220393 0.167155 0.295230 -0.672172 -0.722549
hsa93107 -0.071021 0.736323 0.163967 0.070358 1.050633 -0.162270 -1.389291 -0.045730 -0.479037 0.472302 -0.346801 0.250564 -0.222504 -0.168080 -0.086328 -0.788644
D06106 -1.166171 0.598741 0.585255 0.640658 -0.655579 -0.207434 0.027064 -0.656472 0.370137 -0.446796 -0.694460 -0.971700 -0.920999 -0.678487 -1.265572 -0.125220
D02237 0.114813 0.682245 0.830295 0.577782 -0.648586 0.298907 -0.433458 -0.478414 -1.635463 -0.041797 -0.325376 0.706535 -0.560032 -0.675738 1.121919 -0.285981
D02347 -1.046107 -0.512233 1.114677 0.203879 -0.411131 -0.412339 -0.500022 -1.321846 -0.594507 -0.667614 -1.002527 -0.306991 0.086485 0.455111 0.241416 0.511172
D01828 0.333770 0.653548 -0.702275 0.501479 0.250452 0.071381 -0.452691 -1.141093 -1.026664 -1.235362 -0.912911 -0.243798 -0.897174 -0.158334 -0.939189 0.603340
D00708 -0.554519 -0.206761 0.554334 0.724290 -0.544790 0.246257 0.589341 -1.302476 -0.338896 -1.100630 -0.524999 0.008372 -0.436430 0.098760 0.450977 -0.934640
hsa3786 -0.170428 0.195316 0.177761 0.091249 0.969840 -0.185207 -1.275311 -0.342402 -0.518009 -0.266513 -0.783270 0.328729 0.607878 0.285296 -0.841811 -0.734723
D00761 -0.489307 0.483790 1.301602 0.855417 -0.506084 -0.455468 0.844213 0.570127 -0.489254 1.029416 -1.050447 -0.268867 -0.478191 -0.104300 -0.446432 -0.761738
hsa1144 -0.345790 0.965632 1.203265 0.629408 -0.367181 1.254432 0.764204 -0.305306 0.205151 0.892086 -0.738883 0.332004 -1.288808 -0.447468 -1.278593 -0.542055
D04790 -0.533372 -0.160927 0.289679 0.649954 -0.494102 -0.106956 -0.294475 -2.208548 -0.580096 1.285077 -1.214421 -0.693514 0.524751 0.003316 0.105631 -0.292785
hsa3779 -0.236094 0.461570 0.238885 0.081366 0.997028 -0.705099 -1.204813 -0.487988 -0.507030 0.278238 -0.605737 -0.478174 -0.024775 0.152114 -0.108815 -0.539854
hsa5027 -0.284314 1.050714 1.278999 -0.304484 -0.149735 1.621130 -1.023410 -0.261393 -1.090198 -0.690137 -2.059207 -0.207228 -0.414533 0.721238 -0.098498 0.391855
hsa60598 -0.041569 0.605209 -0.173562 0.547595 1.397571 -0.159326 -0.648814 -0.199182 -0.342440 0.331394 -1.016561 -0.015958 -0.358911 0.578941 -0.317467 -0.291035
D03450 -0.032758 0.094907 0.823888 0.564529 -0.404311 0.348358 -0.375082 -0.355322 -1.445469 0.822901 -0.973579 0.296891 -0.504929 -0.261271 0.593986 0.662016
hsa10008 -0.057386 0.588886 0.392575 0.160791 1.120162 -0.233821 -1.216098 -0.572739 -0.439281 0.200280 -0.360088 0.227337 -0.136084 0.135382 -0.229769 -0.407357
D02485 0.031369 -0.593904 0.624757 1.502162 -0.285514 -0.173973 -0.586390 0.184275 -1.070985 -0.061059 -0.703884 -0.671134 0.664195 0.909810 -0.837855 -0.691470
hsa3754 -0.146922 0.657126 0.050647 0.030857 1.197767 -0.114639 -1.368008 -0.445565 -0.350852 0.819849 -0.461749 0.278149 -0.255466 -0.279350 -0.532315 -0.598754
D01603 1.341987 0.290985 0.478461 0.732396 0.195102 0.444699 -0.658083 0.495130 -0.468160 -0.503770 -0.417780 0.347485 -0.528515 -0.882276 0.235143 -1.409412
hsa8514 0.030635 0.350533 0.112412 0.336690 1.089043 -0.118236 -0.800956 -0.247666 -0.551572 0.351240 -1.276751 0.142887 0.379084 0.394234 -0.178872 -0.581730
D00960 -0.373492 0.267618 1.945098 0.114661 -0.287040 0.453501 0.180596 -0.599015 0.949692 0.424127 -0.610736 -0.025762 -1.164585 -0.530723 -0.145903 -0.709301
D02234 0.089550 -0.304849 0.751488 0.719228 0.034749 0.050755 -0.641081 0.223716 -0.664945 0.770916 -0.257395 -1.578544 -0.534279 -0.635298 -0.536631 -0.339333
hsa9127 0.006282 1.049801 1.460553 -0.513537 0.056296 1.315947 -1.226537 -0.512881 -0.905229 -0.887825 -2.177042 -0.669470 -0.716408 1.075989 -0.208984 0.274837
D00760 -0.394271 0.850454 1.297630 0.862309 -0.397870 -0.182081 0.702992 0.759333 -0.887416 0.858893 -0.613765 -0.168468 -0.321402 -0.348081 -0.620572 -1.064282
D01854 0.778186 -0.333623 -0.500271 1.408870 0.341811 0.400515 -0.552546 0.077273 -0.718530 -0.644849 0.135573 0.390088 -1.193310 0.190836 -0.668865 -1.108938
hsa89822 -0.036858 0.691108 -0.476341 0.022020 0.917014 -0.343220 -0.456571 -0.067401 -0.655576 0.854287 -0.875262 0.207618 -0.338182 0.088362 -0.015203 -1.008985
D00964 -0.794079 0.295016 1.856826 -0.343709 -0.588971 0.761556 -0.347627 0.039318 0.205544 0.273738 -0.507641 -0.516067 -0.843067 -0.560944 -0.184068 -0.270407
D00495 -1.918474 0.727009 0.373377 0.425434 -0.450757 -0.150579 -0.513710 -0.107041 0.209371 -0.320028 -0.255683 -0.639634 -0.792518 0.640562 -0.722545 -0.473559
hsa169522 -0.424764 0.704269 -0.090540 -0.224445 1.048359 0.074920 -1.161648 -0.423670 -0.336674 1.213971 -0.201328 -0.052604 -0.552923 0.052907 -0.625522 -0.988328
D02261 0.176757 -0.349407 -0.409277 -0.137835 -0.297419 -0.797978 -0.239650 0.472243 -1.014623 0.602602 -0.779294 0.495523 -0.789933 0.618159 -0.988780 -0.842910
D00392 -1.831709 0.407033 0.054487 0.184469 -0.251321 0.026197 -0.086864 -0.442676 0.382958 -0.394463 -0.493092 -0.820966 -0.740374 0.634754 -1.009261 -0.527088
D00364 0.300926 -0.135383 0.013305 1.081023 -0.555878 -0.011630 0.736340 -0.755512 -0.956784 -1.222105 -1.272099 0.561119 0.283758 -0.619027 -0.798246 -0.626564
D00765 -0.452661 1.003286 0.496141 0.432226 -1.199190 -0.158460 0.844980 0.226189 -0.749404 0.123313 -0.636759 -0.239080 -0.687777 -1.075056 -0.564187 -1.138036
D00963 -1.199707 1.131003 0.934976 0.392973 -1.257588 0.248908 0.481272 -0.108706 0.093469 -0.168570 -0.541885 -0.529852 -0.561227 -0.520359 -0.888024 -0.780957
hsa11280 -0.038901 -0.253189 0.063943 -0.464753 -0.790892 0.516567 0.163905 -0.174877 -0.502767 -0.223468 -1.114681 0.524772 -0.079903 -0.323372 0.396070 -1.558048
D00504 0.271328 0.068776 -0.544838 0.179668 0.186982 0.667735 0.278984 -1.175453 -0.882270 -0.520730 -0.576060 1.024452 -1.181707 -0.273160 0.211473 -0.811554
D00759 -0.168368 0.946252 1.133694 0.768121 -0.669368 -0.310171 0.904970 0.364190 -0.949525 1.044895 -0.876789 -0.754054 -0.600445 -0.418367 -0.695192 -1.157183
hsa2895 -0.213687 -0.261517 -0.846890 0.325057 0.023324 -0.512572 -1.286512 -1.096325 0.423892 0.260949 -0.902067 0.362053 -0.579812 -0.612642 0.476801 -1.078274
hsa56479 -0.358216 0.133398 0.163822 0.176250 1.152143 0.153177 -1.314091 -0.519256 -0.550248 -0.327395 -0.789191 0.313861 0.721555 0.224083 -1.061391 -0.730199
hsa57657 -0.113418 0.273262 -0.307839 0.129766 0.727389 -0.286184 -1.017118 0.103549 -0.348822 0.687724 -0.832912 -0.550192 -0.382118 0.288133 -0.542067 -0.417967
D02362 -0.150529 -0.644822 0.224637 1.172285 -1.168657 0.033726 -0.537726 -0.238189 -1.324013 -0.946549 -0.727949 0.481891 0.374873 -0.536221 -0.426684 -0.486241
hsa9992 -0.446935 0.418073 0.713827 0.027763 1.355526 0.116773 -1.279211 -1.295804 -0.690171 -0.228011 -0.054434 -0.364127 -0.215412 0.754304 0.118352 -0.684742
hsa10060 0.041453 0.888750 -0.062109 -0.045258 0.985480 0.238138 -0.932548 -0.609703 -0.916003 -0.255964 -0.177753 -0.096403 -0.943692 0.373089 -0.816162 0.113807
hsa1181 -0.716617 0.413512 0.080880 0.702537 -0.250668 -0.322294 -0.401482 -2.441514 -0.802713 1.252606 -1.084321 -0.924954 0.134610 0.336161 0.423303 -0.339328
hsa27345 -0.495073 0.855635 -0.113020 0.335325 0.920454 -1.072821 -1.045094 -0.572049 -0.531155 0.287280 -0.766075 -0.272801 -0.346226 0.706637 0.171358 -0.510699
D00779 0.677741 0.396723 0.639630 -0.046745 -1.699086 0.046477 -0.175510 -0.803516 -0.693146 0.414928 -0.295270 0.193612 -0.775944 -0.055103 -0.297351 -0.975818
D00704 -1.228069 0.030742 -0.196975 0.768955 -0.087650 0.251496 0.215511 -0.395198 0.527093 -0.964293 -1.177672 -0.973349 -0.867629 -0.823281 -1.086679 -0.265169
hsa56660 -0.067910 1.236675 -0.034755 0.582457 2.020072 0.056872 -0.587483 0.635194 -0.774247 -0.061705 -1.561358 -0.001665 -0.905450 0.872838 -0.376155 -0.293752
hsa7225 -0.972020 0.241712 -0.441234 0.697517 0.759579 0.712080 -0.863333 -0.892923 0.744111 0.397067 -0.032464 -0.338691 -1.435807 0.623857 -0.323398 -1.390881
hsa57192 -1.033149 0.333499 0.292161 0.217252 0.693481 1.094575 -0.792489 -1.008014 1.036187 0.204097 -0.226174 -0.381538 -1.276893 -0.022672 -0.342193 -0.894249
hsa27094 -1.074572 0.663845 0.224816 -0.034128 1.209286 -1.248580 -1.397704 -0.694268 -0.742549 0.439051 -0.267216 -0.475998 -0.474491 0.054888 0.165764 -0.875961
