D02356 0.129641 0.341811 0.104394 -0.401694 0.035356 0.113712 -0.391807 -0.470255 -0.262946 -0.439467 -0.797509 -0.342974 0.627094 0.255001 -0.029781 -0.819934
D00294 0.651442 0.227402 -0.157565 -0.063928 0.282959 -0.076381 -0.510330 -0.772625 -0.099927 -0.278085 -0.693926 -0.279438 0.808552 -0.103775 -0.472859 -0.668890
D00512 -0.414365 -0.178454 0.651053 -0.625008 -0.054717 0.308434 -0.167504 -0.338599 0.187058 -0.876494 -0.731977 -0.070905 -0.234503 0.224812 0.123993 -0.684678
D00332 -0.496269 -0.311632 0.406429 -0.264583 -0.117734 0.621143 -0.344292 -0.426452 0.070536 -0.677017 -0.694248 -0.030208 -0.280847 0.158434 0.278922 -0.899531
hsa6331 0.306961 -0.359369 0.120137 -0.200124 -0.297819 -0.033477 0.345780 -0.827488 -0.241752 -0.557989 -0.174746 0.576963 -0.358741 0.359225 -0.070483 -0.900941
hsa6328 0.323923 -0.222027 -0.110911 -0.451571 -0.287430 0.170223 0.250733 -0.879873 -0.150886 -0.475688 -0.247309 0.538116 -0.305225 0.448855 -0.191847 -0.788084
D00618 -0.682167 -0.240731 0.413852 -0.387794 -0.348937 0.735339 -0.647691 -0.075272 -0.072404 -0.892561 -0.908855 -0.567359 -0.027042 0.349012 -0.137485 -0.681922
D00629 -0.486886 -0.213640 0.520555 -0.466792 -0.274255 0.654178 -0.522712 0.022487 0.072155 -0.902764 -0.930528 -0.514313 -0.090398 0.421875 -0.107435 -0.819828
D00542 -0.392662 -0.538412 0.658965 0.096185 -0.087731 0.176243 -0.768402 -0.181339 0.386457 -0.621831 -0.842628 -0.809483 -0.141767 0.315134 -0.298718 -0.536374
D00560 -0.613719 -0.547255 0.398958 -0.355726 -0.457613 0.659242 -0.411389 -0.253899 -0.204963 -0.805842 -0.747482 -0.652635 0.235104 0.055166 0.123515 -0.490411
D00437 -0.587821 -0.098232 0.614128 -0.347547 -0.267979 0.669608 -0.497029 -0.086996 -0.064849 -0.801853 -0.971422 -0.510734 0.012330 0.443604 0.006686 -0.849570
hsa2554 -0.192453 -0.412373 0.123967 0.252497 -1.075927 -0.501401 -0.185558 -0.095322 1.059118 -0.353348 -0.638728 -0.532156 -0.419256 -0.239800 -0.782840 -0.231353
hsa6329 0.335278 -0.281613 -0.098326 -0.515601 -0.306498 0.189423 0.251664 -1.047242 -0.097537 -0.343192 -0.262164 0.621564 -0.428123 0.357630 -0.079290 -0.790877
hsa6323 0.367670 -0.514379 -0.606277 -0.424512 -0.514426 0.234461 0.217412 -0.845092 -0.119141 -0.307838 -0.275601 0.625688 -0.620927 0.353424 -0.327599 -0.790184
D00775 0.126802 -0.089684 -0.056184 -0.105891 0.095473 0.104862 -0.408462 -1.114175 0.921562 -0.002790 -0.737983 0.484182 -0.245913 -0.308010 0.390055 -0.960046
hsa6336 0.037136 -0.065454 0.213730 -0.122481 -0.167613 0.254715 0.301337 -0.781846 -0.116352 -0.444836 -0.245210 0.557381 -0.556030 0.330189 -0.008557 -1.065271
D00499 -0.115205 0.231673 0.174960 0.083162 -1.243736 -0.237370 0.044962 -0.420757 0.609650 0.256791 -0.311177 -0.726022 -0.771169 -0.354278 -1.197614 -0.300807
D01295 -0.581175 -0.261434 0.495565 -0.478256 -0.493462 0.657520 -0.434882 -0.262761 -0.220480 -0.827076 -0.747129 -0.674996 0.125201 0.200452 0.216464 -0.594580
hsa6334 0.759240 -0.418044 -0.274801 -0.291340 -0.455791 0.160700 0.375494 -0.943638 -0.410135 -0.415628 -0.198299 0.542535 -0.391706 0.449112 -0.500777 -0.615330
D00293 0.237238 -0.345788 0.518687 -0.071730 -0.856111 -0.581114 0.085902 -0.266323 0.928700 -0.646103 -0.052673 -0.929461 -0.596284 -0.678100 -0.925962 -0.284275
hsa1135 0.259398 0.371274 0.138368 -0.093762 -1.326908 0.159253 0.524640 -0.255295 -0.296266 0.676531 -0.189916 -0.614914 -0.708452 -0.445583 -0.850665 -1.024942
hsa6326 0.598092 -0.446818 -0.386860 -0.307980 -0.400344 0.131122 0.358685 -1.013356 -0.287936 -0.494405 -0.236745 0.533109 -0.355044 0.507292 -0.425944 -0.664733
hsa6335 0.450102 -0.384930 -0.186601 -0.350190 -0.512195 0.365193 0.487929 -0.989749 -0.379720 -0.471374 -0.156671 0.594791 -0.414339 0.443535 -0.335161 -0.775109
hsa2559 -0.078856 -0.326708 0.069597 -0.129152 -1.120503 -0.721996 -0.337505 -0.665060 0.799017 -0.285721 -0.059843 -0.696690 -0.431570 -0.477589 -1.029101 -0.068587
D00545 -0.111398 -0.165533 0.253798 0.073099 -0.379381 -0.443969 -0.422379 -0.580795 0.952583 -0.393619 -0.162718 -1.048637 -0.244754 -0.250209 -1.226162 -0.298523
D02207 0.362568 -0.165735 -0.100166 0.235122 -1.161794 -0.234394 0.367333 -0.416554 -0.102280 0.475230 -0.525652 -0.868510 -0.120336 -0.687656 -1.069687 -0.245046
hsa775 -0.568144 -0.456422 0.313643 -0.695532 -0.090659 0.367409 -0.720612 0.183273 -0.209071 -0.484789 -0.593799 -0.457651 0.098731 0.036671 -0.447584 -1.050977
hsa2555 0.041423 -0.161238 0.218466 0.139353 -1.175341 -0.480141 -0.464837 -0.433847 0.761740 -0.120495 0.024805 -0.471127 -0.382906 -0.482822 -1.200254 -0.148802
D00549 -0.096279 -0.651158 0.210431 0.000687 -0.953518 -0.678080 -0.120761 -0.825343 0.633522 -0.413802 -0.050184 -0.544124 -0.964699 -0.193257 -1.205567 -0.009772
hsa1136 0.290866 0.446378 -0.000737 0.042138 -1.078077 0.233799 0.542152 -0.382823 -0.342083 0.537634 -0.580948 -0.421000 -0.765053 -0.794956 -0.937250 -0.699702
D00547 0.119921 -0.089571 0.385118 0.164006 -0.398613 -0.247895 -0.578818 -0.615249 1.078195 -0.324260 0.064724 -0.871547 -0.426923 -0.480438 -1.205968 -0.338753
hsa6261 0.095483 0.003049 0.372303 -0.706237 -0.346614 0.731963 -0.213300 -0.490097 -0.288187 -0.976248 -0.889735 -0.731091 -0.578986 0.093918 0.320960 0.020425
D02272 0.771740 -0.209081 -0.121735 -0.493754 -0.016364 -0.271330 -0.098792 -0.534538 -0.511484 0.245229 -0.662169 0.197318 -0.139882 0.399752 -0.975161 -0.733657
hsa779 -0.648832 -0.318061 0.293631 -0.540618 -0.150703 0.746482 -0.335282 0.194457 0.085316 -0.608938 -0.538309 -0.574835 0.282253 0.172494 -0.599945 -1.073184
hsa8973 0.297944 0.460193 0.037024 0.067448 -1.016134 0.265038 0.640634 -0.580289 -0.312458 0.478642 -0.469722 -0.553229 -0.795435 -0.676509 -1.042701 -0.599200
D00552 -0.317533 0.169106 0.562395 -0.563034 -0.099549 -0.069968 -0.058637 -1.140723 0.448963 -0.332161 -0.505696 0.585662 -0.368068 0.319507 0.111273 -0.733530
D00530 -0.378767 -0.257130 0.642521 -0.103695 -0.935846 -0.306468 -0.182692 -0.800363 0.571451 -0.461263 -0.122097 -0.727629 -0.500027 -0.507501 -1.218055 0.217664
hsa8645 0.350276 -0.186485 -0.376092 -0.188723 -0.055654 0.224953 0.431185 -0.889941 -0.449502 -0.292268 -0.622512 0.308765 -0.196324 0.312207 -0.512180 -0.656070
hsa2558 0.048463 -0.119318 0.024614 -0.239326 -1.197998 -0.533221 -0.278156 -0.441233 0.753936 -0.074471 0.082391 -0.629822 -0.319981 -0.460915 -1.076701 -0.185312
hsa2556 -0.118117 -0.310445 0.073084 -0.137227 -1.091670 -0.451425 -0.451458 -0.433057 0.883911 -0.268442 0.089998 -0.445968 -0.187472 -0.486204 -1.085788 -0.226437
hsa2557 0.001435 -0.272138 0.022082 -0.111947 -1.154244 -0.735901 -0.202751 -0.304330 0.685705 -0.230843 -0.156454 -0.588086 -0.297571 -0.502070 -1.152931 -0.198160
D00329 -0.209334 -0.529565 0.206254 -0.093702 -0.864292 -0.391844 -0.268602 -0.347907 0.639536 -0.472182 0.121127 -0.595867 -0.153406 -0.669742 -1.373097 -0.264130
D00642 0.920943 -0.035138 -0.026197 -0.537787 -0.037956 -0.153222 -0.112424 -0.535461 -0.514127 -0.013937 -0.570411 0.170643 -0.158064 0.672143 -0.605766 -0.811619
hsa8911 -0.362916 -0.171702 0.676295 -0.279948 -0.676065 0.428223 -0.259203 0.000917 0.274213 -0.590143 -0.736576 -0.266358 0.115039 0.634011 0.048795 -0.717460
D00538 0.018164 0.158185 0.414707 -0.573596 -0.298808 0.168041 -0.371288 -0.619710 0.539578 -0.342853 -0.620442 0.850856 -0.175066 0.316401 -0.014000 -0.684463
D00548 -0.217231 -0.027674 0.222487 -0.107161 -0.898123 -0.374741 -0.188296 -0.902604 0.884040 -0.647959 0.007885 -0.595173 -0.628461 -0.435756 -0.987368 0.212203
hsa6262 -0.098909 0.101209 0.326708 -0.525187 -0.309027 0.909449 -0.439666 -0.544762 -0.414908 -0.954050 -0.868681 -0.654495 -0.521102 0.145668 0.322983 -0.099535
D00726 0.521231 0.433631 0.622397 0.296245 -1.002616 0.610839 0.740996 -0.498792 -0.290377 0.347227 -0.692978 0.023170 -0.752996 -0.293188 -0.992036 -0.345858
D00740 0.361921 -0.047469 0.155588 -0.389892 -0.251234 0.655644 0.472021 -0.977869 -0.390458 -0.448234 -0.208330 0.077391 -0.851639 0.390790 -0.354155 -0.320255
hsa778 -0.493903 -0.637368 0.303945 -0.697298 -0.012207 0.707972 -0.632701 0.116153 0.060504 -0.692050 -0.606413 -0.403012 0.091509 -0.092290 -0.435572 -0.986146
hsa57053 0.563885 0.307163 -0.090139 0.143702 -0.940514 0.328356 0.395348 -0.473999 -0.223734 0.602635 -0.499736 -0.680315 -0.597450 -0.805146 -0.846420 -0.615756
D00252 -0.070706 -0.242848 0.748804 -0.480686 -0.058013 0.094365 -0.263236 -1.195060 -0.086772 -0.333772 -0.478660 0.926413 -0.096471 -0.198010 0.153291 -0.702953
hsa8913 -0.452529 -0.290932 0.302637 -0.331853 -0.995486 0.656647 -0.074273 -0.119432 0.224984 -0.529043 -0.815349 -0.172590 0.216281 0.721718 0.133277 -0.624199
hsa55584 0.375151 0.435382 -0.040085 0.206507 -1.282562 0.218609 0.347660 -0.483926 -0.249164 0.689445 -0.632892 -0.708052 -0.904883 -0.495092 -0.930199 -0.542797
hsa3736 0.562898 -0.140965 -0.047653 -0.189073 0.358349 -0.088549 -0.341525 -0.464368 0.643540 -0.543371 0.043820 -0.755377 0.339191 0.306097 -1.054412 -0.797998
D03991 0.945095 -0.315653 -0.456876 0.033173 -0.997356 0.357077 0.102096 -0.721216 -0.258842 -0.598278 0.102351 0.567122 0.181580 0.395601 -0.131727 -0.596338
hsa776 -0.610191 -0.590749 0.395076 -0.478597 -0.162358 0.777100 -0.621139 0.186160 -0.149946 -0.770664 -0.936568 -0.502503 -0.185052 0.065628 -0.200831 -0.939432
hsa1137 0.506625 0.319241 0.257465 -0.153388 -1.057517 0.204669 0.578164 -0.509827 -0.243558 0.734588 -0.511990 -0.770807 -0.718776 -0.602509 -0.956094 -0.561477
hsa3758 0.552444 1.170136 -0.994263 0.563097 -0.612430 0.235607 -0.779022 -0.509824 -0.301394 -1.185445 -0.295644 -0.163660 0.044268 -0.009564 0.001373 -0.807445
D00550 -0.159692 -0.122123 0.369438 -0.212207 -0.956088 -0.799814 -0.459280 -0.306504 0.614935 -0.482401 0.139641 -0.699862 -0.773924 -0.794805 -1.289419 -0.348254
D00711 -0.234209 -0.389808 -0.082561 -0.253127 -1.539280 -0.249247 -0.389363 -0.784029 0.793225 0.169052 0.561600 -0.338080 -0.158868 -0.901336 -0.138095 -0.699728
D00303 -0.429522 -0.123597 0.586019 -0.205621 -0.345391 -0.102422 -0.020623 -1.003483 0.045835 -0.342385 -0.347342 0.857701 0.048484 0.123284 -0.294627 -0.579078
D00528 0.197596 0.728056 0.294189 -1.168127 -0.673287 1.264349 -0.460182 -0.678176 -0.155922 -1.474862 -0.725208 -0.837061 -0.564915 -0.413873 0.122297 0.259997
hsa6263 0.082394 0.092075 0.269495 -0.515639 -0.339617 0.827700 -0.174244 -0.418746 -0.333519 -1.183591 -0.923013 -0.597077 -0.464420 0.222871 0.180775 0.006664
D00225 -0.218264 -0.222767 0.256492 -0.192631 -0.925192 -0.909634 -0.123063 -0.490569 0.876415 -0.411996 -0.251410 -0.778806 -0.684365 -0.677832 -1.001029 -0.219670
D03580 0.409868 0.248430 -0.084393 -0.167333 -0.864228 -0.018946 0.112276 -0.461112 -0.607479 0.885758 -0.771233 -0.469059 -0.874431 -0.502757 -1.001389 -0.695666
hsa773 -0.473210 -0.192837 0.434038 -0.657490 -0.208729 0.750970 -0.411533 0.032308 0.000233 -0.809691 -0.754643 -0.427588 0.153214 0.262128 -0.064781 -1.063569
D00649 -0.188277 -0.078020 0.581449 -0.546682 -0.689836 0.919523 -0.444791 -0.942716 0.275881 0.244107 -0.988429 0.733895 0.128481 0.405246 0.335948 -0.751094
hsa8912 -0.278531 -0.118416 0.677285 -0.469386 -0.677398 0.544027 -0.405877 -0.107949 0.336712 -0.255137 -0.793272 -0.171214 0.279685 0.759761 0.034906 -0.795144
D01450 0.213697 -0.129084 -0.683193 -0.112004 -0.255480 0.348111 0.567620 -0.801804 -0.252164 -0.382955 -0.155918 0.548496 -0.204815 0.257865 -0.570253 -1.163731
hsa782 -0.741052 -0.055612 0.337601 -0.392041 -0.177015 0.018112 -0.509817 -0.196382 -0.279647 -0.746256 -0.868176 -0.394653 -0.114109 0.404692 -0.036251 -0.704036
D05453 0.205538 0.523138 -0.161754 -0.219882 -0.940104 0.298928 -0.030684 -0.872948 -0.760803 0.811482 -0.062389 -0.746973 -0.777629 -0.851985 -0.688714 -0.648572
D00349 -0.484302 -0.270766 0.422889 -0.581216 -0.395762 0.712833 -0.695705 0.314264 0.012286 -0.645781 -1.083854 -0.399065 0.048447 0.390178 -0.339656 -0.781185
D00741 0.056075 0.029656 -0.021580 -0.298280 -0.508382 0.234649 0.763312 -1.046705 -0.445544 -0.355248 -0.180106 0.552324 -0.488875 0.446548 -0.405762 -0.804957
hsa2741 0.488527 -0.490309 0.590639 0.708341 -0.210987 0.084895 -0.603006 -0.219695 0.927467 -0.596720 0.013477 -0.849129 -0.673584 -0.031132 -0.702993 -0.635854
hsa3741 0.591464 -0.190240 -0.117258 -0.684195 0.355774 -0.099481 0.025891 -0.353259 -0.162313 -0.678230 0.012357 0.143635 0.305776 0.014910 -1.029258 -1.042423
D02086 0.245974 -0.700185 -0.429462 -0.233981 -0.382806 0.044788 0.321177 -0.985023 -0.238273 -0.502547 -0.282649 0.635528 -0.539977 0.531185 -0.351788 -0.939613
D02088 0.224466 -0.706401 -0.275766 -0.199446 -0.440281 -0.092096 0.145320 -1.078682 -0.015234 -0.344438 -0.241035 0.639298 -0.617938 0.526881 -0.385031 -0.713917
D00638 0.789211 -0.229113 -0.042931 -0.650853 -0.014141 0.032382 0.382807 -0.858655 0.203947 -0.588022 0.212878 0.013736 0.265146 0.508118 -0.573219 -0.852888
hsa3778 0.936836 0.603760 -0.485323 -0.906797 -0.518628 -0.384621 -0.887445 -0.327906 1.052093 -0.219551 -1.328646 0.363751 0.553374 -0.650147 -0.502745 -0.561070
hsa783 -0.611951 -0.224592 0.480811 -0.146486 -0.124691 0.663982 -0.574298 -0.105903 -0.084423 -0.863368 -0.997352 -0.174806 -0.141651 0.233591 -0.212429 -0.679547
D00732 0.312751 -0.108856 -0.012187 -0.203512 -0.351126 0.394962 0.707889 -0.898623 -0.282569 -0.348951 -0.389768 0.502729 -0.771211 0.398714 -0.376081 -0.785160
hsa3763 0.268332 0.257991 -0.634683 0.106028 -0.604405 -0.142020 0.405454 -0.471659 -0.091729 -0.576651 -0.346929 -0.157489 1.302431 -0.207530 -0.048034 -1.086273
D03826 0.482541 0.189658 -0.038614 -0.106602 -0.850416 0.147315 0.522278 -0.364358 -0.453798 0.912194 -0.628589 -0.609115 -0.784276 -0.630997 -1.191140 -1.028888
hsa1139 0.439641 0.229970 0.061667 -0.044846 -1.025379 0.082189 0.458615 -0.642736 -0.468266 0.851221 -0.688403 -0.644486 -0.804165 -0.679642 -0.832219 -0.609856
hsa6530 0.242544 -0.194336 0.737415 0.431216 -0.885479 -0.695929 -0.770692 -0.490219 -0.920032 -0.495350 0.115008 0.487261 -0.838722 -1.104146 0.331700 -1.176678
hsa2569 -0.255373 -0.044663 0.472020 -0.034496 -0.756287 -0.719386 -0.129505 -0.638867 0.857833 -0.474676 0.067629 -0.779677 -0.696585 -0.502421 -1.319734 -0.334001
D04048 0.268835 -0.118844 -0.583776 -0.231597 -0.504902 0.410381 0.407459 -0.781028 -0.240126 -0.391196 -0.259614 0.743360 -0.382527 0.326253 -0.383204 -0.930108
hsa3738 0.448521 0.066059 -0.040425 -0.517078 0.334604 0.231523 -0.351493 -0.290997 -0.164035 -0.137279 0.041303 -0.549393 0.558396 0.258342 -1.252746 -1.136051
D00735 0.382872 -0.193455 -0.395763 -0.388366 -0.569666 0.317569 0.391002 -0.923323 -0.415256 -0.200148 0.004122 0.378077 -0.357560 0.445983 -0.211406 -0.913580
D05156 0.549213 0.798088 0.184207 -0.082270 -0.780796 -0.154744 0.536690 -0.659329 -0.341461 0.762181 -0.800095 -0.908354 -0.587953 -0.512265 -0.437983 -0.679472
D02087 0.834682 -0.252371 -0.289998 -0.488053 -0.567347 -0.408471 0.720459 -0.828873 -0.706539 -0.979914 -0.107925 0.237426 -0.235060 -0.111412 -0.009578 -0.659280
hsa1134 0.382431 0.451460 0.029521 -0.079335 -0.944564 0.154078 0.429688 -0.544534 -0.424708 0.847148 -0.826828 -0.522591 -0.570500 -0.611005 -0.999855 -0.603523
D01243 0.425357 -0.582887 -0.319162 0.097459 -0.371744 -0.051457 0.287354 -0.986193 -0.050461 -0.480949 -0.402312 0.734080 -0.596201 0.532147 -0.380993 -0.766892
D00648 -0.305705 -0.216097 -0.157266 -0.194167 -0.512264 -0.905157 -0.964754 -0.060768 -0.621194 -0.411380 -0.744346 -0.364401 0.428959 0.686433 -0.238611 -1.042614
hsa2560 -0.105590 -0.010652 0.384951 0.043536 -0.675004 -0.644556 -0.202460 -0.603646 0.741028 -0.393914 0.038248 -0.840159 -0.619421 -0.556433 -1.166022 -0.331847
hsa2890 0.330696 -0.239775 -0.060262 0.369204 0.321963 -0.089391 -0.582137 -0.895952 1.196814 -0.116036 -0.588694 -0.732726 -0.145405 0.006955 -0.415105 -0.584614
hsa3782 0.409758 -0.927718 0.371095 0.162228 -0.275833 0.100099 -0.121279 -0.858217 -0.734162 -0.512439 -0.542748 -0.180455 0.963644 -1.048317 -0.062844 -0.372869
hsa781 -0.428024 -0.222549 0.600273 -0.340142 -0.331897 0.090845 -0.876285 0.162299 -0.283536 -0.795737 -1.047792 -0.224025 0.106319 0.234290 -0.165652 -0.694578
hsa3359 1.165717 0.325879 0.520315 0.793974 -0.791524 0.726225 0.135878 -0.131633 0.031088 -0.640290 -0.289124 0.355392 -0.521564 -1.178216 -0.632995 -0.591490
hsa2561 -0.228861 -0.201662 0.545575 -0.134261 -0.801144 -0.707323 -0.165202 -0.868863 0.853263 -0.458607 0.041210 -0.875197 -0.596515 -0.367192 -1.141604 -0.099472
D02101 0.702221 0.469504 -0.034645 0.066682 -1.172685 0.018745 0.422985 -0.549964 -0.463007 0.739043 -0.700775 -0.597052 -0.698707 -0.619997 -1.040555 -0.555640
D00358 0.294432 -0.650583 -0.320867 -0.222975 -0.419377 -0.102615 0.241616 -1.152500 -0.428867 -0.513090 -0.269537 0.536015 -0.557814 0.515441 -0.303392 -0.719596
D00738 0.402153 -0.210139 -0.686611 -0.151500 -0.636064 0.493641 0.322403 -0.586727 -0.029637 -0.096632 -0.280743 0.540029 -0.564179 0.082729 -0.366230 -0.840302
D01287 0.200658 -0.252772 -0.403000 -0.162162 -0.443193 0.277531 0.508157 -0.795686 -0.253358 -0.358087 -0.360445 0.646361 -0.621932 0.432021 -0.391369 -1.014284
hsa2566 -0.261059 0.010006 0.265397 0.034736 -0.771385 -0.608551 -0.135818 -0.670325 0.764155 -0.445423 -0.083206 -0.964669 -0.684321 -0.315578 -1.113976 -0.165534
hsa786 -0.522278 -0.210826 0.358571 -0.342160 -0.364728 0.111109 -0.939961 0.219197 -0.009314 -0.673781 -1.004193 -0.282588 -0.203664 0.257248 -0.179349 -0.669229
hsa777 -0.426860 -0.113413 0.608973 -0.221074 -0.142847 0.563935 -0.123282 -0.114990 0.153946 -0.628578 -0.829094 -0.718536 0.219035 0.203365 0.197206 -1.068801
hsa2564 -0.317532 -0.187109 0.330658 0.069228 -0.677836 -0.577590 -0.206541 -0.784887 0.699777 -0.496133 0.019563 -0.828371 -0.631688 -0.602355 -1.246920 -0.134442
D00739 0.328284 -0.317984 -0.370541 -0.622912 -0.434489 0.161780 0.721832 -1.113553 -0.096642 -0.194647 0.079530 0.165822 -0.370266 0.240889 0.025425 -1.058583
hsa1138 0.588894 0.469055 -0.052317 0.049875 -1.026877 0.101206 0.547839 -0.455182 -0.363613 0.697729 -0.828118 -0.701264 -0.844636 -0.636669 -1.022560 -0.646768
hsa785 -0.716776 -0.185892 0.414377 -0.077276 -0.202209 0.486902 -0.369979 -0.302636 -0.132313 -0.935076 -0.913166 -0.490845 0.009818 0.370871 -0.029589 -0.672883
hsa3781 0.610103 -0.516737 -0.208270 0.034312 -0.707886 -0.140245 0.191897 -0.449725 -0.401905 -0.443574 -0.829973 -0.486255 0.913081 -0.848396 -0.309527 -0.008746
D02041 1.284030 -0.020292 0.662275 1.120206 -0.813503 0.331306 -0.268102 -0.114901 0.631684 -0.642366 -0.150436 0.078007 -1.038294 -0.505366 -0.646834 -0.741331
hsa55879 -0.474643 -0.133804 0.273344 0.012080 -0.825030 -0.588493 -0.134257 -0.748788 0.758620 -0.506150 0.015650 -0.870683 -0.601461 -0.622075 -1.256220 -0.188915
D03878 -0.191983 -0.141356 -0.102325 0.327236 -0.958699 0.150835 -0.057569 -0.860204 0.370214 -0.437854 0.624231 -0.153858 0.872270 -1.353728 0.267782 -1.382976
D02098 0.473806 -0.076832 0.122197 -0.309092 -0.331911 0.350765 0.552061 -1.072514 -0.293471 -0.324528 -0.213446 0.575205 -0.722298 0.429416 -0.349406 -0.810558
hsa2562 -0.462676 -0.083494 0.452903 0.086160 -0.772994 -0.766564 -0.054926 -0.817651 0.622977 -0.416301 0.048030 -0.817485 -0.700853 -0.588027 -1.325656 -0.297958
hsa2567 -0.161727 0.020978 0.207053 0.016966 -0.761374 -0.384314 0.017235 -0.565144 0.853119 -0.470938 -0.116279 -0.895890 -0.560340 -0.604671 -1.306734 -0.194261
hsa784 -0.575780 -0.142187 0.396511 -0.086970 -0.097644 0.312485 -0.470335 -0.215903 -0.142921 -0.881649 -0.919648 -0.412313 0.048434 0.205076 0.024007 -0.733542
hsa55799 -0.451897 -0.151727 0.595578 -0.204775 -0.156930 0.530713 -0.457035 -0.296506 -0.018031 -0.818936 -0.934189 -0.426605 0.189604 0.277210 -0.175504 -0.508215
hsa774 -0.677621 -0.409111 0.645083 -0.458353 -0.182246 0.541334 -0.424006 -0.200201 0.017820 -0.740683 -0.703342 -0.492354 -0.012548 0.175075 -0.002561 -0.850487
hsa27092 -0.636754 -0.222135 0.594457 -0.228465 -0.159381 0.337684 -0.459144 -0.227841 -0.010470 -0.636157 -0.861290 -0.690704 0.004358 0.156438 0.057493 -0.727487
D00136 0.068876 -0.505633 -0.263537 -0.655901 -1.399809 0.268478 -0.385992 -0.771337 0.033932 -0.494188 0.682136 -0.368410 0.273939 -0.311432 0.758194 -0.804488
D00799 1.244364 -0.405500 -0.110736 -0.352431 -1.075287 -0.575869 0.839800 -0.574695 -0.425548 -1.051515 -0.188429 -0.318034 0.443684 -0.441522 0.132722 -0.364166
hsa3743 0.812268 -0.093072 0.413722 -0.433238 0.316396 0.067829 0.016140 -0.645909 -0.183808 -0.048794 -0.246649 -0.472990 0.500624 0.596222 -0.770545 -1.082309
D02173 0.686387 0.435334 -0.130116 -0.133344 -1.326495 0.688785 0.275930 -0.061124 -0.206497 0.495302 -0.435953 -0.644472 -0.955741 -0.708921 -0.517741 -0.761549
D03365 0.125033 0.650249 -0.105493 0.649464 -0.924825 0.504723 0.487781 -0.345062 -0.493484 0.122247 -0.289763 -0.222820 -0.882487 -1.016845 -0.676864 -0.873526
hsa2563 -0.127024 -0.161232 0.363205 -0.045089 -0.696995 -0.290861 -0.239264 -0.764493 0.903333 -0.376272 0.002135 -0.916656 -0.728531 -0.511723 -1.280706 -0.146206
hsa6332 -0.109906 0.034155 0.418210 -0.310803 0.171596 0.150673 -0.156985 -0.842947 0.206203 -0.524469 -0.630666 0.668347 -0.296818 0.132309 0.016320 -0.834512
hsa3783 0.735565 -0.118579 0.589644 -0.024915 -0.361733 0.300978 -0.719547 -0.765679 -0.565555 -0.392447 -0.634618 -1.133188 0.217595 -0.042763 0.273375 0.119924
hsa51802 -0.399589 0.004415 0.500422 -0.424035 -0.183492 0.248120 -0.292236 -0.979539 0.384957 -0.258951 -0.834968 0.667079 -0.001821 0.227777 0.211765 -0.750726
D00640 0.275957 -0.514115 0.165839 0.054638 -0.187026 0.367147 0.250544 -0.747160 -0.540433 -0.515866 -0.023415 1.017927 0.171484 -0.269724 -0.878866 -0.829771
D00195 0.555391 0.513536 0.089419 -0.116757 -1.294186 0.299265 0.392284 -0.533968 -0.188271 0.858177 -0.488031 -0.553582 -0.795828 -0.823779 -0.816438 -0.738902
hsa3737 0.367890 -0.030860 0.182243 -0.589757 0.347525 0.076196 -0.274669 -0.574635 -0.151869 -0.387847 0.176540 -0.667405 0.674842 0.201519 -0.872523 -1.119174
D00331 0.199506 0.336147 0.018667 -0.641208 -1.268321 -0.813034 -0.877051 -0.575307 1.074553 -0.298601 -0.406877 0.134791 -0.040252 -0.372340 -0.921367 0.336297
hsa93589 -0.593849 -0.070404 0.573307 -0.238830 -0.198893 0.555537 -0.544164 -0.163372 -0.126841 -0.989018 -0.940508 -0.402674 0.113359 0.273905 -0.135133 -0.581566
hsa8989 -0.652165 -0.141754 0.490946 -0.292634 -0.157044 0.317471 -0.364072 -0.324185 -0.062030 -0.787171 -0.833623 -0.465308 0.103635 0.195248 -0.019953 -0.601706
D00524 -0.034913 0.371063 0.335036 0.000690 -0.973808 0.284377 0.981637 -0.624698 -0.433674 0.288914 -0.498958 -0.402774 -0.969076 -0.189098 -0.892122 -0.592988
hsa3708 -0.543527 -0.289711 0.448449 -0.353010 -0.028859 0.401576 -0.280877 -0.271072 0.009898 -0.851871 -0.961652 -0.593746 -0.031126 0.149800 -0.003067 -0.598122
D01712 0.259318 0.247163 0.355692 -0.385394 -0.588189 0.788979 -0.673186 -0.771416 -0.447596 -1.128993 -0.632679 -0.999322 -0.469016 0.036878 0.375215 0.282939
hsa55515 -0.287115 0.164822 0.539019 -0.521801 -0.197237 0.430649 -0.595207 -0.902844 0.351846 -0.101823 -0.793684 0.585744 -0.148381 0.295158 0.191521 -0.762934
hsa6338 -0.202436 0.036761 0.681067 -0.486242 -0.115916 0.316078 -0.343558 -0.812529 0.378124 -0.210380 -0.615673 0.568610 0.025940 0.072703 0.283468 -0.881715
D02204 0.161340 0.358791 0.042027 -0.110600 -0.696696 0.333604 0.764328 -0.398435 -0.223628 0.762689 -0.858811 -0.954923 -0.292812 -0.764093 -0.682255 -0.836633
D00639 0.627430 -0.748895 -0.079092 -0.052767 -0.367371 -0.073263 0.167240 -0.859299 0.021938 -0.565322 -0.274613 0.749763 -0.706218 0.395382 -0.412791 -0.670659
hsa3757 0.864729 -0.337046 -0.037975 -0.419252 -0.721583 -0.650078 -1.057163 -0.436402 -0.452447 -0.108533 -0.461266 -0.473075 0.732105 0.584864 0.392594 -0.969671
D00110 0.614756 0.056946 0.537388 0.399504 -0.377351 -0.267985 -0.269867 -0.297088 -0.254136 -0.480937 0.324702 0.202896 -1.211138 -0.127671 0.191601 -1.505541
D00616 -0.103149 -0.489812 0.020962 -0.793537 0.157279 0.165707 -0.362724 -0.060812 0.042499 -0.477499 0.028273 -0.313959 0.550112 -0.125913 -1.146407 -0.992633
D02409 0.336952 0.064403 0.457278 0.066864 -0.652115 0.805422 -0.689328 -0.606760 -0.157631 -1.398303 -0.601058 -0.727048 -0.491795 -0.141266 -0.012866 0.640109
D00611 0.203719 0.134641 -0.624942 0.056463 -1.107818 0.226089 0.640678 -0.509085 -0.334907 0.659318 -0.785746 -0.195895 -0.938475 -0.632197 -0.801742 -0.891277
hsa3710 -0.575837 -0.176153 0.482520 -0.223825 -0.083492 0.504775 -0.344730 -0.376026 -0.104165 -0.887098 -0.895018 -0.537813 0.065478 0.157278 0.027962 -0.639881
D02461 -0.434335 -0.365093 -0.181982 -0.008662 -0.957157 -0.520808 -0.495847 -0.187880 0.390277 -0.305390 0.231142 -0.190199 -0.135397 -0.019444 -1.419847 -0.486743
D00619 0.115048 -0.048988 -0.189059 -0.403929 -0.414832 0.738148 0.291686 -0.214813 -0.044232 -0.035413 -0.219567 -0.790062 1.013085 0.316186 -0.680599 -1.150410
hsa1141 -0.579127 0.519996 0.944274 -0.259128 -1.399926 0.412702 1.055826 -0.329401 -0.229023 0.157633 -0.597418 0.034090 -0.681699 -0.529022 -0.933930 -0.441432
D03830 -0.237229 -0.654987 -0.030801 -0.558573 0.130216 0.036943 -0.432500 -0.113882 0.040325 -0.715716 0.334875 -0.526041 0.539008 -0.164804 -0.991967 -1.090214
D01453 0.434710 0.298913 0.370634 -0.330949 -0.546265 0.821323 -0.689135 -0.712974 -0.373518 -1.261774 -0.697342 -0.970474 -0.403183 0.117197 0.323208 0.296706
D00809 0.552840 -0.773464 0.441156 0.729286 -0.748048 0.303254 -0.161758 -0.698918 -0.429481 -0.430896 -0.251475 0.267330 0.921585 -1.420853 -0.180021 -0.696925
hsa6337 -0.177568 0.154031 0.596726 -0.485391 -0.154205 0.283656 -0.345165 -0.919541 0.381222 -0.181256 -0.801260 0.608321 -0.019596 0.292797 0.335195 -0.876287
hsa116443 -0.042070 -0.552231 0.608455 0.015793 -0.889015 0.437371 -0.262690 -0.726595 0.640611 0.409941 0.502619 -0.122156 -0.001519 -0.816908 0.175163 -1.136438
hsa10369 -0.611320 -0.268486 0.461103 -0.203966 -0.080960 0.456001 -0.563860 -0.341561 0.065874 -0.686108 -0.861295 -0.532659 -0.162500 0.323563 -0.011085 -0.705736
hsa59284 -0.808517 -0.224356 0.632000 -0.117783 -0.078175 0.480414 -0.619548 -0.327337 0.159020 -0.627898 -0.726263 -0.634630 -0.195922 0.266960 0.006288 -0.883932
hsa6339 -0.312277 0.152748 0.632893 -0.430604 -0.009093 0.278056 -0.437701 -0.789909 0.435972 -0.169064 -0.631350 0.429278 -0.203315 0.110892 0.264548 -0.899795
D00812 0.177048 -0.360924 0.751372 0.399375 -0.694263 0.062588 -0.295457 -1.012702 -0.531941 -0.546728 0.055977 0.693884 0.676049 -1.217189 -0.082862 -0.603440
hsa6324 -0.442082 0.066540 0.506312 -0.339424 0.199636 0.022136 -0.180239 -0.977713 0.250695 -0.582826 -0.623036 0.495844 -0.042367 0.050194 0.071193 -0.799230
hsa3780 0.540421 -0.246644 0.372591 0.360744 -0.753632 -0.290460 0.241670 -0.490561 -0.398128 0.026313 -0.823996 -0.661854 1.128259 -0.524663 -0.257473 -0.294953
D00336 0.453360 0.576504 -0.996471 0.222217 -1.370503 0.443182 -1.275291 -1.096429 -0.364449 -1.188283 -0.080591 -0.411944 0.031697 0.308168 0.405746 -0.270860
hsa3767 -0.380892 0.328857 -0.738208 0.995623 -0.716615 -0.475716 -1.057757 -0.557033 -0.841342 -1.214229 -0.175501 -0.499505 0.580486 0.591076 -0.535509 -1.149405
hsa6340 -0.166038 -0.058530 0.517374 -0.537421 -0.016698 0.258557 -0.519053 -0.870073 0.288043 -0.128991 -0.799053 0.575249 -0.058831 0.055440 0.371761 -0.951156
hsa9311 -0.390093 0.073537 0.483297 -0.388036 -0.373998 0.346352 -0.421021 -1.247235 0.346972 -0.021786 -0.729593 0.719285 0.195501 0.104662 0.294623 -0.623508
D00798 1.045714 0.096105 -0.654187 -0.635027 -1.010258 -0.197791 0.549252 -0.231090 -0.645743 -1.165351 -0.263916 -0.079901 0.399602 -0.445318 0.307484 -0.664877
D00678 1.098041 -0.175533 0.685249 0.811101 -0.912310 1.222423 -0.170963 -0.476067 -0.090889 -0.898692 -0.383978 0.357607 -0.314546 -1.243911 -0.413408 -0.054612
D00677 1.331151 0.035114 -0.147262 0.867373 -1.146129 0.937653 -0.248426 0.092349 -0.021255 -0.591723 -0.206672 0.326398 -0.859855 -0.414671 -0.374324 -0.734806
hsa9177 1.042383 0.333814 0.581430 0.877061 -1.107408 0.623964 -0.269890 -0.260002 0.009680 -0.291860 -0.588585 0.696027 -0.669126 -0.738479 -0.864164 -0.361721
D00354 0.558096 -0.175116 -0.360088 -0.351616 -0.531248 0.430152 0.014166 -1.150932 0.299903 -0.496036 -0.346117 0.703695 -0.392982 0.790359 -0.244900 -0.425616
hsa6532 0.718050 0.189265 0.745327 -0.580426 -1.045086 -0.375247 -0.483415 -0.127162 -0.613648 -0.314107 0.435256 0.345609 -0.436730 -1.569496 0.097924 -1.285581
D02253 -0.070994 -0.261931 0.185597 -0.008735 -1.616230 -0.532881 -0.189015 -0.313137 1.125161 -0.149737 -0.360538 -0.378218 -0.366190 -0.370049 -1.038304 -0.122326
D00543 0.346963 -0.312319 0.066339 0.326784 0.128519 -0.115564 -0.520154 -0.404288 1.123637 -0.416240 -0.350262 -1.017291 -0.234451 0.163305 -0.827403 -0.621019
hsa9254 -0.480844 -0.222890 0.586650 -0.089998 -0.065906 0.427231 -0.534617 -0.407118 0.006939 -0.765253 -0.917649 -0.602679 0.189590 0.399094 -0.041172 -0.643085
D00319 -0.530088 -0.466714 0.342926 -0.991543 -0.124519 0.833186 -0.700711 0.295208 0.031037 -0.793396 -0.820597 -0.429756 -0.028114 0.101647 -0.566429 -1.038670
hsa55503 -0.748386 -0.152762 0.489799 -0.166910 -0.117560 0.564726 -0.306461 -0.386359 -0.217987 -0.659091 -0.812516 -0.509051 -0.017039 0.249759 0.026290 -0.810046
hsa285242 1.313597 0.404906 0.894216 0.789235 -1.027823 0.689041 0.423392 -0.218214 0.009954 -0.720056 -0.344962 0.288251 -0.591702 -0.895144 -0.789945 -0.435852
D00394 0.227695 -0.644372 0.931768 0.418557 -0.836061 -0.083639 -0.712517 -0.639043 -0.743169 -0.433369 -0.022391 0.825450 0.022943 -1.276812 -0.015181 -0.865618
D00219 0.127129 1.443093 -0.841120 0.671628 -1.096474 -0.150642 -1.420993 -1.182290 -0.818327 -1.282935 -0.074364 -0.320330 -0.082624 0.220339 -0.034495 -0.930364
hsa3765 0.103622 0.767095 -0.540066 0.326717 -0.136671 -0.276814 -0.136624 -0.676438 0.025894 -0.753120 -0.628154 -0.266406 1.079951 0.159545 -0.228041 -1.077753
hsa3739 0.711333 -0.220233 0.086794 -0.526958 0.227685 -0.118126 -0.289920 -0.510752 -0.142109 -0.224688 -0.381565 -0.499904 0.431731 0.588734 -0.763793 -0.823758
D01118 0.038798 -1.364930 0.997030 0.253281 -0.640225 0.039612 -0.157688 -0.818171 0.015859 0.094703 0.171895 0.245179 0.549702 -0.930605 -0.566520 -0.853877
hsa9424 0.396226 0.027378 -0.158284 -0.281348 0.036958 -0.461521 -0.382639 -0.383170 -0.864267 -0.077890 -1.099732 -0.097431 0.296518 0.468379 -0.664895 -0.813240
D02546 -0.223653 -0.037055 -0.699681 0.369569 -0.323146 -0.239929 0.035135 -1.172142 0.705403 0.264980 -1.092183 -0.352348 -0.420281 -1.227831 0.890878 -1.469656
hsa6330 -0.189845 0.136363 0.585475 -0.530490 0.109813 0.041447 -0.068624 -1.092926 0.519360 -0.201871 -0.871415 0.518169 0.136379 0.005834 0.008223 -0.575844
D00658 0.691984 0.361066 -0.668140 -0.955931 -0.513332 -0.660929 -1.092645 -0.810857 1.467307 -0.254242 -1.442318 0.304812 0.222686 -0.720765 -0.520186 -0.645985
hsa5310 -0.566463 -0.253762 0.420358 -0.529249 -0.325005 0.694090 -0.457976 -0.536012 -0.014200 -0.427114 -1.186850 -0.225621 0.416876 0.216655 0.156028 -0.581879
D00477 0.466858 -0.194984 0.108402 -0.059613 -0.319114 0.383565 0.544745 -1.052355 -0.339323 -0.252879 -0.203110 0.460352 -0.676937 0.472531 -0.509575 -0.782451
D05024 -0.027736 -0.128548 0.535572 -0.394157 -0.631229 0.929811 0.043913 0.047685 0.206372 -0.140087 -0.883126 -0.343118 0.729049 0.778345 0.010098 -1.262682
D00519 0.546393 0.507178 -0.511317 -0.780344 -0.526543 -0.560880 -1.272602 -0.465617 1.131307 -0.267416 -1.335361 0.132095 0.499135 -0.667855 -0.665549 -0.399538
hsa27133 0.999503 -0.082646 -0.066228 -0.463603 -0.238475 -0.655803 -0.605173 -0.395100 -0.517213 0.034286 -0.752904 -0.111467 0.268651 0.653072 -0.275620 -0.925806
D00544 0.299983 -0.562136 0.228777 0.395712 0.155303 0.022204 -0.456705 -0.467500 1.181212 -0.484352 -0.438769 -1.018406 -0.022648 0.170699 -0.839467 -0.563998
D00438 -0.552548 -0.486124 0.319993 -0.509762 -0.246649 0.762036 -0.985252 0.385388 -0.154101 -0.804651 -1.091265 -0.126919 -0.037810 -0.019567 -0.508065 -0.897320
hsa3759 0.238658 0.950877 -0.482956 0.254068 -0.068177 -0.042419 -0.183397 -0.482463 0.049887 -0.786731 -0.595678 -0.276844 0.910377 0.222044 -0.152068 -1.172352
hsa3788 0.172664 0.303997 -0.346024 -0.661905 0.231086 0.408661 -0.769042 -1.182768 -0.667011 0.081550 -0.724972 -0.421095 0.774319 -0.547682 -0.480805 -0.552305
D00340 0.733943 0.568980 -0.788763 -0.954027 -0.523373 -0.344171 -1.289652 -0.392404 1.252810 -0.218608 -1.680255 0.366548 0.249773 -0.702683 -0.490201 -0.736196
D00367 0.359505 0.025279 1.124804 -0.099003 -0.480905 -0.736072 -0.346681 0.066762 -0.172711 -1.058586 0.158953 -0.025641 -0.760551 -1.328452 -0.087745 -0.835357
hsa55800 -0.403183 0.099959 0.677008 -0.426369 0.059759 -0.125922 -0.139301 -0.965454 0.100941 -0.608968 -0.654200 0.659519 0.033525 0.005008 0.068669 -0.692340
D00283 1.400956 0.300157 0.749907 -0.015185 -0.782063 -0.208141 0.345326 0.135270 -0.298655 -1.140205 -0.118109 0.298166 -0.332126 -1.385668 -0.333854 -0.765622
hsa9312 0.412311 0.643470 -0.546438 -0.615340 -0.049465 0.278983 -0.771728 -1.085519 -0.899711 0.695841 -0.310305 -0.269649 0.213407 -0.521155 -1.115192 -0.772121
D00546 0.455145 -0.303923 0.187783 0.372839 0.272813 0.084540 -0.611607 -0.567183 1.196197 -0.487765 -0.150189 -0.966403 -0.221467 0.102115 -0.885682 -0.616334
D06172 0.031940 -0.778625 -0.185682 0.060456 -0.455747 -0.618819 0.086278 -1.108249 -0.297192 -0.728453 -0.218958 0.701108 -1.029540 0.533434 -0.523025 -0.728625
hsa1080 0.182368 0.553067 -0.140171 0.054848 -0.832824 0.660545 -0.990303 -1.077028 -0.373156 -1.489509 -0.471392 -0.845800 -0.431212 0.454767 0.265708 0.360625
hsa6531 0.291548 -0.117339 0.731631 0.336150 -0.675250 -0.835125 -0.425960 -0.325085 -0.356314 -0.725002 0.184884 0.264551 -1.294544 -0.961503 0.318460 -1.416837
D00326 0.774969 -0.346385 -0.093900 0.300353 -1.121732 -0.812089 0.673656 -0.153717 0.006558 -0.781298 -0.719767 -0.063436 1.002649 -0.184345 -0.324914 -0.556836
D00536 0.306402 -0.286693 0.875067 0.238908 -0.455170 0.229186 -0.454104 -0.666274 0.996914 -0.431230 0.709780 -0.274782 -1.104422 -0.050219 -0.277719 -0.872339
D00656 0.988706 0.492966 -0.523967 -1.052678 -0.676698 -0.433545 -1.274419 -0.539663 1.335855 -0.043409 -1.600252 0.248932 0.415146 -0.607810 -0.408482 -0.672127
hsa3744 0.751893 -0.103738 0.036354 -0.263537 -0.057660 0.427510 -0.472477 -0.635066 0.048947 -0.144749 0.000714 -0.922661 0.901813 0.553033 -0.543179 -0.885574
hsa3746 0.584855 -0.045697 -0.163543 -0.634649 0.192353 0.250661 0.136714 -0.802836 0.392771 -0.604239 -0.378092 -0.276619 1.088146 0.270765 -0.713128 -0.720932
hsa3768 0.061488 1.129652 -0.417059 0.415046 -0.060727 0.026877 -0.382718 -0.536302 0.018137 -0.747279 -0.656698 -0.169148 0.909361 0.216822 -0.383937 -1.124547
D02914 -0.630409 -0.651345 0.381877 -0.740507 -0.159209 0.804458 -0.398662 0.285903 -0.049730 -0.804380 -0.771264 -0.503330 -0.015231 0.063810 -0.453944 -1.223825
D00335 0.005625 0.824464 -1.032677 0.672820 -0.994968 0.025992 -1.276090 -1.244345 -0.730252 -1.354759 0.127287 -0.525010 0.344774 0.326980 -0.030554 -0.970043
hsa2897 -0.370530 -0.289503 -0.710584 -0.019173 -0.140342 -0.219056 -0.417646 -1.249486 1.121485 0.452865 -1.113465 -0.090003 -0.701871 -0.844972 0.443034 -1.125563
D00633 1.100875 0.041513 0.128926 0.707894 -0.531746 0.561264 -0.162278 -0.312561 0.801261 -0.493529 -0.802173 1.107867 -0.670564 -0.560450 -0.559056 -0.538290
hsa170572 1.490222 0.032619 0.453668 0.895443 -1.062186 0.948284 -0.234959 -0.143473 0.327800 -0.542850 -0.393064 0.514019 -0.774574 -0.727341 -0.655138 -0.531836
hsa83795 0.585612 -0.081440 -0.168405 -0.168877 0.225974 -0.255032 -0.121883 -0.556207 -0.453672 -0.289267 -1.445136 0.076954 0.395560 0.419120 -0.831751 -0.493475
hsa2743 0.482740 -0.327073 0.931224 0.355987 -0.512308 -0.228651 -0.548911 -0.604878 1.031831 -0.522144 0.330746 -0.706028 -1.008334 -0.291252 -0.885497 -0.480234
hsa2898 0.121830 -0.286798 -0.482622 0.484921 0.130654 -0.197485 -0.459099 -1.566262 1.072894 0.346443 -1.154075 -0.404782 -0.411374 -0.870909 0.408694 -1.168490
hsa2742 0.685388 -0.380081 1.031908 0.502233 -0.561466 0.081394 -0.363239 -0.289880 1.139386 -0.626731 0.250502 -0.448060 -0.915243 -0.511055 -0.849493 -0.598112
D00380 0.300324 1.403175 -0.489323 0.953666 -1.344103 0.152091 -1.347369 -0.708890 -0.658597 -1.451878 -0.391796 0.411439 -0.006738 -0.006546 -0.345259 -0.474130
D02360 0.734349 0.641485 0.972665 -0.148923 -0.593178 -0.244111 -0.206207 -0.484485 -0.263658 -0.710873 0.355323 0.508501 0.055529 -1.661723 -0.349197 -0.957614
hsa3762 0.069121 0.794317 -0.593624 0.022243 -0.289151 -0.023855 0.061732 -0.608090 -0.032443 -0.603646 -0.719037 -0.337208 1.330204 0.024173 -0.153664 -1.064388
D00227 0.029326 0.364803 0.174848 -0.265050 -0.701499 1.015156 -0.623498 -0.775440 -0.449284 -1.470674 -0.747628 -0.758170 -0.571737 0.270483 0.245633 0.279276
D01253 -0.090239 -0.589027 0.384111 -0.301732 -1.066970 -0.878133 0.697660 0.015417 1.025853 -1.075909 -0.581540 -0.594198 -0.703581 -0.336692 -0.266659 -0.418447
D00338 0.061723 -0.583511 0.375755 0.292486 -1.002004 -1.097419 0.730832 -0.047243 1.014966 -0.976516 -0.540211 -0.665131 0.274001 -0.333762 -0.560426 -0.572353
D00617 -0.484957 -0.533526 0.008135 -0.701292 -0.163569 0.914943 -0.924228 0.354243 -0.040785 -0.811470 -0.719638 -0.502298 -0.069440 0.158597 -0.574665 -1.193153
D00464 -0.322568 -0.613736 0.515995 -0.282394 -0.676731 -0.718120 0.224966 0.222358 1.266018 -0.810304 -0.783999 -0.483964 -0.263260 -0.557575 -0.549118 -0.618845
D05461 0.266884 -0.936256 -0.173323 -0.137789 -1.574483 -0.787709 -0.197691 -0.416597 0.371103 -0.382790 -0.457889 -0.954837 0.077493 -0.768929 -0.657350 0.319600
D03742 0.340018 0.026616 0.541678 -0.649096 -1.450558 0.381359 -0.080884 -0.259678 -0.112934 0.702292 0.395764 -0.242697 -0.492509 -1.068051 -0.085926 -1.040127
D00539 -0.576657 0.222441 0.846986 -0.157239 -1.511554 0.257474 0.096762 0.088480 0.685827 0.076234 -0.757944 -0.379543 -0.213054 0.776417 -0.222365 -0.586509
hsa200909 1.333969 -0.026488 0.272864 1.030203 -0.963597 0.773758 -0.131753 -0.147186 0.484123 -0.639881 -0.513900 0.207635 -0.777367 -0.789162 -0.539612 -0.495683
D00654 1.012777 0.373836 -0.385456 -1.105311 -0.613024 -0.468371 -0.935349 -0.563143 1.470489 -0.198327 -1.585976 0.517182 0.207900 -0.647741 -0.124092 -0.614319
hsa2906 -0.335047 -0.389027 -0.104705 -0.249136 -1.490971 -0.089127 -0.332368 -1.069954 0.577540 -0.493492 0.924209 -0.305752 0.579707 -0.873136 0.348256 -1.049685
hsa54207 0.844165 0.143687 -0.087522 -0.402909 0.184280 -0.143256 -0.113690 -0.540263 -0.681613 -0.055446 -1.172822 0.057808 0.223004 0.242221 -0.607282 -0.642838
D01969 -0.340284 -0.070943 0.172025 -0.288555 -0.279093 0.476655 0.115601 0.250064 -0.314276 0.518230 -0.690162 -0.768296 0.336335 -0.154105 -0.421269 -1.621511
D02630 -0.162547 -0.434638 0.655650 -0.700855 -1.267266 0.378500 -0.334836 -0.350804 -0.066901 -0.556702 0.052774 -0.517687 0.689685 0.757511 0.378437 -0.688281
D00228 1.366184 0.206884 0.164461 -0.843973 -0.801588 -0.537869 -0.303470 0.162913 -0.183072 -0.842052 0.177436 0.407601 -0.339536 -1.604319 -0.262870 -1.015887
hsa5023 0.068956 1.521005 0.131021 -1.708668 -1.020257 1.822006 -0.153270 -0.695990 -0.050207 -1.774273 -0.913486 -1.139088 -0.472915 -0.558336 -0.465761 0.031998
D05077 0.870926 -0.026225 -0.497048 -0.488651 -0.720318 -0.399059 0.798865 -0.625019 -0.587938 -1.566033 -0.076123 0.309157 -0.006848 -0.250444 0.007328 -0.700019
D00651 0.856472 0.463421 0.071416 -1.080421 -1.000596 -0.866002 -1.032783 -0.465761 1.066853 -0.113548 -1.139275 0.486598 0.411438 -0.349452 -0.516585 -0.290633
hsa2891 0.771388 0.034605 -0.705518 0.255446 0.283468 -0.310008 -0.926227 -1.146966 1.214440 -0.019012 -1.035117 -0.517205 0.084160 -0.364130 -0.037769 -0.701313
D00823 0.750389 -0.442781 -0.000693 0.272229 -1.206950 -0.740485 0.754462 -0.479373 0.151817 -0.584607 -0.469766 -0.306234 1.139500 -0.035189 0.074539 -0.683219
hsa3784 0.530148 0.526945 1.099460 -0.412762 -0.175479 -0.595384 -0.538488 -1.142154 -0.312809 -0.620534 -0.208339 -0.080897 1.087250 -0.020886 -0.374392 -0.237279
hsa3790 0.220332 0.390171 -0.459748 -0.604547 0.233417 0.252669 -0.790125 -1.249329 -0.682768 -0.082663 -0.887958 -0.107040 0.679970 -0.210224 -0.492190 -0.477225
D03180 -0.524893 0.148578 0.270522 0.274678 -1.577755 -0.168389 0.008205 -0.097902 1.250336 0.028280 -0.811739 -0.555230 -0.197196 0.327076 -0.887295 -0.272451
hsa3742 0.569083 0.109807 0.025625 -0.562367 0.535082 -0.219107 -0.177998 -0.535023 0.179265 -0.387266 -0.083016 -0.660221 0.709237 -0.038186 -0.880336 -1.139517
D01111 0.436511 0.459413 -0.581806 1.052166 -0.577373 0.217054 -0.413936 0.201506 -0.172838 -1.424627 -0.032634 0.144156 -0.801673 0.067981 -0.026718 -1.411677
D02163 0.781544 -0.784155 -0.234848 -0.197330 -0.536584 -0.888962 0.535299 -1.061101 -0.950371 -0.746680 -0.392573 -0.553905 0.053844 -0.915751 0.175999 -0.236551
hsa2893 0.630952 -0.143787 -0.262195 0.298225 0.537325 -0.239863 -0.829561 -1.523730 0.832239 0.199088 -0.682703 -0.358448 -0.114429 -0.145346 0.021801 -0.835953
D00791 1.023191 -0.435288 -0.038189 -0.497433 -0.939105 -0.764268 0.790894 -1.058178 -0.697409 -0.860882 -0.161600 -0.582437 0.329161 -0.399989 0.437152 -0.440833
hsa5025 0.079455 1.238531 0.443063 -2.019656 -0.861879 1.407560 -0.556992 -1.098518 0.080336 -1.577074 -1.086949 -1.100156 -0.843772 -0.426487 -0.189666 0.252118
D00816 0.538390 -0.198205 0.529548 0.290817 -0.607880 0.461638 -0.061065 -0.768214 -0.493665 -0.595552 0.322026 0.793736 0.438428 -1.554907 -0.461201 -0.930373
hsa1145 -0.158989 0.646137 0.308819 0.586715 -1.074613 0.325470 0.840601 -0.584122 -0.163272 -0.036225 -0.505296 -0.267005 -0.931460 -0.586813 -1.341510 -0.345728
D00480 0.281741 -1.377427 0.733586 0.035336 -0.290940 0.184376 -0.295107 -0.813642 -0.399037 -0.298016 -0.132202 0.438656 0.593598 -0.985811 -0.318718 -0.715468
D02566 0.392195 -0.078608 0.596843 0.473051 -0.827036 -0.156454 -0.328307 -0.680182 -0.328318 -0.782738 0.225929 0.653734 0.388633 -1.788946 0.108958 -1.223215
hsa3776 0.827685 -0.179927 0.182440 -0.265648 -0.054111 -0.762296 -0.190278 -0.439228 -0.763979 -0.013127 -1.450050 0.262521 0.056909 0.668780 -0.792011 -0.656710
D00615 -0.414014 -0.630258 0.246114 -0.720656 -0.072676 0.918359 -0.843015 0.279100 -0.038951 -0.768141 -0.841986 -0.464983 0.023873 0.024866 -0.224863 -1.416356
D01599 -0.018550 1.084321 -0.762325 0.965661 -0.993575 -0.302612 -1.319893 -0.668991 -0.982571 -1.554127 -0.110477 -0.098247 -0.194181 0.399056 -0.370085 -1.253103
hsa3787 0.341847 0.335090 -0.349244 -0.341438 0.360690 0.491849 -0.769479 -1.257207 -0.586726 -0.195146 -0.804387 -0.195954 0.871335 -0.204168 -0.489910 -0.608171
hsa3747 0.403584 0.236095 -0.430735 -0.407288 -0.133724 0.549283 0.054292 -0.643243 0.386701 -0.294856 -0.555889 -0.486365 1.403907 0.291099 -0.845579 -0.815546
D00647 1.118265 -0.110232 0.269881 -0.060791 -0.924187 -0.946590 -0.827514 0.119188 -0.513683 -0.064358 -1.131900 0.449425 0.465390 0.432438 -0.159522 -0.741713
D02262 0.680678 0.258115 -0.230907 -0.704942 0.098864 0.209004 -0.508338 -0.642550 -0.949519 0.615408 -0.314856 -0.291059 -0.136202 -0.031517 -1.406887 -0.875166
hsa3745 0.415169 0.614105 -0.404649 -0.450470 0.126047 0.175430 -0.849153 -1.184129 -0.871065 0.179119 -0.467770 -0.353466 0.593679 -0.268301 -0.601888 -0.695689
D04999 0.606151 -0.030161 0.598261 0.830480 -0.969062 -0.618485 -0.291770 -0.756020 -0.426238 -0.123798 0.264549 -0.166840 -1.278538 -0.789028 0.419385 -1.086471
D00650 0.905160 0.453405 -0.123414 -0.965311 -0.800092 -0.774561 -1.124188 -0.610222 1.288737 -0.183517 -1.266858 0.152798 0.370444 -0.736180 -0.538138 -0.256612
hsa2901 -0.255296 -0.117051 -0.508180 0.065092 -0.106758 0.065608 -0.205473 -1.116229 1.222388 0.097986 -1.228942 0.027527 -0.559967 -0.925280 0.643168 -1.412673
D01799 -0.164071 0.915104 -1.086009 1.148696 -1.252883 -0.197391 -1.404627 -0.746156 -0.928491 -1.369947 -0.508811 -0.255113 0.048156 0.427576 -0.608323 -0.971413
hsa2899 -0.093989 -0.324079 -0.477805 0.369456 0.135516 -0.009979 -0.227877 -1.367473 0.901901 0.227982 -1.203560 -0.146366 -0.468481 -0.946588 0.701383 -1.383565
hsa9132 0.464083 0.470889 0.653243 0.560417 -0.154235 0.224135 -0.804828 -0.787099 -0.470442 -0.302070 -0.581110 0.316609 1.088641 -0.013378 -0.726135 -0.566069
D00379 0.161802 1.243469 -0.893934 0.959884 -1.049456 -0.164592 -1.416139 -0.980528 -0.956832 -1.388933 -0.323167 -0.057442 -0.086659 0.040733 -0.142137 -1.048176
hsa5026 0.112380 1.480345 0.294128 -1.845264 -1.131629 1.477682 -0.721379 -0.843999 0.315957 -1.781502 -0.810378 -1.194116 -0.571600 -0.604048 -0.094943 0.033895
hsa3752 0.574945 1.214880 0.471572 -0.215064 0.046190 -0.140067 0.088294 -0.687295 -0.333084 0.294486 -0.562032 -0.882018 0.254406 0.090108 -0.163042 -1.001095
D01256 0.953408 0.028578 -1.085616 -0.419682 -0.362616 -0.411722 -1.420089 -0.747230 1.360603 -0.094951 -1.491023 -0.165666 0.017860 -0.614212 -0.169625 -0.606815
D00733 0.298765 -0.160241 1.051824 0.747060 -0.643147 0.335543 0.807650 -0.820470 -0.599863 -0.133713 -0.249300 0.385155 -0.188855 0.611819 -0.434718 -0.971204
hsa56659 0.211427 -0.315187 0.254550 0.276712 0.403201 -0.163815 -0.634154 -0.651039 -0.146756 -0.512416 -1.285982 -0.768766 0.507019 0.397722 -0.711343 -0.334556
hsa3775 0.065706 -0.045773 -0.257679 -0.153842 -0.150758 -0.675449 -0.487747 -0.309155 -0.696963 -0.197617 -1.497784 -0.216300 0.576953 0.728517 -0.609377 -0.746943
hsa2570 -0.186319 -0.423515 0.705037 -0.303530 -0.735795 -0.787836 -0.007044 -0.905729 0.673265 -0.475582 -0.079430 -0.976220 -1.117100 -0.357745 -1.357440 -0.104923
D02261 0.788442 0.235677 -0.424400 -0.664414 -0.144616 0.159729 -0.602840 -0.717784 -0.891232 0.327284 0.050335 -0.138754 0.166296 0.248321 -1.292966 -0.981420
D00351 1.020454 -0.632022 0.045346 -0.456619 -0.835775 0.473706 -0.716664 -0.732038 -0.327151 0.035728 0.075227 -0.910749 0.488677 0.623773 0.295868 -0.513924
hsa27012 0.289507 0.568232 -0.483371 -0.564476 0.118202 0.400237 -0.878994 -1.391486 -0.686745 0.292703 -0.774346 -0.228089 0.778591 -0.334226 -0.773001 -0.462630
hsa2904 -0.393902 -0.382472 -0.439981 -0.571064 -1.402322 0.461736 -0.428228 -0.930589 0.569227 -0.379252 0.806855 -0.470376 0.115541 -0.971824 0.283704 -0.882486
hsa90134 0.326987 0.029904 -0.089038 -0.400778 -0.190473 -0.768989 -0.901444 -0.424684 -0.653504 -0.174957 -0.771271 -0.469014 0.371698 0.594064 0.051899 -1.033920
D00631 0.573053 0.116868 0.446449 0.992050 -0.608412 0.268221 -0.523430 -0.932788 -0.847730 -0.652296 -0.032094 0.980227 0.749372 0.000632 -0.758758 -0.755143
hsa116444 -0.034690 -0.305108 -0.039639 -0.077170 -1.550795 0.412557 -0.306685 -0.948398 0.597631 -0.160401 0.721057 -0.309367 0.363891 -0.807288 0.367685 -0.798760
hsa2900 -0.097165 -0.301353 -0.439254 0.216583 0.069882 -0.052654 -0.094058 -1.295018 0.866511 0.224569 -1.499869 -0.112886 -0.514602 -0.982756 0.871328 -1.273658
hsa3756 0.787337 -0.189177 -0.086526 -0.651989 -0.233433 -0.481492 -0.597523 -0.539762 -0.618485 0.163780 -0.674292 -0.064839 0.125508 0.862393 -0.250130 -1.071925
D01768 0.222374 -0.168123 0.390843 0.234306 -0.230543 0.551546 0.909000 -1.245722 -0.563521 -0.436027 -0.312716 0.279371 -0.745863 0.514950 -0.443230 -0.858743
hsa3749 0.401783 0.131736 -0.058447 -0.428174 0.311286 0.277321 -0.001743 -0.923938 0.380506 -0.603485 -0.674803 -0.553122 1.188419 0.079162 -0.722057 -0.490148
hsa6833 0.296175 0.824542 -0.718922 0.243150 -1.545357 0.153332 -1.293866 -1.071695 -0.233075 -1.446249 -0.284767 0.236515 -0.258684 0.279780 -0.275681 0.414786
D00345 0.339664 0.665689 1.167430 -0.424876 -0.384477 -0.743068 -0.784861 -0.849828 -0.085396 -0.752297 -0.076590 0.466774 0.803774 -0.900120 -0.490021 -0.182104
D00574 -0.564528 0.125919 0.869544 -0.793035 -1.620426 0.045166 1.286932 -0.461062 0.281319 -0.234859 -0.656362 0.135490 -0.848566 0.040768 0.027138 -0.431439
hsa3773 0.205401 0.922068 -0.365656 0.191578 0.274509 -0.129917 -0.313183 -0.405640 -0.099639 -0.693923 -1.173256 -0.118139 0.662472 0.174681 -0.412233 -1.026202
D01275 0.908048 0.072375 -0.085798 -0.665893 -0.515282 1.021278 0.183741 0.179391 -0.586393 -0.598400 -1.149855 -0.719255 -0.649480 0.076691 0.291828 -0.356565
D00593 0.253549 1.138540 -0.888390 0.698849 -1.088820 -0.123221 -1.242417 -1.187768 -0.826572 -1.140420 0.031285 -0.457654 -0.211753 -0.024866 0.296731 -0.898000
hsa3772 0.520333 0.867272 -0.449427 0.330502 0.203621 0.257950 -0.778609 -0.585846 -0.200739 -0.649289 -0.686741 -0.430094 0.630212 -0.030928 0.027359 -1.078705
D00636 0.422424 -0.560231 1.177516 0.429172 -0.586217 0.239301 0.344640 -0.326903 -0.411245 0.156619 -0.048648 -0.452939 1.044725 0.436611 -0.545180 -1.439423
D00373 1.296996 -0.008252 -0.601852 -0.683679 -1.202662 -0.179164 0.286924 -0.193768 -0.548704 -1.313412 -0.150087 0.276846 0.112534 -0.536484 0.259877 -0.669616
hsa3753 0.133570 0.830280 0.811972 -0.448444 0.282446 -0.543506 -0.488384 -0.676925 -0.223697 -0.673046 -0.575044 -0.042130 0.750044 -0.616336 -0.354459 -0.533746
D03274 0.069368 -1.320692 0.181029 0.160317 -0.832817 0.273059 -0.367280 -0.491108 -0.676119 -0.493149 -0.536712 -0.313169 1.056579 -1.146481 -0.172937 -0.312479
D00594 0.796279 0.429034 -0.952204 0.113129 -0.887957 -0.512753 0.167627 -0.355374 -0.453233 -2.035310 -0.058696 -0.006279 -0.177626 -0.166809 0.113541 -0.587434
D00563 0.962202 0.435563 0.509779 0.280083 -1.060686 0.303162 0.074254 0.060921 -0.206012 -0.708478 -0.037152 0.569203 -0.131955 -1.910290 -0.409101 -1.017397
D00274 0.348983 -0.638095 -0.727451 -0.165619 -1.611575 0.178241 -1.529611 -0.739588 -0.446653 -0.467997 0.067063 -0.379807 0.688837 0.311114 0.799571 -0.852242
hsa2892 0.502483 0.017381 -0.434306 0.512498 0.465136 0.001546 -0.532289 -1.442946 0.922835 0.003276 -0.689503 -0.507267 -0.001597 -0.136775 0.025302 -0.728562
hsa81033 0.213625 -0.154180 -0.132649 -0.468152 -0.473471 -0.858256 -1.075043 -0.426877 -0.772368 -0.063515 -0.736329 -0.535019 0.254902 0.792384 0.148486 -1.067085
D00537 -0.030885 -0.595388 -1.140730 -0.205380 -0.518944 -0.402171 -0.484331 -0.642051 0.596673 0.268621 -1.093873 0.037154 -1.315795 -0.440947 -0.143451 -0.514667
D00364 1.233924 -0.089990 -0.095905 -0.776965 -0.114651 -0.429568 0.402377 0.044211 -0.351582 -1.494771 0.141352 0.316676 -0.167984 -0.956815 -1.083313 -0.723430
D00513 1.015333 0.415124 0.949242 1.149623 -0.967609 0.668663 0.259864 -0.560238 -0.458963 -0.721426 -0.177114 0.965802 -0.104493 -0.289595 -1.017838 -0.596246
hsa3748 0.585000 0.128832 -0.231765 -0.530103 0.173125 0.612040 0.018571 -0.760701 0.147169 -0.355707 -0.851071 -0.470913 1.150150 0.048703 -0.533429 -0.625527
D06106 -0.465996 0.130004 0.448678 0.425189 -1.785712 -0.253331 -0.110534 0.044360 1.105685 -0.121140 -0.809328 -0.536996 -0.523618 0.003380 -1.009900 -0.168494
hsa2905 -0.317667 -0.409219 -0.176286 -0.149920 -1.373235 0.330733 -0.127898 -1.015617 0.500755 -0.570823 0.873005 -0.209501 0.372381 -1.174140 0.497360 -1.111427
hsa26251 0.243024 0.155625 -0.144985 -0.327191 0.346004 0.177015 -0.687622 -1.619115 -0.767838 0.109093 -0.785858 -0.578922 0.831897 -0.106860 -0.343501 -0.572589
hsa50801 0.246171 -0.099736 -0.535421 -0.115388 0.356222 -0.354121 0.241006 -0.637993 -0.652442 -0.466529 -1.573861 -0.122404 0.409194 0.070458 -0.340475 -0.772507
hsa3769 0.707277 0.932624 -0.242207 0.231909 0.227448 0.197990 -0.691631 -0.708000 -0.449831 -0.682716 -0.649990 -0.449423 0.712664 0.031535 0.105101 -1.149051
D05458 0.066566 -0.421431 0.404697 0.088003 -0.804175 -0.975855 -0.164578 -0.581604 -0.294623 -0.791938 -0.064693 1.043323 -1.341437 -0.463387 0.237350 -1.328037
hsa2903 -0.375433 -0.389586 -0.260654 -0.000688 -1.529232 0.280370 -0.276050 -0.982823 0.718625 -0.265930 0.836047 -0.349178 0.417437 -1.169468 0.173937 -1.038556
D00553 0.004325 -0.831081 -0.087768 0.019167 -0.475261 -0.526352 0.117483 -1.350987 -0.011961 -0.600004 -0.161155 0.762276 -0.681928 0.561053 -0.765364 -0.447175
D00456 0.736415 -0.258269 0.732025 0.869311 -1.140646 0.804811 -0.123248 -0.550842 -0.174759 -0.808950 -0.302231 0.555806 -0.291658 -1.776232 -0.290045 -0.368652
D00759 0.124519 0.074549 0.028165 0.357259 -1.306520 -0.235327 0.269490 0.356155 -0.452914 0.680721 -0.456374 -1.244909 -0.557773 -0.630079 -1.242329 -1.612631
hsa169522 0.178920 0.193167 -0.179447 -0.616477 0.448701 0.263933 -0.836614 -1.144303 -0.518730 -0.383480 -0.871353 -0.347231 0.692362 -0.175154 -0.530277 -0.390787
hsa3786 0.554248 0.628379 0.723024 0.171709 0.125315 0.102582 -0.639901 -0.945841 0.069976 -0.416102 -0.890037 -0.106436 1.134682 0.115219 -0.578899 -0.392480
hsa3761 0.143519 1.189841 -0.245226 -0.005856 -0.267674 0.125349 -0.090391 -0.483575 0.031369 -0.802667 -0.795345 -0.152409 1.041305 0.450894 -0.346214 -0.850031
hsa6529 0.674338 0.128312 0.626703 0.146097 -0.618109 -0.550578 -0.657350 -0.195511 -0.356258 -0.495372 0.346487 0.392062 -1.105033 -0.861941 0.429619 -2.125887
D04985 -0.568620 -0.226281 0.074190 0.408735 -1.829334 0.091387 -0.011389 -0.104631 1.337477 -0.130931 -0.866782 -0.534781 -0.437698 0.116633 -0.904744 -0.153847
hsa3760 0.271043 0.702973 -0.270484 0.079268 -0.158039 -0.065065 0.075205 -0.634016 -0.131661 -0.815128 -0.664911 -0.371220 1.166038 0.010783 -0.032053 -0.985615
D00694 -0.252160 -0.571849 0.721527 -0.294526 -0.483734 -0.732947 0.709205 0.177372 1.129192 -1.020830 -1.009916 -0.552523 -0.360679 -0.584623 -0.282097 -0.665624
hsa7881 1.019324 0.252886 0.152727 -0.257419 0.372341 0.256530 -0.770916 -0.630785 0.161145 -0.701079 -0.928083 -0.464043 0.837115 0.014255 -0.043759 -0.577978
hsa89822 0.455293 -0.143729 -0.419772 -0.054337 0.318035 -0.313302 0.004812 -0.780177 -0.517083 -0.387455 -1.319896 -0.040771 0.453854 0.185582 -0.598074 -0.536691
hsa8001 0.978267 -0.573200 0.852528 0.968624 -0.726820 0.044657 -0.502113 -0.325391 0.724563 -0.566351 0.124904 -0.471112 -1.010118 -0.330994 -1.124872 -0.406368
hsa51305 0.477525 0.182043 -0.048315 0.234344 0.220325 -0.040876 -0.589714 -0.683925 -0.358385 -0.260210 -1.465051 -0.132821 0.696810 0.495893 -0.661221 -0.556814
D00761 0.026716 -0.125980 -0.139864 0.061529 -1.245980 0.107311 0.528743 0.178044 -0.513931 0.680373 -0.230736 -1.098918 -0.274090 -0.551980 -1.141012 -1.440300
D02237 0.236016 0.237237 0.264237 0.483007 -0.993992 -0.287666 -0.965888 -0.855154 -1.644434 -0.237985 -0.139580 -0.324986 -1.247789 -1.040552 0.335581 -0.657386
D01448 0.695785 -0.362433 -0.263873 -0.017155 -1.258415 -0.771897 0.750628 -0.659619 -0.749561 -0.702587 -0.592627 -0.707145 0.502418 -0.715848 -0.013323 0.015239
hsa11280 0.467444 -0.081096 0.711729 0.032886 -0.192909 0.134042 -0.080098 -0.668143 -0.450710 -0.443174 0.140625 0.318023 -0.963264 0.327856 0.444243 -1.566748
hsa3754 0.187704 0.429205 -0.231268 -0.561455 0.210703 0.140445 -0.673214 -1.326196 -0.523865 0.043281 -0.774837 -0.486410 0.841844 -0.356761 -0.478033 -0.374801
D00697 0.268089 0.002343 -0.254413 -0.136969 -0.942331 -0.516889 -0.114071 0.058327 0.783930 -1.471358 -0.114362 -0.217855 -0.551788 -0.544850 -1.134368 0.098914
D00234 -0.319238 -1.087853 -0.188131 -0.162600 -1.482139 0.620440 -0.867714 -0.381055 -0.673508 -0.576282 -0.427381 -0.554279 0.682952 -0.066919 0.528965 -0.411681
hsa8514 1.048976 0.121587 0.504542 -0.102465 0.554039 0.163257 -0.762875 -0.654057 0.144562 -0.557982 -0.684998 -0.515385 0.752390 -0.174816 -0.321541 -0.609750
D00709 -0.455811 -0.339912 -0.290037 -0.621717 -1.219467 0.421549 0.729140 -0.140681 -0.040648 -0.524491 -0.683778 0.416614 -0.472172 0.539714 -0.089972 -0.703590
D00451 1.030853 0.526241 0.476748 1.146783 -1.391366 0.052536 -1.073140 -0.147919 -0.416562 -0.533445 -0.631397 1.112703 0.037220 -0.351430 -0.507096 -0.456370
hsa9127 0.150367 1.168584 0.148892 -2.079136 -0.824879 1.230263 -0.384068 -0.859271 -0.028673 -1.765501 -1.216654 -1.047643 -0.565498 -0.892482 -0.238609 0.261754
D01242 0.466885 -1.483731 0.775185 0.545874 -0.529098 -0.057939 -0.048579 -1.075532 -0.315601 -0.367542 -0.308228 0.393098 0.813066 -1.196790 -0.245935 -0.839835
hsa10008 0.299202 0.553763 0.431004 -0.298362 0.540394 -0.352117 -0.612487 -0.710289 -0.149626 -0.788214 -0.887528 -0.344665 0.613660 -0.139848 -0.394028 -0.533727
hsa3755 0.220016 0.154683 -0.137494 -0.392488 0.380936 -0.014372 -0.874606 -1.536006 -0.628920 -0.219247 -0.697009 -0.573918 0.785577 -0.132769 -0.203942 -0.592013
D00533 -0.032130 -0.260692 0.951797 -0.263373 -0.459745 -0.220100 -0.255684 -0.820508 -0.705932 -0.831255 -0.108991 1.039207 0.104601 -0.386819 -0.178010 -0.529670
hsa5024 -0.162016 1.643263 0.211099 -2.167724 -1.026718 1.557033 -0.465430 -0.933308 0.073301 -2.008028 -1.311659 -0.969256 -0.892912 -0.677189 -0.464288 0.227408
D00521 -0.500170 -1.039660 0.042866 -0.331581 -1.233632 0.817252 -0.393315 -0.435286 -0.358871 -0.709643 -0.316828 -0.427017 0.537344 -0.525687 0.623975 -0.462139
hsa27345 0.270927 0.448302 0.020952 -0.191060 0.582526 0.043630 -0.238456 -0.820145 -0.251795 -0.502508 -0.993091 -0.362613 0.663984 -0.367675 -0.002971 -0.945875
D03450 0.625314 0.098498 0.854224 0.454556 -0.713192 -0.419944 -0.334627 -1.064680 -1.126638 0.218322 -0.464422 -1.382091 -0.679087 -0.631102 0.502076 -0.179876
D01071 -0.571721 -0.262692 0.525853 0.221846 -1.826346 -0.286144 0.235162 -0.065753 1.016736 0.011579 -0.864156 -0.514525 -0.204487 0.315105 -0.613489 -0.330609
D04370 1.178180 -0.030102 -0.120614 1.017487 -0.932880 0.700901 -0.401939 0.067452 0.191031 -0.859488 0.017062 0.240558 -0.924795 0.078763 -0.167679 -1.117760
hsa11254 -0.100082 0.371582 0.169573 0.310094 -0.471694 -0.339036 -0.609206 -0.109536 -0.285499 -0.698591 -0.273576 0.186831 -1.293676 -1.193846 0.771644 -2.078266
hsa27094 0.069435 0.410746 0.091725 -0.172238 0.770698 0.063709 -0.239584 -0.762481 -0.125806 -0.744304 -1.068913 -0.451024 0.639561 -0.316917 -0.224729 -0.940212
D02234 -0.067049 -0.950974 -0.267900 0.067487 -1.348043 0.434113 -0.228232 -0.147303 -0.554043 -0.428834 -0.828139 -0.749566 0.736292 -0.748250 -0.371329 0.330537
hsa3764 -0.189110 0.481665 -0.645234 0.486527 -0.322493 -0.231719 -0.087585 -0.614908 -0.294656 -1.132208 -0.784907 -0.369667 1.094599 0.403018 -0.169568 -0.937103
D00708 -0.405395 -0.123905 0.176988 -0.640299 -1.247128 -0.786888 0.834148 -0.347477 0.468922 -0.825490 -0.175795 0.527915 -0.963198 0.014424 0.023855 -0.883032
hsa3766 0.617975 1.186890 -0.448161 0.350226 -0.027045 0.121709 -0.608463 -0.575861 -0.067764 -0.811331 -0.559873 -0.471546 0.521498 0.200867 0.223376 -1.112054
D00035 -0.420660 0.505988 -0.293608 0.406563 -0.186017 0.314169 -0.398431 0.064856 -0.180115 -0.445179 -0.654935 -0.075550 -1.150184 -1.042148 0.662204 -1.961974
D01108 -0.262440 -0.128924 0.456135 -0.644551 -0.449528 0.038105 -1.467934 0.754701 0.217645 -0.620136 -1.111690 0.144393 0.056351 -0.141142 -0.408164 -0.872406
D02092 -0.086355 -0.213248 -0.679748 -0.112693 -1.945064 0.522089 -1.367297 -1.050116 -0.242634 -0.605836 -0.081573 0.076698 0.480373 0.053251 0.966345 -0.428524
hsa22953 0.188292 1.382980 0.091571 -1.693216 -1.183948 1.753741 -0.555871 -0.814965 -0.008280 -1.718109 -0.883904 -0.787463 -0.575927 -0.562044 -0.242134 0.193661
hsa5027 0.208025 1.299692 0.320485 -1.558653 -0.839664 1.290365 -0.150535 -0.996263 0.203888 -1.429760 -1.068951 -1.071016 -0.742830 -0.474096 0.110280 0.266010
D00418 0.010965 1.035994 -0.947878 0.543945 -0.651446 0.817675 0.174110 -0.575954 -0.667247 -0.489431 -0.352109 0.170451 -0.473537 -0.066698 -0.040989 -1.113133
D02347 0.109302 -0.356547 0.686313 -0.920802 -1.026233 -0.140395 0.848320 -0.633746 0.412114 -0.935947 -0.559637 -1.111166 -0.537982 -0.168198 0.388608 0.214579
D01603 0.256596 -0.037647 0.868362 0.496457 -0.976719 -0.910183 -1.053858 -0.161458 -0.502856 -0.122206 -0.483413 1.178455 -0.138573 -0.137443 -0.242107 -1.060411
D01575 0.430500 -0.623889 1.210978 0.666037 -0.773408 -0.294463 0.148946 -0.658278 -0.366337 0.279488 -0.320176 -0.236239 1.335231 -0.686784 -0.567335 -0.964684
hsa9992 0.401617 0.636398 0.226704 -0.268937 0.594331 -0.091614 -0.430575 -0.666970 -0.271574 -0.846949 -0.814746 -0.381109 0.599155 -0.205945 -0.265164 -0.761337
D04034 -0.027372 -1.484138 0.327050 0.104816 -0.422488 0.396230 -0.389675 -0.271228 -0.867780 -1.074273 -0.314522 -0.634815 0.904923 -0.799930 -0.143472 -0.688964
D02362 0.727377 -0.074995 0.108006 -1.001881 -1.066833 -0.176934 -0.354638 -0.100072 -0.334649 -0.980232 0.477187 0.323768 -0.231408 -1.389346 0.420446 -1.022821
hsa3751 0.615177 1.129091 0.582583 -0.455567 0.268897 0.011988 0.054519 -0.684326 -0.109227 -0.134336 -0.460476 -0.787382 0.224230 0.534235 -0.190333 -1.097874
D01854 0.091641 -0.030599 -0.494097 1.495730 -0.846195 -0.230620 -0.767886 -0.589985 -0.493469 -1.125294 0.301113 0.098030 0.412321 0.624015 -1.192068 -0.875597
D00771 1.274746 0.651250 0.012343 -0.493782 0.139209 -0.133463 -0.617149 -0.340920 0.886782 -0.552401 -0.776403 0.855213 0.134454 -1.278513 -0.130920 -0.987043
hsa60598 0.695231 0.098135 -0.150271 -0.050519 0.304892 -0.184423 -0.370306 -1.025342 -0.505662 -0.495295 -1.367919 -0.630835 0.839452 0.529571 -0.624072 -0.387932
D02485 1.216559 -0.690426 0.297477 0.099241 -1.067760 -0.755377 0.157426 -0.348870 -0.428101 -0.457553 -0.383985 -0.660280 0.860514 0.335969 0.457257 -0.953101
D04790 0.426783 -0.577767 -0.243707 -0.555672 -0.104147 -0.221982 1.338457 -1.423206 0.127170 -0.057082 -1.035019 -1.100177 -0.253869 -1.248051 0.896431 -1.159507
D01828 0.419354 0.297126 -0.782997 -0.139685 -1.459393 -0.202336 -0.648107 -0.698570 0.199937 -1.568989 -0.130463 0.132669 -0.559415 0.247072 -0.552052 0.719445
hsa23704 0.542896 0.466306 0.303809 -0.248411 0.440161 0.006627 -0.491461 -0.640062 -0.210915 -0.612522 -0.885036 0.014050 0.895428 -0.030552 -0.462008 -0.823130
hsa6534 0.365705 0.028541 0.746843 -0.011478 -0.839539 -0.557659 -0.641039 0.074920 -0.504204 -0.616838 0.105441 0.213970 -0.949975 -1.363089 0.663300 -2.349298
hsa40 0.015376 0.193411 0.568244 -0.512983 -0.653410 1.057930 -0.503760 -1.405052 0.477683 0.097377 -1.012859 0.876722 0.436828 0.486492 0.384297 -0.786594
D00779 0.356476 0.162048 -0.291819 -0.949042 -1.314542 0.487107 0.433301 -0.891352 -0.527549 0.792650 0.467835 -0.159396 -0.616061 -0.091228 -0.428172 -1.115313
hsa3785 0.423071 0.814500 1.100144 0.091626 -0.228411 -0.118715 -0.559627 -0.897264 -0.357207 -0.374763 -0.831801 0.244834 1.119511 0.299192 -0.799854 -0.309593
D00392 -0.804158 -0.341596 0.175119 -0.062087 -1.770306 0.576243 0.085318 0.092107 0.992704 -0.168950 -1.030227 -0.298819 0.151657 0.750163 -0.189575 -0.609740
D00760 -0.028140 -0.081281 -0.078359 0.369655 -1.077743 -0.013793 0.409343 0.296553 -0.234691 0.738451 -0.441475 -1.120776 -0.272699 -0.319167 -0.962872 -1.634228
D00831 0.853839 0.185518 0.862094 -1.052925 -0.907292 -0.482175 0.233802 -0.831284 -0.572007 -0.921313 0.314580 -0.236868 1.151701 0.242830 -0.111956 -0.291988
D00504 0.090181 -0.503437 -0.671169 0.109399 -0.535416 -0.153562 -0.393369 -0.465285 -0.529763 -0.682484 -0.105857 0.742141 -1.206750 0.317787 -0.313299 -1.190629
D00964 -1.325937 0.121993 1.126344 -0.355912 -0.986211 0.583400 0.449007 -0.273617 -0.377347 -0.199560 -0.395258 -0.535226 -0.357308 -0.315928 -1.217181 -0.339195
D00495 -0.701477 -0.105096 0.348590 -0.115005 -1.669655 0.516671 -0.089874 -0.051740 1.079127 -0.326878 -0.643874 -0.600554 0.155888 1.066816 -0.485887 -0.432304
hsa56660 0.102627 -0.479279 0.430229 0.290251 0.247116 -0.035030 -0.829860 -0.408124 -0.210956 -0.569414 -1.621986 -0.839389 0.229976 0.759670 -0.954689 -0.166542
hsa3750 0.698797 1.153535 0.589822 -0.475633 0.330290 -0.167212 -0.251425 -0.617680 -0.126574 0.034000 -0.338184 -0.892121 0.301708 0.411501 -0.359554 -1.280394
hsa56479 0.827984 0.664425 0.850382 0.192308 -0.275443 -0.055984 -0.598009 -0.932303 -0.375956 -0.197381 -0.649620 -0.427555 1.360175 0.200751 -0.624495 -0.352771
D00765 0.574340 0.662491 0.663299 -0.129213 -1.720653 -0.150449 0.414196 0.291916 -0.039725 0.569284 -0.217069 -0.540392 -1.039093 -0.013628 -0.300269 -1.291086
hsa41 -0.293332 0.100095 0.820837 -0.422648 -0.711602 1.030644 -0.518739 -1.357313 0.218511 0.345811 -1.215366 0.975785 0.304911 0.399666 0.393725 -0.894951
D01350 -0.097240 -0.102823 0.124809 -0.442044 -0.617452 0.615372 -0.757284 -0.377890 -0.593676 -0.400837 -1.193960 -0.755144 -1.384410 -0.488293 0.771460 -0.021058
D03037 0.496469 -0.238308 0.072004 -0.682836 -1.301546 -0.197582 1.047945 -1.120131 0.260171 -0.902359 0.165523 -1.008144 0.198161 -0.598046 0.985362 -0.425055
D00474 -0.667803 -0.401859 0.053340 -0.884464 -1.755868 -0.335014 1.013642 -0.540381 0.962016 -0.724061 -0.073782 0.226742 -0.862453 -0.470854 0.051429 -0.644675
D00704 0.060945 -0.815212 0.273838 0.671581 -0.759025 0.219938 -0.243429 0.218316 1.301389 -0.443662 -1.155166 0.050526 -0.171331 -0.251122 -1.286697 -0.224517
D00960 -1.082126 0.223378 1.260222 -0.199142 -0.813511 0.259772 0.610228 -0.775331 0.123138 -0.130191 -0.310202 0.120951 -0.316631 -0.536748 -1.509474 -0.209296
hsa1144 -0.063112 0.694972 0.824000 -0.106979 -1.137935 0.772959 0.756155 -0.521222 -0.299100 0.174945 -0.740891 -0.009679 -0.731074 -0.858627 -1.647666 -0.107649
hsa1140 -0.214997 0.691096 0.722861 0.183040 -1.416279 0.799659 0.899449 -0.375856 -0.191892 0.462248 -1.013697 0.089771 -0.797354 -0.466873 -1.558951 -0.539374
hsa57192 -0.897225 1.660801 0.981494 -0.276327 -0.253041 -1.048023 -0.897191 -0.351330 -0.659886 -0.774290 -1.383034 -1.414890 0.700996 -1.666735 -1.264871 -0.374311
hsa57657 0.736640 0.123997 -0.040077 -0.576736 -0.308008 -0.085122 -0.563219 -0.380934 -0.430505 0.032939 -1.436557 -0.613876 0.942975 0.428688 0.407936 -1.075263
D00607 0.226208 -0.270010 -0.292529 0.026224 -0.816790 -0.004808 -1.070421 -0.662966 -1.058748 0.208567 -0.654328 -0.414260 -1.671752 -1.328455 0.254525 -0.412741
hsa23630 0.610349 0.543452 0.109012 -0.137166 0.606160 -0.064562 -1.101179 -0.992968 -0.089210 -0.971691 -0.818474 -0.203569 0.770456 -0.428821 -0.391266 -0.427520
D00963 -0.325818 0.665457 1.223697 -0.371786 -2.150168 -0.206911 0.361792 0.305706 0.340166 0.456240 -0.409983 0.043715 -0.320756 -0.016481 -0.725610 -0.806997
hsa2902 -0.300357 -0.779195 -0.639752 -0.061924 -1.160654 0.229696 -0.495627 -1.367469 1.202858 0.045228 0.463195 -0.207573 -0.343470 -1.092112 0.210634 -0.950888
hsa2895 -0.219464 0.066049 -0.287776 0.181236 0.435458 -0.069194 -0.677197 -1.331733 1.490559 -0.050168 -0.737587 0.140143 -0.449294 -0.394189 0.034758 -1.148052
hsa3779 0.371231 0.484235 0.348974 0.105035 0.861472 0.064877 -0.122949 -0.845936 -0.255751 -0.795440 -0.994951 -0.713480 0.452893 -0.205165 0.015974 -1.000213
hsa7225 0.293720 0.160829 0.933886 -0.607292 -0.632078 1.612553 -0.417076 -1.087060 0.725210 0.424374 -0.977632 0.646789 0.423305 0.015974 0.335096 -0.893400
hsa1181 0.150981 -0.038682 -0.489723 -0.900564 -0.099917 -0.595205 1.141541 -1.672745 -0.123573 -0.339119 -0.953885 -1.213113 -0.189734 -1.370404 0.891792 -1.166090
hsa93107 0.015970 0.105827 -0.135417 -0.903848 0.611059 0.295432 -0.781883 -2.234727 -0.690800 0.008472 -0.858508 -0.561786 0.951981 -0.825777 -0.792013 -0.422660
hsa10060 0.238973 1.081941 -0.234489 0.050509 -1.689987 -0.059415 -1.710582 -0.821132 -0.322819 -1.785435 -0.815241 -0.390950 -0.181879 -0.003063 -0.168282 0.656528
