D02356 0.128714 0.060776 0.075191 -0.203162 0.694169 -0.234925 -0.602844 -0.261097 -0.196875 0.278131 -0.246772 0.340183 -0.193698 0.487332 -0.180561 -0.951829
D00294 0.515473 0.441177 -0.243879 -0.475414 0.854617 -0.404350 -0.591694 -0.626170 0.020130 0.268332 -0.393441 0.044481 -0.049455 0.340351 -0.591159 -0.952820
D00512 -0.471526 -0.421134 0.221610 -0.082887 0.032611 0.103467 -0.676564 -0.033140 -0.104932 -0.320409 -0.674762 0.477154 -0.230332 0.351525 0.564508 -0.897944
D00332 -0.643788 -0.182428 0.113918 -0.201385 -0.108249 0.300589 -0.726012 -0.250960 -0.409827 -0.225405 -0.358757 0.504444 -0.295248 0.404309 0.476632 -0.915282
hsa6331 0.407741 -0.169325 -0.136807 -0.320137 -0.218453 0.289257 0.282224 -0.391806 0.359407 0.160884 -0.400412 0.901666 -0.204043 0.386200 0.638591 -0.905170
hsa6328 0.315736 -0.122899 -0.435698 -0.287812 -0.335312 0.244993 0.156565 -0.135006 0.354853 0.274788 -0.481649 0.805023 -0.265490 0.665630 0.437068 -1.070407
D00542 -0.341702 0.011384 0.192849 0.143429 0.053396 0.025949 -0.850087 -0.170752 -0.045976 -0.909117 -0.507422 -0.515022 -0.176161 0.300190 -0.020423 -1.097825
D00618 -0.749768 -0.153061 0.318897 -0.042662 0.399601 0.347823 -0.824734 -0.287549 -0.379631 -0.658126 -0.617310 -0.169538 -0.180933 0.647853 0.255711 -1.273525
hsa2554 -0.034148 -0.061119 0.022534 0.408098 -0.638037 -0.185382 0.157901 -0.954308 0.424686 -0.482848 -0.714651 -0.869044 -0.679859 -0.510590 0.038756 -0.869126
D00437 -0.767647 -0.240107 0.546470 -0.122553 0.261606 0.309567 -0.841678 -0.161791 -0.442358 -0.484874 -0.569084 -0.165747 -0.178388 0.638321 0.207983 -1.299990
D01295 -0.665869 -0.377465 0.340831 0.078749 0.075305 0.113857 -0.951079 -0.298711 -0.409005 -0.365661 -0.588252 -0.163690 -0.218071 0.638223 0.026431 -1.044792
hsa6329 0.364878 -0.242007 -0.324067 -0.246994 -0.378412 0.251433 -0.018372 -0.253286 0.223715 0.251436 -0.389408 0.790918 -0.126984 0.717732 0.303051 -0.944072
D00560 -0.591978 -0.557140 0.350272 0.086678 0.008257 0.368218 -0.985157 -0.497329 -0.455748 -0.117712 -0.497076 -0.118263 -0.136475 0.684622 -0.072800 -0.895847
D00629 -0.743977 -0.162319 0.202641 -0.236465 0.289783 0.370978 -0.690704 -0.293906 -0.323254 -0.672268 -0.604445 -0.037181 -0.154927 0.769607 0.101465 -1.225900
hsa6323 0.406312 0.134005 -0.470520 -0.348898 -0.675924 0.112433 0.394704 -0.503649 0.188167 0.202940 -0.579886 0.741854 -0.217726 0.702375 0.690671 -0.957906
hsa6335 0.558682 -0.057480 -0.342164 -0.457011 -0.453713 0.168086 0.325947 -0.112550 0.275318 0.234264 -0.586069 0.869278 -0.152296 0.698730 0.317803 -1.046668
hsa6326 0.506494 -0.200832 -0.437959 -0.413898 -0.465284 0.506441 0.312892 -0.223085 0.306365 0.288684 -0.560258 0.866117 -0.169750 0.819875 0.223374 -1.051257
D00499 0.129331 -0.001272 0.464395 0.231099 -0.905272 -0.185646 0.510742 -0.471344 0.072316 -0.257519 -0.641135 -0.588101 -1.522806 -0.547934 -0.394531 -0.950759
D00775 -0.360590 0.303408 -0.736281 -0.775838 -0.153671 -0.403076 -0.771093 -0.312396 0.414164 0.128918 -0.625405 0.787485 -0.503746 -0.427045 0.564472 -0.971764
hsa6334 0.652827 0.088736 -0.257802 -0.449428 -0.508429 0.319862 0.517658 -0.293101 0.367228 0.212696 -0.405803 0.634724 -0.416815 0.876184 0.321657 -1.033127
hsa6336 0.278326 0.017118 -0.141889 -0.219100 -0.489371 0.415648 -0.183045 -0.213203 0.394714 0.028881 -0.363340 0.765731 -0.270809 0.555643 0.649806 -0.902697
D00293 0.293752 -0.331627 0.689459 0.563075 -0.174889 0.202424 0.004813 -0.787572 0.672579 -0.822853 -0.910757 -0.345383 -0.879372 -0.759192 0.184651 -0.689632
hsa1135 0.359419 0.295576 0.875007 0.267403 -0.960291 0.096006 0.490897 -0.486837 -0.454981 0.750486 -0.214964 0.052116 -1.170182 0.023252 -0.691654 -0.993709
hsa775 -0.773179 -0.338503 0.007129 0.078049 0.238607 -0.104752 -0.462741 -0.286819 -0.708041 -0.513585 -0.473613 -0.066766 -0.015223 0.371103 -0.395356 -1.297538
D00547 0.490285 -0.015552 0.129138 0.112638 -0.199359 -0.172298 -0.119404 -0.631386 0.602872 -0.892038 -0.340649 -0.536842 -1.018378 -0.687748 -0.532041 -0.944968
D00642 0.793951 0.302892 -0.300508 -0.464007 -0.214792 -0.024915 0.345452 -0.421452 -0.108011 -0.000732 -0.064702 0.716295 0.073198 0.695627 -0.309915 -1.172875
D00530 0.383134 -0.395648 0.078945 0.165313 -0.565953 -0.314167 -0.060589 -0.665191 -0.000185 -1.062754 -0.898885 -0.195029 -1.303715 -0.549923 -0.309545 -0.415428
D02207 0.598078 0.002791 0.719522 0.615851 -0.867376 -0.276872 0.153436 -0.484171 -0.115203 0.336626 -0.810893 -0.427285 -0.964903 -0.078755 -0.757470 -0.552272
D02272 0.524206 0.298301 -0.126833 -0.474158 -0.272981 -0.459245 0.441655 -0.349440 -0.165168 0.146662 0.010606 0.559168 -0.097003 0.685422 -0.252503 -1.264217
D00329 0.543026 -0.691415 0.436964 0.319074 -0.246588 -0.463078 0.404216 -0.624626 0.319527 -0.906990 -0.674347 -0.196563 -0.871888 -0.810973 -0.418699 -0.946383
D00303 0.095013 -0.577982 -0.369454 0.092149 -0.240028 -0.313177 -0.406368 0.046940 0.007840 -0.231311 -0.518702 1.122798 -0.713151 0.232073 0.472197 -0.711969
D00726 0.406459 0.050364 0.208919 0.226303 -0.934537 0.468801 0.550084 0.482149 -0.383464 0.634150 -0.897614 0.262618 -1.301570 -0.216147 -0.240159 -0.942810
hsa778 -0.711276 -0.554827 0.194286 0.029055 0.352382 0.244711 -0.473842 -0.350956 -0.118968 -0.814496 -0.139432 0.264080 -0.078541 0.504054 -0.360424 -1.518497
hsa2559 0.496646 -0.283324 0.268060 0.576983 -0.683503 -0.275380 -0.018731 -1.025509 0.317985 -0.413738 -0.701586 -0.473598 -0.911373 -0.479139 -0.232925 -0.560566
hsa8913 -0.475793 -0.018144 0.182569 -0.115657 -0.021428 -0.005157 -0.339793 -0.119750 -0.538604 -0.161037 -0.129032 -0.432448 -0.412484 0.600981 0.758468 -1.345046
hsa2556 0.519319 -0.243547 0.309454 0.622840 -0.757837 -0.396115 -0.084413 -1.041365 0.386305 -0.427898 -0.744739 -0.562258 -0.951760 -0.420925 -0.390473 -0.552197
D00549 0.909233 0.020464 0.104258 0.379010 -0.781699 -0.004936 0.099614 -0.595677 0.634729 -1.256157 -0.634573 -0.097124 -1.070243 -0.257647 -0.032910 -0.714143
hsa2558 0.467340 -0.152893 0.369262 0.488145 -0.826867 -0.461705 -0.177312 -0.929640 0.508472 -0.431581 -0.675064 -0.625062 -0.787208 -0.458527 -0.364290 -0.699252
hsa6263 -0.052211 -0.255328 0.520954 -0.879904 0.262855 0.575163 -0.573925 -0.166229 -0.673170 -0.623489 -0.937482 0.013931 -0.401075 0.663566 0.151406 -0.527252
D00252 0.217838 -0.566235 0.027180 -0.230283 0.014905 -0.271036 -0.787852 0.124511 -0.086726 0.241177 -0.421880 1.186783 -0.342327 -0.199033 0.848672 -1.038356
D00552 -0.044015 -0.192507 -0.030607 -0.394228 -0.047502 -0.054022 -0.434549 0.027589 0.349633 -0.210901 -0.291538 1.095379 -0.943016 0.045759 0.641365 -0.817116
D00545 0.002834 -0.057434 0.250865 -0.186215 -0.314008 -0.359451 -0.221381 -0.859972 0.726835 -0.972297 -0.605819 -0.481223 -0.873293 -0.718934 -0.520457 -0.922192
hsa8912 -0.558783 -0.384201 0.158548 -0.223288 0.021403 -0.067989 -0.549484 0.000660 -0.575100 -0.093649 -0.320208 -0.489012 -0.318948 0.388598 0.614976 -1.353817
D00550 0.457123 -0.088733 0.426825 0.339338 -0.340627 -0.255108 0.238309 -0.962974 0.432186 -0.888619 -0.991292 -0.195643 -1.196460 -0.834350 -0.066708 -0.578619
hsa2557 0.574826 -0.504973 0.247805 0.469051 -0.748950 -0.198028 -0.025438 -0.892855 0.471521 -0.663428 -0.610637 -0.398264 -0.986018 -0.459594 -0.604226 -0.671108
hsa2555 0.614492 -0.111252 0.208745 0.707320 -0.763333 -0.156258 -0.152517 -0.955923 0.578087 -0.465551 -0.630405 -0.496242 -0.708305 -0.510942 -0.379776 -0.692536
hsa779 -0.914861 -0.480426 0.339088 -0.006096 0.299540 -0.029503 -0.396065 -0.149167 -0.402959 -0.229700 -0.474224 -0.012654 -0.187797 0.403193 -0.476298 -1.319349
D00711 0.436693 -0.514874 0.189484 0.291752 -1.154310 0.309629 -0.475935 -1.607129 0.161471 -0.034188 -0.076621 -0.412931 -0.494719 -0.665384 -0.278490 -0.635971
hsa3736 0.362390 -0.204101 -0.360632 -0.377679 0.417647 -0.269334 0.124347 -0.391627 0.662146 -0.440121 -0.085948 -0.266263 -0.282955 0.001336 -0.891792 -1.294638
hsa3758 0.696728 0.969211 -0.822438 0.067338 1.118958 0.762277 -0.183163 -0.697415 -0.541299 0.339902 -0.895710 0.416264 -0.670988 0.407862 -0.142503 -0.565215
hsa6262 -0.202905 -0.233917 0.660053 -0.778338 0.304550 0.755798 -0.381977 -0.234041 -0.648461 -0.487015 -0.808940 0.000555 -0.509634 0.764615 0.087086 -0.521079
D01450 0.446696 0.179925 -0.204217 -0.160291 -0.397616 0.383776 0.068546 -0.184975 0.710733 0.356656 -0.339665 0.869475 -0.242427 0.735975 0.047401 -1.104276
D00740 0.375228 -0.187506 0.197862 -0.646900 -0.440878 0.621355 0.101283 0.133483 0.269041 -0.238558 -0.701816 0.502681 -0.650424 0.877669 0.257870 -0.584874
hsa8645 0.777736 0.139498 -0.204302 -0.301469 -0.391315 0.156333 -0.040552 -0.315197 0.368269 0.236793 -0.306574 0.788724 -0.127768 0.958282 0.074813 -0.934095
hsa1136 0.300408 0.413935 0.613046 0.135347 -1.125473 0.349329 0.451573 -0.136621 -0.217261 0.585734 -0.780971 -0.060584 -1.375527 -0.240782 -0.572222 -0.923312
D00225 0.316371 -0.304320 0.718843 0.331763 -0.317694 -0.429121 0.321252 -1.075087 0.371132 -0.933110 -1.045849 -0.348714 -1.246481 -0.696690 -0.065537 -0.603946
D00538 0.083459 -0.089123 -0.342448 -0.122168 -0.331779 -0.337785 -0.471200 0.276602 -0.096370 0.027555 -0.531272 0.301830 -0.252037 0.207910 0.979157 -1.111819
hsa6261 -0.255062 -0.290498 0.587549 -0.900098 0.314092 1.023967 -0.477648 -0.464773 -0.173973 -0.405102 -0.791507 -0.234025 -0.535566 0.703395 0.230338 -0.494409
hsa776 -0.836428 -0.356385 0.119170 -0.169024 0.257175 0.387944 -0.565829 -0.282565 -0.601748 -0.643106 -0.313596 0.127645 -0.167543 0.485833 -0.059477 -1.425377
hsa55584 0.324104 0.488001 0.585984 0.040911 -0.982992 0.182469 0.601404 -0.331659 -0.108498 0.713343 -0.741171 -0.223420 -1.271059 -0.161920 -0.627363 -0.872210
hsa1137 0.425755 0.602853 0.550996 0.130920 -1.029461 -0.050524 0.567105 -0.277288 -0.194456 0.516252 -0.605199 0.020017 -1.367997 -0.120765 -0.697147 -0.969837
hsa8911 -0.367685 -0.462201 0.107158 -0.148827 -0.012717 -0.073525 -0.446565 0.005126 -0.350543 -0.182697 -0.499234 -0.622181 -0.155363 0.635662 0.588372 -1.318538
D00349 -0.797629 -0.370231 0.140050 -0.023788 0.174012 0.159855 -0.423637 -0.236336 -0.521681 -0.627018 -0.413220 -0.202751 0.042408 0.545465 0.188598 -1.607679
hsa3782 1.066190 -1.191921 0.736918 0.157685 0.478093 0.141521 -0.437773 -0.636562 -0.522590 0.640791 -0.872568 0.417110 0.295318 -0.219664 -0.206701 -0.627396
D00528 0.582050 0.291582 0.379742 -1.232006 0.095344 0.657801 -1.069722 0.363621 -0.944463 -0.812204 -2.131192 -0.344729 -0.742643 0.810113 -0.181143 -0.630282
hsa773 -0.893126 -0.323767 0.601318 -0.204121 0.323893 -0.168356 -0.544928 -0.221848 -0.563118 -0.662101 -0.450359 0.133372 -0.303720 0.531917 -0.190227 -1.314804
hsa786 -0.606450 0.006902 -0.069466 0.161483 0.297632 0.117808 -0.833746 -0.480926 -0.613294 -0.664832 -0.592043 0.112763 0.093979 0.534339 0.251709 -1.203247
hsa3359 0.589473 0.058708 -0.183418 0.492266 -0.409874 1.229534 0.287588 0.124114 -0.467961 0.474412 -1.118395 0.331964 -0.483601 -1.173458 -0.117592 -0.985489
D00649 -0.208265 -0.281713 -0.309715 0.080868 0.060738 -0.303883 -0.952255 0.336745 -0.418595 0.343854 -0.082001 0.197352 -1.359165 0.352325 0.803733 -1.140502
D00738 0.435860 0.169623 -0.280456 0.071594 -0.755507 0.545712 0.086953 -0.187251 0.264021 0.423941 -0.377144 0.789623 -0.180609 0.578702 0.163758 -0.985801
hsa8973 0.240078 0.409963 0.277740 0.107871 -0.963974 0.280861 0.645116 -0.430675 -0.165611 0.725514 -0.538009 0.150136 -1.485180 -0.160495 -0.714118 -0.845944
D00732 0.318536 0.015829 0.004218 -0.308740 -0.585143 0.193104 0.322418 0.126107 0.296873 0.312785 -0.728907 0.842619 -0.690074 0.899084 0.256825 -0.787006
hsa3741 0.490683 -0.036294 -0.279629 -0.172354 0.212368 0.127470 0.366355 -0.350929 0.564038 -0.241691 -0.205552 0.624026 0.386439 0.095004 -0.481763 -1.405683
hsa3757 0.740587 -0.599799 -0.693553 -0.181517 0.084621 -0.317372 -0.621478 -0.900331 -1.071383 0.344153 -0.255297 -0.470013 0.028925 0.566116 -0.372741 -0.839521
hsa3781 0.928723 -0.822519 0.959110 0.562403 0.317287 -0.114811 -0.189721 -0.303858 -0.348272 0.708322 -1.180474 -0.156269 -0.113146 0.288857 -0.461998 -0.440396
D00548 0.453955 -0.165400 0.364472 -0.185712 -0.440017 -0.120499 0.064068 -0.494974 0.243310 -1.238012 -0.790259 -0.132167 -1.380570 -0.699626 -0.115659 -0.635992
D00136 0.050782 -0.961961 -0.316807 -0.114837 -0.645748 0.548312 -0.653174 -1.686124 -0.446081 0.318891 -0.148783 -0.457234 0.155621 -0.090004 0.106946 -0.824834
hsa1139 0.433867 0.558994 0.676190 0.226001 -0.920889 0.061973 0.485707 -0.135542 -0.275267 0.758571 -0.646206 0.115861 -1.209429 -0.179160 -0.893558 -1.022313
D03991 0.495258 -0.424664 -0.607723 -0.064498 -0.274554 0.713104 0.218650 -0.629265 -0.053122 0.458537 -0.796026 0.610320 0.156310 0.631022 -0.091924 -0.583332
D00735 0.343105 -0.227563 -0.342519 -0.591206 -0.646133 0.581469 0.320860 -0.494156 0.147375 0.416300 -0.236501 0.614952 -0.389430 0.827028 0.192973 -0.867188
hsa2562 0.361887 -0.161642 0.296162 0.200730 -0.425606 -0.259075 0.228023 -0.708599 0.266440 -1.144136 -0.989588 -0.321271 -1.252816 -0.639422 -0.279500 -0.671125
hsa57053 0.521182 0.571686 0.322830 -0.049853 -1.218171 -0.000317 0.493515 -0.173967 -0.277695 0.595115 -0.814441 -0.069202 -1.239562 -0.302739 -0.755751 -0.893972
D02086 0.679533 0.095619 -0.416213 -0.219498 -0.408589 0.411938 0.256332 -0.260972 0.389132 -0.059259 -0.542209 0.761926 -0.417548 0.915193 0.529802 -0.924421
hsa1134 0.298158 0.630267 0.532637 0.195088 -1.303361 0.215440 0.411128 -0.296811 -0.322673 0.588256 -0.788225 0.030295 -1.187515 -0.049576 -0.874800 -0.885944
hsa6530 0.689670 0.175365 0.607408 0.155749 -0.165339 0.343157 0.257552 -1.246070 -0.861205 0.118172 -0.825798 1.176172 0.027319 -1.056664 0.772504 -0.708370
D02088 0.773123 -0.031227 -0.394164 -0.191706 -0.460110 0.131283 0.339485 -0.291909 0.512506 -0.038219 -0.415034 0.834457 -0.452804 0.636352 0.605606 -1.028282
hsa3778 0.079705 1.023412 -0.451272 -0.118420 0.178234 -0.957566 -0.798972 -0.479501 -0.114806 0.033394 -1.220593 -0.181179 0.505288 -0.312688 -0.137004 -1.303770
D01287 0.498459 0.080025 -0.243208 -0.203848 -0.705745 0.334728 0.048504 -0.381747 0.292445 0.344556 -0.303445 0.849436 -0.209367 0.865431 0.497232 -1.051247
D00638 0.588069 -0.441075 -0.415579 -0.287109 0.042265 0.408068 0.420962 -0.290388 0.886310 0.248140 -0.134137 0.302654 -0.084660 0.600128 -0.095745 -1.389652
hsa2566 0.335124 -0.181924 0.432124 0.270501 -0.404865 -0.388701 0.170137 -0.826276 0.399516 -1.039779 -0.699992 -0.160917 -1.354604 -0.549602 -0.197302 -0.681942
D02087 0.631570 -0.288675 -0.145308 -0.218101 0.083432 0.544757 0.706483 -0.635510 0.295856 0.620061 -0.952779 0.235995 0.221535 0.558197 0.594046 -0.878013
hsa2560 0.523981 -0.154588 0.469359 0.095116 -0.422130 -0.123585 0.370951 -0.860523 0.353210 -1.007729 -0.635331 -0.278247 -1.137017 -0.816062 -0.142421 -0.815626
D04048 0.450315 0.080840 -0.200058 -0.075127 -0.759988 0.356470 0.219988 -0.424991 0.289172 0.328849 -0.222757 0.917980 -0.233832 0.848379 0.365770 -1.099225
hsa3738 -0.085736 -0.095804 0.030204 -0.668095 0.474730 -0.262513 0.509571 -0.541255 0.135853 -0.037037 -0.220474 0.369526 0.125814 0.132322 -1.138665 -1.470406
hsa781 -0.327676 -0.153265 -0.008580 0.077603 0.360357 0.060949 -0.771568 -0.245679 -0.554146 -0.718009 -0.639422 0.012409 0.296628 0.516754 0.364360 -1.257045
D01243 0.687710 0.133274 -0.271818 -0.418216 -0.605128 0.481296 0.342682 -0.336761 0.431924 -0.053022 -0.355522 0.804230 -0.176281 0.460031 0.631049 -1.111892
D05156 0.370701 0.617755 0.633443 -0.107828 -0.699650 0.271077 0.265623 -0.336805 0.015805 1.200112 -0.744513 -0.061150 -1.052804 -0.097010 -0.748258 -0.706401
hsa2567 0.643267 -0.154496 0.343193 0.348311 -0.401031 -0.327559 0.219858 -0.631963 0.350768 -0.929578 -0.792738 -0.195912 -1.293996 -0.701000 -0.232087 -0.699556
D00648 0.281531 0.061931 -0.511434 0.297059 0.344862 -0.225471 -0.616996 -0.926309 -1.001780 -0.748416 -0.047459 0.072819 0.104458 0.935024 -0.311664 -1.039098
D00358 0.701751 -0.005416 -0.377135 -0.387618 -0.533755 0.274238 0.274044 -0.443578 0.504330 -0.039266 -0.438197 0.873088 -0.369561 0.729524 0.508723 -0.945968
hsa2561 0.467600 -0.152257 0.287206 0.057708 -0.324968 -0.293290 0.162863 -0.766601 0.267354 -1.346847 -0.741361 -0.218495 -1.270771 -0.681661 -0.379370 -0.764917
D05453 0.347209 0.437932 0.702653 -0.392060 -1.124780 0.290004 0.268047 -0.840797 -0.529980 0.631171 -0.311183 0.394636 -1.028575 -0.115046 -0.702911 -0.565248
hsa6338 -0.092870 -0.187510 -0.249468 -0.187182 0.123656 -0.336981 -0.741562 0.204175 0.056061 0.007129 -0.414182 0.603408 -0.599834 0.083075 0.756529 -0.993438
hsa783 -0.733762 -0.174558 0.023041 0.206463 0.271875 0.329327 -0.880555 -0.203696 -0.161163 -0.512638 -0.640671 -0.016719 -0.164284 0.647142 0.027186 -1.148939
D00741 0.688685 -0.373181 -0.248516 -0.478735 -0.626080 0.318072 0.200510 -0.058218 0.370235 0.288633 -0.432907 0.744749 -0.611790 0.857345 0.295763 -0.889952
D00739 0.540602 -0.375857 -0.209365 -0.576261 -0.879725 0.168677 0.141707 -0.745571 0.402971 0.776162 -0.221672 0.482732 -0.299655 0.708686 0.303781 -0.851548
D00639 0.848872 0.061270 -0.376836 -0.267126 -0.496366 0.331413 0.596254 -0.174966 0.449396 -0.226013 -0.491333 0.794506 -0.467426 0.342485 0.764934 -1.090579
hsa93589 -0.679786 -0.352619 0.230643 0.217141 0.183032 0.384094 -0.911624 -0.328627 -0.214140 -0.426456 -0.412669 -0.059554 -0.131810 0.576869 0.188436 -1.183247
D03878 0.124736 -1.278578 -0.045270 0.115280 -0.768248 0.399366 -0.823284 -1.528656 -0.179528 0.529727 -0.478017 0.153720 0.280819 -1.236424 -0.354754 -0.997315
D00799 1.154838 -0.861964 0.195944 0.210928 0.612307 0.542334 0.570695 -0.614859 -0.038209 0.967843 -0.883822 -0.435973 0.049877 0.089761 0.334536 -0.920621
hsa3763 0.080891 -0.018320 -0.094730 0.282535 1.184604 -0.285351 0.402026 -0.849656 -0.369881 0.823496 -1.143989 -0.052538 0.019296 0.499163 -0.341097 -0.811375
D00619 -0.648225 -0.450990 -0.045898 -0.297065 0.633396 -0.451694 0.385497 -0.200580 -0.605220 0.687951 -0.596882 0.005512 -0.103159 0.429351 -0.858274 -1.383206
hsa2564 0.425862 -0.112918 0.500142 -0.022488 -0.401895 -0.373298 0.180022 -0.659871 0.402102 -0.994359 -0.707834 -0.150039 -1.384928 -0.790230 -0.353915 -0.730540
hsa55879 0.089249 -0.190714 0.417058 0.200889 -0.067270 -0.185119 0.240269 -0.706222 0.404487 -0.906837 -0.851066 -0.191124 -1.394975 -0.851376 -0.314604 -0.712466
D02173 0.508546 0.845827 0.707210 0.202111 -1.122772 0.507031 0.448645 -0.176152 -0.126140 0.523416 -0.637889 -0.074422 -0.902709 0.056085 -0.645357 -1.015525
D00809 0.891066 -1.036216 0.618195 0.491695 -0.020738 0.296971 -0.762037 -0.559885 -0.478159 0.619326 -0.992097 0.833404 0.172222 -0.801039 -0.419115 -0.572983
hsa784 -0.719686 -0.198943 0.242194 0.088264 0.063251 0.295287 -1.152631 -0.348626 -0.180166 -0.392658 -0.556911 0.006086 -0.265882 0.885778 0.051362 -0.970903
hsa2569 0.463479 -0.319728 0.214768 0.062963 -0.442974 -0.200829 0.279893 -0.761484 0.237859 -1.211713 -0.755547 -0.297270 -1.314397 -0.660105 -0.154547 -0.707702
hsa2741 0.446331 0.276901 0.117507 0.240635 -0.265234 0.631211 -0.509482 -0.367349 0.815572 -1.144798 -0.368527 -0.504181 -0.560383 -0.788305 -0.265112 -1.098055
hsa3783 0.608873 -0.547482 0.608275 -0.822356 0.398762 0.774022 -0.464927 -0.510750 -0.723876 -0.192758 -0.838206 -0.321865 -0.232378 0.403577 -0.570771 -0.234874
D00477 0.410303 -0.226612 -0.381873 -0.197243 -0.585909 0.404291 0.519344 0.076674 0.057782 0.303219 -0.649856 0.731572 -0.611204 0.869430 0.231923 -0.916601
hsa6340 -0.311177 -0.332959 -0.152089 0.021476 0.144221 -0.498290 -0.705044 -0.027268 0.007827 0.259997 -0.373693 0.745617 -0.521138 0.237674 0.630319 -1.074204
D00394 0.918064 -0.770329 0.582877 0.436988 -0.110191 0.179924 -0.507840 -0.312586 -0.664198 0.544574 -0.503030 1.127783 -0.163160 -0.899514 0.501921 -0.853840
hsa6339 -0.274986 -0.196733 -0.322549 -0.148983 0.243204 -0.417601 -0.772502 0.030622 -0.059051 0.179516 -0.515682 0.664569 -0.523764 0.082732 0.979833 -1.067779
hsa1141 -0.392441 -0.244315 0.334903 0.416146 -1.046242 0.713039 0.686430 -0.141369 -0.277145 0.067650 -0.627658 0.215584 -1.739083 -0.076864 -0.203641 -0.808889
hsa2563 0.423725 -0.251094 0.203311 0.288918 -0.356368 -0.216840 0.261401 -0.660463 -0.018066 -1.074006 -0.713681 -0.291852 -1.392222 -0.920798 -0.333726 -0.797877
D00616 -0.114056 -0.729970 0.101804 0.138998 0.394571 -0.132056 0.080005 -0.553189 0.501918 -0.507678 0.126007 0.500036 0.038322 -0.159942 -0.986676 -1.513363
hsa55799 -0.722380 -0.158696 0.225383 0.011370 0.061812 0.286420 -1.015687 -0.301927 -0.187285 -0.230252 -0.573272 0.003854 -0.125269 0.746756 0.135232 -1.099105
D03580 0.263358 0.958489 0.687444 -0.206797 -1.150935 -0.148996 0.573502 -0.556627 -0.599541 0.415920 -0.475914 0.021026 -0.785176 0.038832 -0.603177 -0.932255
hsa777 -0.712177 -0.221692 0.557546 -0.065390 0.335847 -0.106182 -0.586179 -0.215134 -0.349437 -0.469639 -0.641696 0.010472 -0.142399 0.549475 0.034937 -1.106126
D02041 1.032832 0.575098 -0.087610 0.569335 -0.335947 1.432185 -0.186378 0.001724 0.157099 -0.438875 -0.638170 0.024913 -0.584263 -1.224391 -0.164253 -1.144809
D02101 0.312989 0.591812 0.587430 0.050981 -1.204090 0.058291 0.358766 -0.321144 -0.295733 0.688267 -0.635645 0.100996 -1.283316 -0.031981 -1.069602 -0.965325
hsa3743 0.222314 -0.368224 -0.230545 -0.785539 0.263415 -0.496757 0.245009 0.183016 -0.151420 0.305536 -0.406351 0.122396 -0.028334 0.517072 -0.885989 -1.444855
D00110 0.792304 0.686912 0.637200 0.308365 -0.234192 1.121544 -0.263140 -0.789280 -0.060021 -0.022349 -0.101492 0.872934 -0.352704 -0.512191 0.917883 -0.789631
hsa2890 -0.131976 0.336308 -0.654071 -0.417828 0.081023 -0.435179 -0.718584 -0.644941 0.770916 -0.429362 -0.376365 -0.263913 -0.921686 -0.672130 -0.434382 -0.845172
hsa9311 0.004661 -0.255172 0.014639 0.158127 0.229369 -0.219828 -0.876621 0.191923 -0.069828 0.023514 -0.238155 0.695355 -0.776240 0.232828 0.966547 -1.019052
hsa3737 0.254997 -0.258036 -0.258107 -0.703864 0.621974 -0.140595 0.198156 -0.365475 0.716463 -0.175254 -0.282824 0.225357 0.017300 0.258058 -1.079286 -1.421884
hsa785 -0.780894 -0.160176 0.381126 0.021676 0.117914 0.289991 -1.094811 -0.305546 -0.231345 -0.057040 -0.478995 0.027208 -0.243794 0.822970 0.000883 -1.118055
D00812 0.917943 -0.910401 0.415771 -0.056477 -0.230689 0.069668 -0.719169 -0.308991 -0.517804 0.638010 -0.863670 0.872824 0.332574 -1.046077 0.197864 -0.900461
D00611 0.380632 0.739464 0.250607 0.319799 -1.182098 0.082407 0.631974 -0.429132 0.102821 0.710963 -0.781489 0.274692 -1.078613 0.222020 -0.593453 -0.834892
hsa774 -0.650970 -0.165285 0.447273 -0.039306 0.295866 -0.144810 -0.703565 -0.241160 -0.307199 -0.439120 -0.601312 -0.065749 -0.194473 0.631151 0.062795 -1.129571
D02204 -0.060617 0.348554 0.428641 -0.023290 -0.702711 -0.068436 0.561448 -0.309993 -0.283204 1.039806 -0.611415 -0.289318 -1.320655 -0.164582 -0.841425 -1.002759
D02098 0.526901 -0.150622 -0.101053 -0.488881 -0.530534 0.472101 0.317604 0.020558 0.319883 0.121262 -0.710756 0.765358 -0.447834 0.738342 0.505498 -0.891647
D00319 -0.898808 -0.459452 0.444394 -0.084998 0.334921 0.273932 -0.491512 -0.153776 -0.708349 -0.747327 -0.273858 0.050848 -0.127823 0.258227 -0.342236 -1.652878
D03826 0.386876 0.750291 0.540914 0.226146 -1.025888 -0.036668 0.675122 -0.360754 -0.330555 0.419492 -0.452431 0.243182 -1.009279 -0.005854 -1.071594 -1.098565
hsa55515 -0.134274 -0.358399 -0.224172 -0.026000 0.195447 -0.382566 -0.989021 0.103202 0.004802 0.276803 -0.419113 0.766444 -0.637246 0.136775 0.662120 -0.979178
hsa782 -0.533508 -0.134306 -0.118482 0.112404 0.175006 0.192980 -0.908418 -0.401187 -0.400571 -0.837192 -0.534267 0.105888 -0.191227 0.956416 0.225292 -1.085785
hsa3767 0.432789 0.221013 -0.785742 1.104642 1.268756 0.407155 -0.400145 -1.419857 -0.694077 0.062336 -0.841626 0.381542 -0.378863 0.733601 -0.625996 -0.718032
hsa6332 -0.197650 -0.384325 -0.537588 -0.497009 0.077751 0.012519 -0.525398 -0.111203 0.220922 0.005955 -0.468447 0.958499 -0.440319 0.197547 0.391044 -0.896031
D00326 1.028310 -0.877726 0.494378 0.600299 0.809539 -0.454700 0.328943 -0.655188 -0.241889 0.383309 -1.110030 0.103884 0.043817 0.212445 -0.009411 -0.623925
hsa6532 0.710001 0.245373 1.019068 0.618772 -0.331491 0.703753 -0.073995 -1.073706 -0.322360 0.531724 -0.362065 0.662821 0.054853 -0.969224 0.872171 -1.114383
hsa3710 -0.531900 -0.065749 0.441143 0.008257 0.066100 0.222557 -1.039806 -0.266054 -0.307629 -0.391837 -0.509506 0.059672 -0.126562 0.594938 0.020344 -0.970846
D02409 0.330138 -0.679128 0.287777 -0.718617 0.376924 0.861178 -0.374616 -0.282507 -0.715256 -0.829173 -1.310852 -0.292044 -0.567697 0.020613 -0.119352 -0.156890
hsa9254 -0.573775 -0.141263 0.119646 -0.013448 0.219091 0.423498 -0.986705 -0.083951 -0.090791 -0.608432 -0.633112 -0.015480 -0.022421 0.491036 0.174339 -1.186389
D01118 0.913916 -1.449426 0.568875 0.152327 -0.564074 -0.492003 -0.158363 -0.061546 -0.549270 -0.304448 -0.424077 0.731661 -0.262975 -0.743749 0.003072 -0.944120
D00524 0.344992 0.092837 0.420920 -0.111974 -1.243255 0.420010 0.674647 0.140365 0.035939 0.439460 -0.755875 0.211210 -1.478080 0.190641 -0.240973 -0.898718
D03365 0.122734 0.372554 0.255496 0.349876 -0.689257 1.206848 0.278391 -0.375394 -0.341607 0.787443 -0.478918 0.489379 -1.272980 -0.375175 -0.467413 -0.654912
hsa1138 0.171780 1.032881 0.731417 0.079479 -1.209937 0.092243 0.481394 -0.400870 -0.157488 0.685714 -0.805741 0.172920 -1.106614 -0.096531 -0.788532 -1.018924
hsa59284 -0.544122 0.066162 0.297070 0.051094 0.136379 0.117114 -1.130056 -0.356225 -0.269240 -0.290029 -0.538813 0.105810 -0.098717 0.683914 0.160493 -0.976856
D03830 0.003734 -0.744744 -0.067640 0.248609 0.210013 -0.121622 -0.111320 -0.657864 0.323143 -0.518479 0.053515 0.207068 0.327006 -0.076378 -1.042757 -1.484611
D02461 0.376471 -0.658129 -0.223010 1.060747 -0.438313 -0.158173 -0.077613 -0.835022 0.657880 -0.691243 -0.541631 -0.088152 -0.656046 0.054766 -0.711754 -0.693684
hsa5310 -0.556926 -0.154440 0.187946 0.106057 0.390377 0.155998 -0.877026 -0.152382 -0.203419 -0.342428 -0.486496 -0.011150 -0.511574 0.564527 0.388647 -0.965509
hsa3765 0.217739 0.423951 -0.084064 0.279215 1.583540 -0.346927 -0.196138 -0.880663 -0.232542 0.415963 -0.749228 0.281889 -0.348324 0.588280 -0.131760 -0.911247
hsa285242 1.108149 0.101770 -0.632064 0.210542 -0.281712 1.228641 0.092195 0.299491 -0.758817 0.132284 -0.875944 0.164479 -0.307736 -1.088374 0.066644 -1.357934
hsa27092 -0.337563 -0.285180 0.540253 0.233766 0.348055 0.111505 -1.079273 -0.105832 -0.261597 -0.135185 -0.584639 -0.295159 0.055390 0.575853 -0.028486 -1.118851
D00677 0.668102 0.601225 -0.395204 0.328690 -0.390606 1.634624 0.217458 0.139050 -0.153543 0.121451 -1.002741 0.174976 -0.385821 -0.443757 -0.289534 -0.963700
D01712 0.173100 -0.314032 0.489128 -1.064099 0.440845 0.948111 -0.654490 -0.382026 -0.774882 -0.651967 -1.198426 -0.357925 -0.791486 0.690866 -0.260022 -0.293250
hsa10369 -0.469833 -0.331537 0.413513 -0.079062 0.111479 0.257984 -0.941638 -0.256072 -0.226047 -0.148612 -0.506579 -0.052363 -0.038298 0.671140 0.142787 -1.012363
hsa2742 0.930611 0.019239 0.167354 0.636227 -0.301766 0.787534 -0.373950 -0.204095 0.607046 -0.988280 -0.370680 -0.343825 -1.128650 -0.934183 -0.027250 -1.038468
hsa6337 -0.163686 -0.415982 -0.272008 -0.137998 0.125659 -0.255003 -0.954005 0.087900 0.133356 0.182885 -0.417290 0.760686 -0.696622 0.124017 0.679105 -0.966908
D00640 0.882645 -0.566878 0.046937 -0.055935 -0.306421 0.290063 0.063408 0.053359 0.324654 0.052422 -0.687776 1.285079 0.350330 0.063173 -0.142596 -1.016330
D00543 -0.108514 0.147048 -0.249552 -0.138729 0.033266 -0.112814 -0.428241 -0.662919 0.785763 -0.764747 -0.210414 -0.769573 -0.666822 -0.569661 -0.500409 -1.191758
hsa3708 -0.590704 -0.117999 0.576062 -0.085325 0.295956 0.010878 -0.838769 -0.210277 -0.224085 -0.251835 -0.648265 0.085979 -0.173463 0.590873 0.103227 -1.007539
hsa55503 -0.588727 -0.168233 0.543958 0.129719 0.153258 0.167945 -0.916735 -0.201979 -0.022917 -0.103354 -0.492866 0.106202 -0.406940 0.593392 0.039908 -0.811408
hsa51802 -0.012554 -0.157684 -0.148090 -0.284486 0.173496 -0.506626 -0.974912 0.164104 0.070004 0.013151 -0.507838 0.867035 -0.900087 0.092875 0.721901 -0.823597
hsa6330 -0.153438 -0.210041 -0.156504 -0.346039 -0.020220 -0.456028 -0.727309 -0.012434 -0.110420 0.028139 -0.281931 1.015568 -0.541267 -0.018485 0.631387 -0.994202
D00438 -0.820890 -0.195984 0.058732 0.138164 0.622143 0.445185 -0.386533 -0.396235 -0.424211 -0.817439 -0.514537 -0.065795 -0.060117 0.614503 -0.101553 -1.560294
hsa9177 0.832310 0.119634 -0.084400 0.307622 -0.570018 1.090501 0.175910 0.484191 -0.216644 0.328059 -1.210613 0.325467 -0.377103 -1.131251 -0.209800 -1.108798
hsa3759 0.415647 0.506146 0.105524 -0.135882 1.593446 -0.301438 -0.065884 -0.612927 -0.126137 0.443721 -0.716496 0.115588 -0.561474 0.715760 -0.206364 -0.930326
D00354 0.308503 0.105541 -0.660523 -0.394573 -0.402623 -0.032648 0.284832 -0.215600 0.295158 0.351504 -1.054751 0.477392 -0.235044 0.802751 0.672760 -0.805148
hsa3784 0.722380 -0.188411 0.385734 -0.420785 0.877933 0.235809 -0.865356 -0.751153 0.452424 0.973197 -0.141475 -0.572873 0.152492 0.069180 0.365653 -1.249918
D02253 0.229089 -0.224778 0.026473 0.677881 -1.085646 -0.574629 0.050167 -0.905158 0.286366 -0.452939 -0.603223 -1.005233 -0.951374 -0.450553 -0.165869 -1.134531
D00228 0.454929 0.339866 0.541800 0.190702 0.097739 0.579510 0.762283 -1.080323 -0.389554 0.230525 -0.987541 0.442280 0.618478 -1.166175 0.546625 -1.229407
hsa3780 1.192912 -0.820256 0.597974 -0.037509 0.879960 -0.432653 -0.176330 -0.535415 -0.424152 0.171133 -0.928012 0.192593 0.000142 0.153021 -0.651020 -0.487050
D00823 1.210398 -1.309075 0.456165 0.205770 0.652985 0.036838 0.246562 -0.542732 -0.014252 0.386027 -1.280094 -0.064911 -0.174537 0.200470 -0.180738 -0.367487
hsa83795 0.835882 0.744748 -0.068979 -0.276776 0.244965 -0.346350 -0.040699 -0.270557 -0.299713 -0.132944 0.218898 0.448585 0.045363 0.703352 -0.293766 -1.439456
hsa8989 -0.531945 -0.133740 0.278730 -0.063468 0.453216 0.325148 -0.897407 -0.152991 -0.392984 -0.359918 -0.379235 -0.212568 -0.229166 0.557463 0.278975 -1.294267
D00617 -0.913791 -0.260405 0.047627 -0.607163 0.395358 0.173617 -0.159215 -0.537465 -0.511463 -0.988276 -0.282461 0.324101 0.029768 0.480945 -0.385095 -1.583380
D00283 0.948967 -0.091380 0.240002 0.422529 0.044320 1.060761 0.804067 -0.246072 -0.382516 0.495612 -1.100988 -0.027752 0.205438 -1.304752 0.200241 -1.417285
hsa3768 0.323209 0.521407 -0.140444 0.051757 1.617122 -0.206364 -0.163212 -0.844786 -0.123043 0.309051 -0.642303 0.426045 -0.600823 0.425982 -0.265606 -0.815990
hsa6324 -0.479650 -0.241372 -0.334517 -0.400994 0.164742 -0.060477 -0.718922 -0.117887 -0.122007 -0.025232 -0.551769 1.111787 -0.706942 -0.090739 0.438340 -0.763881
D05461 0.907176 -0.426398 0.458769 0.620761 -0.775657 -0.115076 -0.144782 -0.972491 0.360144 -0.242981 -0.653880 -1.023153 -0.735575 -0.164723 -0.179711 -0.629861
D00195 0.382635 0.825354 0.878390 0.256001 -1.638348 0.133222 0.179482 -0.532641 -0.307435 0.597247 -0.423658 0.165958 -0.954700 -0.246751 -0.722901 -1.098263
hsa3746 0.137937 -0.416778 -0.224676 0.054448 1.011858 0.025006 -0.147246 -0.730259 0.487967 0.253814 0.371219 0.292649 -0.179980 0.027466 -0.939087 -1.694243
hsa9424 0.879102 0.445913 -0.015981 -0.045626 0.080898 -0.431010 -0.192135 -0.597040 -0.438945 -0.328810 0.129306 0.419059 0.019683 1.007191 -0.475077 -1.065916
hsa9312 -0.131543 0.713537 0.457694 -0.800273 -0.086881 -0.050840 -0.252819 -0.942611 -0.260024 0.579696 -0.024608 0.773024 -0.150743 0.333415 -1.058925 -0.855309
D00791 1.213035 -0.967262 0.167162 -0.065950 0.564510 0.489081 0.231040 -0.744925 -0.094833 1.328821 -0.741004 -0.375068 0.054582 0.071965 0.419011 -1.009739
hsa3739 0.222671 -0.051210 -0.306903 -1.077387 0.340066 -0.232284 0.471510 -0.316121 -0.086242 -0.280613 -0.150937 0.204122 0.114686 0.467382 -0.712037 -1.457980
D00331 0.882958 0.225258 -0.005230 0.534782 -0.473845 -0.682163 -0.610550 -0.655706 0.606904 -0.120053 -1.070737 -0.794560 -0.229151 -0.385038 0.307212 -0.568638
D00367 0.119516 0.112060 0.743032 0.623942 0.082022 0.583124 0.430180 -0.929178 -0.270566 -0.266370 -0.870888 0.408246 0.018116 -1.075224 0.850914 -0.965914
D00816 0.994421 -0.931315 0.561912 -0.044528 -0.173164 0.487256 -0.702936 -0.615903 -0.282710 0.494728 -0.932670 0.923216 0.500379 -0.975072 -0.207213 -0.715717
hsa3744 0.060265 -0.507659 -0.413213 -1.034513 0.410813 -0.251217 -0.093339 -0.413331 -0.101073 0.310135 -0.634290 -0.190354 0.186140 0.463595 -0.937139 -1.113754
D00227 0.291352 -0.345517 0.295397 -1.061500 0.403160 0.994635 -0.762411 -0.480873 -0.806748 -0.495111 -0.981691 -0.320022 -0.709449 0.457701 0.011852 -0.243037
D00379 0.886204 0.716398 -1.124709 0.800272 1.039308 0.694473 -0.576198 -1.240513 -0.823037 -0.028888 -1.085918 0.868751 -0.816773 0.249176 -0.353941 -0.584483
hsa6531 0.445065 0.368882 0.809961 0.439634 -0.011413 0.871202 0.194640 -1.203978 -0.417811 -0.111762 -0.575485 1.073882 -0.415167 -0.827739 1.293049 -0.831385
D02546 -0.517690 0.162609 -0.433080 -0.658401 -0.496731 0.029080 -0.928794 -1.269975 0.313462 1.397111 -0.920905 0.675274 -0.977581 -1.146219 0.517651 -0.719032
D00544 -0.097437 -0.032071 -0.565324 -0.262571 -0.048912 0.111238 -0.242415 -0.579768 0.945783 -0.869558 -0.435814 -0.952362 -0.623812 -0.299685 -0.395272 -1.197797
D00633 0.471849 0.394564 -0.978288 -0.110003 -0.648517 0.857794 -0.018254 0.460887 -0.033203 0.262478 -0.891510 0.090473 -0.206229 -0.993312 0.426881 -1.432930
D01453 0.328764 -0.304649 0.404780 -0.988091 0.337835 0.705955 -0.721854 -0.262292 -0.925472 -0.607888 -1.205113 -0.127485 -0.705790 0.588807 -0.223998 -0.240137
D02630 -0.311205 -1.076794 -0.103717 -0.373831 -0.190479 0.261130 -0.868571 -0.445648 -0.493802 0.450563 -0.104309 -0.902605 0.058399 0.494244 0.418458 -1.501218
hsa116443 0.451994 -0.894406 0.738969 0.062661 -1.211081 0.200151 -0.925473 -0.584598 -0.375418 -0.266849 0.476050 0.253770 -0.341246 -0.728898 -0.119840 -1.072991
D00615 -1.022839 -0.418161 0.288152 -0.167351 0.307770 0.096243 -0.425144 -0.419798 -0.859592 -0.827051 -0.189087 0.286099 -0.205697 0.282352 -0.475756 -1.585077
D00336 0.788535 0.155316 -1.054550 -0.142741 0.740653 1.004763 -0.939650 -0.909506 -1.119708 0.371060 -0.747999 -0.029492 -1.058785 0.397051 -0.310125 -0.216584
hsa3752 0.192236 0.361174 0.296136 -0.193219 -0.106489 -0.184253 -0.562587 0.073812 0.557618 0.917489 -0.434475 0.302925 -0.347072 0.641135 -0.941164 -0.923926
D00647 1.082304 0.152362 -0.475416 0.312541 0.086573 -0.667109 -0.130696 -0.347844 -1.462453 0.070101 -0.594932 0.150653 0.448159 0.252900 0.069425 -1.048868
D00798 0.571479 -0.160422 0.104328 0.210669 0.516542 0.787454 0.726081 -0.982860 -0.016287 0.927183 -1.138375 -0.048594 0.433785 0.428613 0.493762 -0.958712
hsa2898 -0.412266 0.145509 -0.879643 -0.872112 -0.081293 -0.343849 -1.037394 -1.370741 0.522330 0.899664 -0.930768 0.644144 -0.953290 -1.022427 0.267007 -0.742517
D02914 -0.885221 -0.415322 0.496236 -0.316463 0.436973 0.185535 -0.485075 -0.305803 -0.697082 -0.742179 -0.212914 0.215003 -0.184911 0.338649 -0.375078 -1.517972
D00219 1.046078 0.702681 -1.089032 0.518559 1.033924 1.000129 -0.716884 -1.165103 -1.006307 0.183466 -1.036035 0.713450 -0.986909 0.354935 -0.296468 -0.560378
D00658 0.057135 1.067242 -0.562827 -0.317581 -0.308949 -1.354964 -1.010889 -0.683501 0.202069 -0.075490 -1.891347 -0.016791 0.455824 -0.392532 0.072524 -1.397857
hsa55800 -0.305708 -0.164322 -0.037027 -0.616222 0.298940 -0.215936 -0.659548 -0.172005 -0.000640 -0.070658 -0.426501 1.069346 -0.577216 -0.141954 0.568030 -0.797983
hsa27133 0.695698 0.196215 -0.456720 -0.259842 0.054655 -0.687055 -0.038276 -0.513007 -0.820582 0.130116 -0.175023 0.335054 0.132749 0.695416 -0.430796 -1.088989
D00340 -0.015051 0.960248 -0.390553 -0.159120 0.191928 -1.378300 -0.909981 -0.643402 -0.171942 -0.014393 -1.863263 -0.073742 0.697503 -0.300390 0.142561 -1.470403
D01969 -0.814366 -0.312405 0.410773 0.058974 0.152952 -0.703087 0.245373 0.022185 -0.821454 0.329838 -0.535636 0.211749 -0.367632 0.317579 -0.732043 -1.264805
hsa2903 0.062187 -1.203763 -0.193020 -0.054353 -1.114749 0.515228 -0.642893 -1.613648 -0.117241 0.038813 -0.217704 -0.364802 0.038349 -0.608797 -0.290457 -1.033869
hsa2891 -0.089075 0.637356 -0.845705 -0.881285 0.248408 -0.824448 -0.805244 -0.810005 0.366649 0.074011 -0.872710 0.231197 -0.451224 -0.729963 -0.114078 -0.885545
D00351 0.426042 -0.925267 -0.772227 -1.124139 -0.144539 0.293171 -0.351207 -0.892735 -0.575269 0.203152 -0.702656 -0.353243 0.302331 0.643806 -0.529848 -0.643348
D06172 1.151464 0.123767 -0.182663 -0.098241 -0.391454 -0.011805 0.444601 -0.708916 0.393479 -0.395108 -0.449911 1.014370 -0.445346 0.343730 1.161880 -0.860794
D00519 0.318885 0.956858 -0.237910 0.179885 0.035908 -1.387566 -0.852479 -0.645131 0.026511 -0.132795 -1.442738 -0.326605 0.548110 -0.102028 0.020717 -1.313465
hsa3775 0.887988 0.393018 -0.080286 -0.215212 0.511283 -0.488673 -0.577606 -0.446988 -0.685865 -0.362951 0.140597 0.332911 0.078336 0.807144 -0.377291 -1.264067
D05024 -0.464891 -0.337040 0.538060 -0.061525 0.281445 -0.514973 0.074701 0.218181 -0.809413 -0.139513 -0.429027 -0.153520 -0.303303 0.580262 0.277886 -1.497471
D00335 0.619309 0.503215 -1.185668 0.268683 1.099874 0.929741 -0.307562 -1.292275 -1.062961 0.021647 -1.018464 0.319013 -0.905141 0.521213 -0.550466 -0.523534
D00539 -0.503688 -0.064773 0.578590 -0.063409 -0.453052 -0.066066 0.090356 -0.420585 -0.831446 -0.275320 0.099619 -0.923645 -1.042809 0.091444 0.850787 -1.292941
D00536 0.799045 -0.291410 0.441714 -0.137669 -0.600863 0.681225 -0.791477 -0.084895 0.630673 -1.002714 0.248575 0.277543 -0.915374 -0.745895 0.177075 -1.041494
D01599 0.804554 0.938382 -0.881825 1.120682 1.012547 0.677514 -0.518934 -1.545360 -0.829374 0.090485 -0.911795 0.855547 -0.872939 0.360627 0.174640 -0.559940
hsa2905 0.291801 -1.049106 -0.087562 0.051468 -1.065165 0.561130 -0.647119 -1.725597 -0.184943 0.267767 -0.415548 -0.358842 0.030941 -0.584963 -0.306559 -0.767351
hsa3756 0.655691 0.041187 -0.315183 -0.355462 0.331813 -0.619185 0.012297 -0.771971 -0.330370 -0.004105 0.106247 0.398671 -0.003322 0.753408 -0.212550 -1.145431
D00678 0.715245 -0.410527 0.232400 -0.206130 -0.231247 1.040470 -0.513790 0.455053 -0.700716 0.477507 -1.533322 0.512810 -0.220767 -1.133340 -0.332772 -0.630668
D00546 -0.019456 0.021935 -0.026167 -0.310678 -0.024015 -0.437953 0.065820 -0.760732 0.786570 -0.982565 -0.516133 -0.918032 -0.510586 -0.321588 -0.711207 -1.254670
hsa2906 -0.114803 -1.106390 -0.118374 -0.055838 -0.940247 0.614855 -0.506605 -1.792352 -0.107646 0.210404 -0.483041 -0.350353 -0.044699 -0.821079 -0.269684 -0.877656
D00656 0.385491 0.774578 -0.852222 -0.172429 -0.089951 -1.292402 -0.861938 -0.569009 -0.029633 -0.063281 -1.725464 -0.336136 0.672610 -0.106065 0.066691 -1.422853
D01448 1.291311 -0.552707 0.611683 0.408105 0.165848 0.169577 0.480571 -0.646398 -0.114450 1.148449 -1.072444 -0.891518 -0.209530 0.338554 -0.051212 -0.671093
D03274 1.083502 -1.457332 0.982915 0.784048 0.153422 -0.143752 -0.769350 -0.426094 -0.622502 0.224423 -1.030114 0.014283 0.173485 0.161586 -0.457579 -0.649929
hsa3766 0.246424 0.671818 -0.475284 -0.253393 1.250586 0.160078 -0.315929 -0.423831 -0.227157 0.363013 -0.475481 0.192272 -0.492864 0.380872 -0.117220 -0.922482
D02566 0.563309 -0.525370 0.681914 0.199490 -0.402302 0.511377 -0.254671 -1.036672 -0.573786 0.571501 -1.036730 0.934766 0.431916 -1.345276 0.007422 -0.854737
hsa1080 0.623865 -0.243454 -0.177678 -0.788543 0.778288 1.158173 -0.788850 -0.607886 -1.018819 -0.562672 -0.930264 -0.024134 -1.200651 0.301962 -0.236662 -0.066876
hsa81033 0.442688 0.091615 -0.704487 -0.304926 0.481921 -0.649561 -0.594691 -1.126323 -0.726890 -0.134574 0.040597 0.013532 -0.073064 0.648208 -0.278861 -1.048874
D00234 0.265414 -1.253279 -0.142251 0.474366 -0.240168 0.059394 -1.096221 -0.833293 -1.222248 0.211709 -0.308889 -0.706078 -0.334415 0.895575 -0.245648 -0.759908
hsa2743 1.029468 -0.066764 0.629650 0.324895 -0.365745 0.466502 -0.282456 -0.484308 0.917883 -1.105097 -0.308067 -0.228618 -0.829276 -0.750809 0.159039 -1.066137
D03742 0.462871 0.056007 1.392852 0.248406 -1.488635 0.187486 -0.065196 -0.909251 -0.444357 0.540464 0.404372 0.117972 -0.556656 -0.549884 0.134871 -1.221918
D05077 0.733488 -0.283494 -0.312410 0.020277 0.494839 0.700053 0.863652 -0.831594 0.240109 0.465475 -1.242472 0.194827 0.174220 0.527496 0.635778 -0.780007
hsa3747 -0.167899 -0.352109 -0.075266 -0.057755 0.936247 -0.410463 -0.229996 -0.407412 0.197796 0.567040 0.056473 0.127103 -0.391753 0.073441 -0.815056 -1.514366
hsa2893 -0.092548 0.538702 -0.824403 -0.926280 0.286846 -0.556272 -0.928216 -0.857803 0.604304 0.025000 -0.474923 0.165797 -0.812767 -0.589722 -0.017759 -0.838541
hsa3790 0.074259 0.583083 0.428218 -0.643652 0.976499 -0.262313 -0.640950 -0.948867 0.062953 0.234274 -0.241114 0.624523 -0.111308 0.343725 -0.743358 -0.990831
D00513 1.003709 -0.057972 -0.692974 0.665215 -0.362085 0.944240 0.172608 0.502567 -0.848552 0.260275 -1.202980 0.749248 -0.169189 -0.599101 -0.258734 -1.230662
hsa54207 0.698060 0.679406 -0.177328 -0.471807 -0.031547 -0.556858 -0.213918 -0.492111 -0.423266 0.244442 0.146917 0.420365 0.196023 0.765431 -0.158241 -1.394670
D00373 0.447255 -0.081268 -0.172112 0.165499 0.740428 0.571355 0.845797 -1.013577 -0.302726 0.935081 -1.328442 0.094274 0.432122 0.151120 0.306749 -0.885987
hsa2899 -0.801776 0.204157 -0.816130 -0.529602 -0.433198 -0.127710 -0.776355 -1.056237 0.696490 0.896354 -0.934457 0.774242 -0.846687 -0.816616 0.638079 -1.028527
D00594 0.764157 0.430618 -0.546103 0.127459 0.863626 1.055099 0.550727 -1.003088 0.103789 0.348635 -1.348402 -0.008431 -0.270497 0.361821 0.425261 -0.451804
hsa90134 0.539788 -0.125579 -0.467457 -0.231648 0.542748 -0.537614 -0.454010 -1.049741 -0.856773 -0.067332 0.212139 -0.005718 -0.125800 0.601625 -0.341520 -1.048826
D01256 -0.189881 1.159042 -0.942951 -0.566991 -0.109389 -1.160548 -0.825376 -1.048275 0.014201 -0.158056 -1.474132 -0.075378 0.326585 -0.534638 -0.044586 -1.265621
D00480 0.795474 -1.321533 0.459410 0.260603 0.242233 -0.113241 -0.307521 -0.198462 -0.084270 0.222636 -0.443180 1.149423 -0.083301 -0.806090 -0.161558 -1.004615
hsa3772 0.381922 0.627900 -0.350429 -0.399083 1.357479 0.112978 -0.456803 -0.403170 -0.189776 0.395600 -0.490518 0.292462 -0.516838 0.450434 -0.112986 -0.915234
hsa9132 0.530536 0.544623 0.216147 -0.228654 0.879971 0.219612 -0.910646 -0.624509 0.253171 0.710508 0.071224 -0.225307 -0.040623 0.446240 -0.220422 -1.230079
hsa1145 -0.115223 -0.335049 0.347582 0.045561 -1.372960 0.487062 0.822398 0.130464 -0.043735 0.389738 -1.323307 -0.188307 -1.498831 -0.215854 -0.231511 -0.916033
D00451 1.390850 0.185467 -1.006175 0.720329 -0.096795 0.419307 -0.158162 -0.088458 -1.416265 0.324192 -0.692282 0.670216 -0.389597 -0.946869 -0.067829 -1.014221
hsa5025 0.958224 0.948830 0.539856 -1.558249 -0.481007 0.684876 -1.421910 0.449161 -1.195392 -0.946452 -2.442557 -0.567980 -1.044259 0.894765 -0.157291 -0.883337
D00380 1.240791 1.024748 -1.262785 0.807505 0.765982 0.597278 -0.318608 -0.867491 -0.916399 0.260506 -1.044611 0.855401 -0.837777 -0.136821 -0.224723 -0.803367
hsa200909 0.730121 0.402368 -0.644929 0.240419 -0.703628 1.403147 -0.336197 0.448280 0.068301 0.155329 -0.852351 -0.065441 -0.449897 -0.951220 -0.198059 -1.378849
hsa3762 0.289800 0.461694 -0.022345 0.194725 1.421388 -0.564787 0.084466 -0.981886 -0.070996 0.552562 -0.867768 0.063673 -0.355020 0.684351 -0.380966 -0.896779
hsa2892 -0.371764 0.463176 -1.003103 -0.782537 -0.006356 -0.533434 -0.997347 -0.655537 0.785169 -0.136474 -0.855358 0.486772 -0.807155 -0.733683 -0.020013 -0.964971
D00563 0.118196 -0.138833 0.478046 0.431402 -0.339662 1.238201 0.434353 -0.526818 -0.605103 0.803822 -1.005046 0.653354 0.193040 -1.217151 -0.093141 -1.297187
D03180 -0.136709 -0.026113 0.325503 0.335802 -0.962299 -0.390777 0.152346 -0.501952 -0.200918 -0.439299 -0.363253 -1.437592 -1.195424 -0.513047 0.498667 -1.517404
D04034 0.533035 -1.365700 0.719346 0.731203 0.159648 0.038099 -0.777818 -0.334340 -0.598282 0.326136 -0.815706 -0.118214 0.319730 0.362799 -0.770939 -0.900635
hsa2902 0.061302 -1.050780 -0.226223 0.161219 -0.926128 0.275325 -0.862344 -1.707421 -0.142136 0.339227 -0.212873 -0.052335 -0.236771 -0.722355 -0.086854 -0.816055
D00654 0.249544 0.915403 -0.400442 -0.141638 -0.170594 -1.513723 -1.268761 -0.637053 0.339954 0.131976 -1.788848 -0.076239 0.457417 -0.273875 0.106999 -1.271765
hsa3788 0.325541 0.291788 0.478244 -0.940051 0.839032 -0.272663 -0.722691 -1.108834 0.021579 0.509049 -0.389621 0.558112 -0.017739 0.450132 -0.541077 -0.719112
D01111 0.446635 0.935586 -0.663895 0.696934 0.536840 1.379220 -0.005949 -0.761299 -0.169049 0.148248 -0.887290 0.565453 -0.567457 -0.013251 0.437434 -0.595364
D02360 0.748997 -0.076360 0.976483 0.367292 -0.003867 0.758262 -0.256803 -0.798496 -0.204369 0.605304 -0.584331 0.358483 0.500200 -1.381372 0.355979 -1.350485
D01799 1.241562 0.582603 -1.008262 1.259870 1.284030 0.690351 -0.652118 -1.603485 -0.948347 0.041375 -1.088987 0.745786 -0.872016 0.408194 -0.340824 -0.745327
hsa5023 0.808435 1.103993 0.477011 -1.373503 -0.293452 0.601555 -1.420645 0.215074 -0.980369 -1.167639 -2.944608 -0.435819 -0.967526 0.992286 -0.105223 -0.777206
D01242 0.923625 -1.539869 0.825099 0.282232 0.012317 0.045238 -0.334698 -0.541967 -0.449400 0.432677 -0.617958 0.979594 -0.104278 -0.713720 -0.010428 -0.809146
hsa3764 -0.037209 0.277934 -0.342914 0.087726 1.246457 -0.148121 -0.224108 -1.060505 -0.182694 0.265279 -0.718855 0.045395 -0.199901 0.596754 -0.381228 -0.760519
D00694 -0.376090 -0.940471 0.505827 0.950747 0.120517 -0.379647 0.291955 -0.524497 1.031701 -0.714829 -1.313069 -0.432862 -0.804500 -0.172556 0.481569 -1.140289
D00338 0.436544 -1.262243 0.686526 0.816394 0.730816 -0.314619 0.567873 -0.645452 0.615780 -0.392375 -1.394665 -0.361266 -0.870565 -0.328155 0.432310 -0.739013
hsa3761 0.379741 0.635053 0.060118 0.105875 1.751408 -0.490309 0.018793 -0.783926 -0.010566 0.353314 -0.611274 0.373809 -0.577819 0.530692 -0.390060 -1.081808
hsa2904 0.358346 -0.976764 -0.175069 -0.046895 -0.864613 0.296940 -0.854825 -1.886045 -0.173025 0.040391 -0.314976 -0.451897 -0.026005 -0.940588 -0.368014 -0.881612
D00636 0.320227 -1.301980 -0.017849 -0.420449 0.242691 -0.572748 0.442449 0.389189 -1.149301 0.225746 -0.465316 0.286325 -0.251471 -0.082034 -0.627583 -1.324500
hsa2897 -0.623973 0.181736 -0.885500 -0.566388 -0.815183 -0.579794 -0.673338 -1.199210 0.451331 0.606105 -0.863862 0.598668 -0.920962 -0.531506 0.489677 -0.759949
D01253 -0.149624 -0.953105 0.873687 0.656081 0.371984 0.210169 0.503183 -1.091241 0.817385 -0.502643 -1.098896 -0.370493 -1.066129 -0.234985 0.854320 -0.722165
hsa3745 0.236744 0.588094 0.457038 -0.496770 0.484659 -0.337883 -0.530243 -1.091176 -0.151390 0.435803 -0.147787 0.814235 -0.220881 0.417555 -0.875202 -0.659184
D04985 -0.149083 -0.204548 -0.306290 0.529305 -0.905198 -0.299378 0.360407 -0.384612 -0.204191 -0.353170 -0.466871 -1.536319 -1.042226 -0.554501 0.340680 -1.587961
hsa3773 0.212103 0.350856 0.160069 -0.173455 1.566935 -0.715768 0.018013 -0.602525 -0.126587 0.118442 -0.477267 0.276833 -0.583360 0.536062 -0.341554 -1.085735
D02163 1.395942 -0.429792 0.296596 -0.370375 0.157979 0.358754 0.648950 -0.895041 0.048120 1.095551 -0.956894 -0.759771 -0.525911 0.102220 0.281565 -0.407230
hsa2901 -0.680828 0.247414 -0.930052 -0.549991 -0.591657 -0.416165 -0.844583 -1.336619 0.543030 0.779496 -0.797810 0.701771 -0.925343 -0.610958 0.628343 -0.927860
hsa3749 0.315211 -0.331304 -0.230477 -0.192455 0.917728 -0.256949 -0.471539 -0.767897 0.348103 0.302665 0.377188 0.171991 -0.457786 0.376117 -0.654820 -1.391964
D00345 1.142649 -0.173428 0.955821 -0.375158 0.385174 -0.227835 -0.869456 -0.505755 0.368577 0.639795 -0.305630 -0.286260 0.229339 -0.845054 0.608325 -1.020714
hsa6534 0.074910 0.567292 0.723816 0.377717 -0.252017 0.936227 -0.657605 -1.327804 -0.437043 0.561225 -0.824778 1.122937 -0.693676 -1.018616 1.441964 -0.664468
hsa3750 0.195402 0.204134 0.053073 -0.579425 0.400592 -0.534416 -0.494951 0.185828 0.276434 0.612941 -0.693452 -0.080325 -0.202803 0.836990 -1.061552 -1.210517
hsa3748 0.319888 -0.199256 -0.452945 0.039340 0.948029 -0.527124 -0.428303 -0.509416 0.048423 0.473911 0.269161 0.066119 -0.536562 0.387923 -0.847165 -1.537526
D00593 0.709637 0.922957 -0.789424 0.321967 0.809707 0.794851 -0.162648 -1.154363 -1.435374 0.304658 -0.946241 0.409163 -1.037034 0.317520 -0.054899 -0.393852
hsa2900 -0.542237 0.200429 -0.672294 -0.555909 -0.350152 -0.473404 -0.904416 -1.130285 0.521874 0.854392 -1.105645 0.803254 -1.110749 -0.749639 0.352738 -0.559014
D00035 -0.594905 0.759579 0.487520 0.371440 -0.107917 0.900383 -0.625757 -1.244580 -0.531963 0.826913 -0.684314 0.937430 -0.916656 -0.753844 0.984869 -0.573709
D00364 0.628138 0.032170 -0.022254 -0.282659 0.247774 0.742775 1.242968 -0.735903 0.360616 -0.298853 -0.887007 0.381986 0.768186 -0.575601 -0.010342 -1.350358
hsa50801 0.870192 0.691378 0.009228 -0.354913 0.345513 -0.626477 -0.349186 -0.713126 -0.317284 0.014605 0.179136 0.301605 -0.045398 0.934572 -0.298639 -1.185224
hsa3776 1.452339 0.528968 -0.264989 -0.264239 0.147370 -0.428966 -0.026795 -0.376812 -1.047256 -0.118553 0.003490 0.435018 0.386366 0.711714 -0.114910 -1.388528
D00831 0.883006 -0.672314 0.283694 -0.206680 0.629551 0.536666 -0.077927 -0.451626 0.436585 1.063666 -0.051585 -0.870833 0.064347 0.501161 0.502928 -1.564373
hsa7225 0.254096 -0.229019 -0.293142 -2.082329 1.664340 1.288637 -0.083001 -1.312575 0.103578 0.726815 -0.171361 0.392188 -1.217384 -1.582718 -2.052044 -2.248236
D02262 0.271819 0.603672 0.400115 -0.657392 -0.079138 -0.307724 0.564927 -0.617933 -0.367432 0.184631 0.076507 0.562576 -0.028091 0.224965 -1.039108 -1.252755
hsa6529 0.521473 0.573888 0.609179 0.386834 -0.122241 1.188696 -0.082627 -1.240889 -0.338159 0.374849 -0.258090 1.090496 -0.600713 -0.952691 1.095432 -0.978189
D00537 -0.359278 0.555763 -0.241544 -0.276235 -1.061820 -0.525357 0.368379 -1.201319 0.358610 -0.007522 -1.030001 0.291914 -0.474259 -0.091210 0.455613 -0.441078
D00574 -0.586044 -0.629849 0.914088 -0.235029 -0.394645 0.566575 0.578246 -0.744742 0.158383 0.151144 -0.025449 0.075826 -1.587870 0.086725 0.883194 -0.848325
hsa5026 1.022413 0.781368 0.684079 -1.500008 -0.399540 0.601433 -1.358213 0.265928 -1.125193 -0.960985 -2.530769 -0.394850 -0.786823 0.851338 -0.358945 -0.749712
D05458 0.599960 -0.059194 0.182622 0.077043 -0.193349 0.321116 0.596948 -1.196759 -0.169375 -0.267419 -0.347805 1.242304 -0.417344 -0.477254 1.508778 -0.860973
D00521 0.436717 -1.078905 -0.057113 0.513254 -0.213981 -0.203706 -0.989339 -1.064641 -1.224897 -0.019181 -0.436372 -0.513368 0.172358 0.719415 -0.093594 -0.741757
hsa3753 0.709867 0.271769 0.704307 -0.877996 0.787619 -0.419629 -0.702834 -0.262747 -0.146998 0.557966 -0.127354 -0.155567 0.147574 -0.363066 -0.113735 -1.260228
D00456 0.484154 -0.616165 0.291872 0.537082 -0.225403 1.287612 -0.416112 0.071608 -0.741304 0.785803 -1.097786 0.702047 -0.261886 -1.173445 -0.350972 -0.944201
D00650 0.517631 0.864230 -0.280209 -0.129090 -0.473714 -1.311361 -1.024756 -0.603535 -0.075339 -0.257758 -1.451675 -0.583208 0.513860 -0.413986 0.304645 -1.244991
hsa9127 0.704457 0.900421 0.909932 -1.530872 -0.411516 0.711874 -1.386049 0.559612 -1.109433 -1.235464 -2.320566 -0.433332 -1.012792 0.414444 -0.191184 -0.996763
hsa60598 0.958120 0.676502 0.182551 -0.093575 0.963260 -0.064323 -0.572296 0.035324 -0.448651 -0.227588 -0.084408 0.417057 0.218391 0.699759 -0.297864 -1.541247
hsa27012 0.032251 0.346997 0.341615 -0.756144 0.681441 -0.215735 -0.973637 -0.882815 -0.083009 0.448689 -0.327421 0.659379 0.028539 0.314719 -0.859503 -0.893687
hsa10008 0.700936 -0.040440 0.011539 -0.700538 1.075045 -0.391054 -0.758589 -0.175570 -0.385102 0.363554 -0.125205 0.013262 -0.135340 0.170124 -0.396790 -1.248785
D00274 0.590364 -0.618166 -1.024842 0.037976 -0.111961 0.439634 -1.154469 -1.523367 -1.289801 0.201070 0.105217 -0.679820 -0.480637 0.458573 -0.142307 -0.711320
hsa3755 0.326947 0.226825 0.240863 -0.519545 1.004522 -0.685508 -0.583363 -1.195586 0.079633 0.284381 -0.146288 0.237896 -0.361576 0.698559 -0.213745 -0.823731
D02261 0.152809 0.305305 -0.080615 -0.514829 -0.137731 0.108201 0.528273 -1.067714 -0.182388 -0.002905 -0.070819 0.914758 0.198078 0.481338 -1.048175 -1.111882
hsa8514 0.301383 0.088500 -0.008896 -0.039853 0.616196 -0.548160 -1.334664 -0.607652 0.474988 0.548048 -0.330393 0.192694 -0.407702 0.919071 -0.684361 -0.895473
hsa116444 0.220319 -0.887643 0.210564 -0.055311 -1.203838 0.167179 -0.940429 -1.579619 -0.478097 0.382880 0.205829 -0.194575 -0.189325 -0.755971 -0.051044 -0.931644
D00553 1.037381 0.083612 -0.245888 -0.173565 -0.413107 0.042116 0.384251 -0.651729 0.916869 -0.556125 -0.435464 0.642869 -0.498610 0.576909 0.893759 -0.891798
D00464 -0.396845 -0.808758 0.857056 0.768763 0.272342 -0.244166 0.196248 -0.462099 0.730819 -0.735922 -1.295790 -0.285446 -0.981220 -0.269199 0.575265 -0.870166
D00533 0.712435 -0.705276 0.508899 -0.126992 -0.234249 -0.119730 -0.702459 0.040859 0.033302 0.568059 -0.455467 0.919019 0.186425 -0.407232 1.082539 -1.179977
D00651 0.790519 0.336753 -0.740400 0.399520 -0.435033 -1.383436 -0.769004 -0.223999 -0.349463 -0.076424 -1.441466 -0.444194 0.403508 0.128401 0.627908 -1.155913
hsa3742 0.483882 -0.293669 -0.423185 -0.802798 0.612481 -0.124666 0.293975 -0.300631 0.450650 -0.308507 -0.381746 0.488911 0.109445 0.100576 -1.053731 -1.347451
D01575 1.154542 -1.141771 0.663623 -0.037051 0.411269 -0.330522 -0.068115 -0.108239 -0.916663 0.039147 -0.809710 0.694103 0.006617 -0.666201 -0.655399 -0.885228
hsa2570 0.668384 -0.190151 -0.104984 0.192348 -0.915727 -0.357717 0.354541 -0.700085 -0.008615 -1.670485 -1.156462 -0.134162 -1.178879 -0.450787 -0.109898 -0.678053
D00708 -0.235984 -0.669624 0.355438 0.102925 -0.241057 0.313448 0.803184 -1.487614 0.631234 -0.151447 -0.017751 0.542769 -1.017320 0.070735 0.885133 -0.839106
D00733 0.669993 -0.618949 -0.438317 0.004391 -0.509747 0.414774 0.611737 0.794465 -0.678393 -0.034214 -0.599185 0.658151 -0.757068 0.283565 0.160998 -1.150017
hsa56479 0.536192 0.338899 0.151305 -0.426876 1.030628 -0.047976 -1.022685 -0.361725 0.135035 0.700340 0.144380 -0.135717 -0.274066 0.560600 -0.082032 -1.416149
D02092 0.549869 -0.821153 -0.940111 -0.039349 -0.041249 0.133876 -1.006223 -1.206228 -1.383660 0.486882 0.108117 -0.543688 -0.701116 0.177336 0.071346 -0.692377
hsa56659 0.542193 0.486063 0.577733 0.492179 0.534028 -0.226935 -0.715174 0.412982 -0.151713 -0.777615 -0.406703 0.031766 0.096341 0.665255 -0.423641 -1.374081
hsa3760 0.287882 0.264392 0.216043 -0.018098 1.296536 -0.722534 -0.020232 -0.582778 -0.266214 0.403063 -0.747669 0.268543 -0.311247 0.586686 -0.223411 -0.885103
D01108 -0.715382 0.315733 -0.387430 0.567629 0.061481 -0.245361 -0.566651 -0.155391 -1.043926 -0.861313 -1.128925 0.289847 0.523313 0.150171 0.173898 -1.439573
hsa170572 0.954061 0.692747 -0.319587 0.200247 -0.322329 1.614082 0.088889 0.257568 -0.139077 -0.326996 -0.922186 0.345979 -0.586058 -1.282790 -0.430456 -1.406344
D01768 0.895535 -0.288860 -0.246551 -0.160606 -0.794265 0.504168 -0.047090 0.549451 0.108091 -0.205057 -0.824875 0.803301 -0.619375 0.861644 0.397111 -0.869737
hsa3785 0.479345 0.457254 0.120177 -0.408357 0.802177 0.213596 -1.086926 -0.805792 0.531173 0.546031 0.220570 -0.253058 -0.223095 0.633828 0.068887 -1.234652
D00474 -0.334260 -0.852569 0.465514 0.408703 -0.807667 0.357278 0.361706 -1.459754 0.657946 -0.174460 -0.279606 -0.153350 -0.903897 -0.240864 0.780224 -0.905469
D04790 0.053176 -0.210062 -0.058171 -0.972673 -0.295382 0.121475 0.057404 -1.012468 -0.145994 2.184756 -0.865133 -0.749149 -1.015671 -0.218893 0.503098 -0.832087
D03037 0.406486 -0.923584 0.585052 -0.789962 0.566167 0.635481 -0.638631 -1.290884 0.213086 1.191519 -0.317483 -0.786602 -0.275777 -0.113002 0.390363 -0.730591
hsa5024 0.695808 1.079614 0.533609 -1.511805 -0.329612 0.932533 -1.506060 0.344013 -1.029415 -1.052019 -2.545169 -0.390413 -0.918020 0.978155 -0.153849 -0.949631
D00709 -0.366933 -0.160736 0.193711 -0.502041 -0.833809 0.292134 0.279003 -0.676035 -0.200411 0.037934 -0.035144 0.304121 -0.448990 0.856333 0.942723 -1.085911
D02362 0.602531 -0.008964 0.439051 0.614421 -0.336646 0.833094 0.357743 -1.767011 -0.589750 0.402206 -0.633043 -0.109986 0.466687 -0.719392 0.843962 -1.022099
hsa3754 0.360614 0.370387 0.397255 -0.499248 1.024312 -0.335184 -0.778630 -0.965908 0.086508 0.089278 -0.197254 0.505150 0.136234 0.364653 -0.546936 -1.000854
hsa6833 0.710213 0.252776 -0.914189 -0.512210 1.024050 0.352008 -1.125874 -0.230797 -0.731681 0.389233 -0.479050 0.052505 -1.134878 0.317205 -0.959598 -0.586401
D01275 0.042061 0.185834 0.562115 -0.750809 0.212595 1.438022 0.265889 -0.084082 -0.707073 -0.333253 -0.831250 -0.330661 -0.134345 0.500307 -0.039983 -0.810700
hsa89822 0.739694 0.464312 0.318679 -0.480714 0.552843 -0.317144 -0.451709 -0.380422 -0.339683 0.064236 0.257575 0.325598 -0.248018 0.741440 -0.276278 -1.127522
hsa3751 0.270872 0.190046 0.100703 -0.190118 0.344041 -0.441570 -0.740046 0.000210 0.600732 0.608285 -0.729042 0.011690 0.086177 0.507418 -1.129915 -1.173038
hsa5027 0.812342 1.293533 0.254922 -1.423225 -0.065822 0.663290 -1.398672 0.142384 -1.385352 -1.385106 -2.528412 -0.317383 -0.967882 1.028657 -0.483671 -0.887658
D01071 -0.249303 0.181826 0.376657 0.218579 -0.942824 -0.276196 0.083843 -0.656324 -0.403495 -0.429710 -0.253991 -1.203736 -1.228353 -0.462151 0.584085 -1.238744
D01603 0.678481 0.161922 -0.030261 0.846224 0.118031 -0.191535 -0.053746 -0.335539 -1.314363 -0.280706 -0.780634 1.316818 0.217395 -0.715486 0.484828 -0.924989
D02485 0.991366 -1.471907 -0.613886 -0.158060 0.562870 -0.392713 0.267121 -0.408945 -0.975489 0.665931 -0.798354 -0.593462 -0.096044 0.219025 -0.162956 -1.024070
hsa3769 -0.006820 0.606722 -0.271416 -0.103984 1.365698 0.056166 -0.551640 -0.518555 -0.069492 0.327540 -0.713316 0.275416 -0.163284 0.364999 -0.598872 -0.997207
D00779 0.486158 -0.129092 0.916944 -0.604602 -1.388035 0.421149 0.215937 -0.783665 -0.267409 0.688037 0.214000 0.491253 -1.256342 0.617097 -0.136687 -0.757856
D00761 -0.028104 -0.094783 1.467555 0.531223 -0.738801 -0.736667 0.575699 -0.580996 -0.494970 0.564841 -0.640524 -0.005635 -0.948899 0.425837 -1.063582 -0.918543
D00631 0.894893 -0.535600 -0.117704 0.914243 -0.160348 0.638292 -0.389723 -0.237223 -0.520113 0.278573 -1.091724 1.468597 0.356160 -0.274325 -0.541066 -0.704209
D00392 -0.355996 0.110901 0.327494 0.082337 -0.085405 -0.459411 -0.113207 -0.308571 -0.583434 -0.356270 0.183170 -1.185529 -1.182974 0.387429 0.917710 -1.568396
hsa9992 0.371834 0.237432 -0.097787 -1.018888 1.021502 -0.281232 -0.770426 -0.117572 -0.574349 0.547816 -0.015315 -0.165098 -0.429646 0.033701 -0.219807 -1.333935
hsa26251 0.415580 0.084878 0.092208 -0.556557 0.879995 -0.672683 -0.964638 -1.009432 -0.087136 0.357172 -0.250890 0.317667 -0.127018 0.577526 -0.331281 -0.832006
hsa3787 0.402692 0.286126 0.239276 -0.777294 0.903832 -0.288719 -0.848261 -0.990601 -0.166568 0.381360 -0.366643 0.448219 -0.118348 0.343549 -0.581893 -0.770026
hsa23704 0.848284 0.170193 0.272530 -0.787746 0.926489 -0.655137 -0.900162 -0.362185 -0.126833 0.109228 -0.456300 0.078558 0.076584 0.320166 -0.399249 -1.001728
D01350 -0.604216 0.124180 0.866221 -1.023967 -0.177595 0.731615 -0.116350 -0.630114 -0.754383 -0.306577 -1.046268 0.260860 -0.389079 0.466056 0.222207 -0.331821
D06106 -0.195435 0.028522 0.306647 0.500137 -0.923918 -0.354324 0.347418 -0.561184 0.122901 -0.281130 -0.190987 -1.143230 -1.102327 -0.796270 0.378590 -1.690062
D00771 0.089754 1.089333 -0.447216 -0.257754 0.357667 -0.197464 -0.250108 -0.346656 -0.096425 0.247958 -0.812181 0.317567 0.676376 -1.012599 0.192372 -1.474992
D03450 1.066876 -0.023083 0.916537 -0.860093 -0.252340 1.056880 0.157054 -0.944764 -0.693240 0.630354 -0.651926 -0.220405 -0.697419 0.221950 -0.405118 -0.073340
hsa93107 0.654684 0.175155 0.021245 -0.558256 0.755681 -0.483382 -0.950711 -0.936967 0.110022 0.089731 -0.515899 0.325885 0.132872 0.763136 -0.441398 -0.720991
hsa8001 0.947303 0.258578 0.030953 0.591738 -0.561116 1.086411 -0.541423 -0.288360 0.744209 -0.805032 -0.647954 -0.421809 -0.842096 -1.271519 -0.046167 -1.112332
hsa169522 0.394936 0.376780 0.660415 -0.574915 0.762177 -0.229953 -0.791187 -0.663480 0.150149 0.384548 -0.650626 0.554183 0.162493 0.578285 -0.708700 -0.794950
hsa1181 -0.031153 0.054794 0.018429 -1.491446 -0.094395 0.057309 0.013976 -1.122463 -0.385246 2.221190 -0.821934 -1.028728 -1.188644 -0.455624 0.517287 -1.121916
D04370 0.812646 0.818570 -0.317969 0.609890 -0.182411 1.628885 -0.141809 -0.049813 -0.104347 0.038862 -1.150745 0.506552 -0.224514 -0.480002 0.029750 -0.932776
D00495 -0.270267 -0.188185 0.261590 0.393895 -0.299079 -0.191676 0.308461 -0.203709 -0.546356 -0.297849 -0.093641 -1.250816 -0.956222 0.642155 0.875067 -1.618534
hsa22953 0.912765 1.309030 0.449280 -1.490704 0.069481 0.737664 -1.432649 0.146986 -0.848930 -0.854604 -2.518650 -0.486971 -1.015726 1.130223 -0.396634 -0.819626
D02347 -0.226614 -0.862345 1.003534 -0.574075 0.434685 0.884076 -0.168955 -1.097655 0.625442 0.096420 -0.412466 -0.886218 -0.957579 0.210630 0.468855 -0.538441
hsa3786 0.477961 0.118820 0.464836 -0.292394 0.988731 0.297134 -0.978328 -0.412155 0.228881 0.737397 0.280421 -0.440621 -0.125168 0.597955 -0.040581 -1.564765
hsa27345 0.155821 0.420482 -0.182295 -1.002261 1.025132 -0.484196 -0.611288 -0.336935 -0.123112 0.380123 -0.621856 0.461844 -0.366303 0.074913 -0.371046 -0.912581
hsa23630 0.506385 0.308637 -0.104659 -0.685131 0.992466 -0.336453 -0.752420 -0.487557 -0.109589 0.226232 -0.204423 -0.103756 -0.197361 0.190280 -0.209421 -1.021558
D04999 1.265612 0.373096 0.487471 -0.058073 -0.714482 1.724147 -0.420132 -1.072515 0.305078 0.162948 -0.219250 0.081465 -0.866432 -0.668168 -0.077386 -0.419061
hsa11254 -0.395744 0.705359 0.778673 0.631130 -0.291216 0.962250 -0.399473 -1.509219 -0.379498 0.558231 -0.888911 1.345762 -0.727138 -0.867256 1.222987 -0.722222
D00964 -0.831113 -0.278167 0.150361 0.693354 -1.041996 0.569494 -0.097934 -0.169623 -0.471515 -0.705622 -0.674886 -0.030508 -1.502429 0.565528 -0.735575 -0.639563
D00697 0.424852 -0.271318 -0.071807 -0.434660 -0.068651 0.115476 1.122390 -0.925895 0.192899 -1.025259 -1.187185 -0.422093 -0.027399 -0.639967 0.195677 -0.850454
hsa41 0.015780 -0.145123 -0.098931 0.027836 0.223460 -0.147089 -1.235834 0.439200 -0.469510 0.205738 -0.339457 0.650644 -1.448929 0.407995 1.151415 -1.094130
hsa3779 0.471224 0.158900 -0.306403 -0.650956 1.014875 -0.205701 -0.927588 -0.188819 0.090408 0.249287 -0.398001 0.176000 -0.234811 0.319568 -0.522251 -1.001676
D00504 0.729033 0.399409 -0.754380 0.447338 0.023956 0.291557 0.458392 -0.939990 0.006276 0.000472 -0.686217 1.091249 -0.606094 0.363856 1.271683 -0.721833
D00760 0.212701 -0.108028 1.502348 0.885810 -0.664319 -0.301307 0.739110 -0.435527 -0.545334 0.524741 -0.435827 -0.158258 -0.992765 0.494496 -0.811000 -1.128404
hsa40 0.245444 -0.426385 -0.240883 0.017678 0.311811 -0.392818 -1.348277 0.369080 -0.421735 0.152367 -0.325179 0.437368 -1.331157 0.395421 1.232971 -1.089444
D02234 0.425306 -0.883790 0.856667 0.878588 -0.846025 -0.026651 -0.882316 -0.396994 -0.406169 -0.011851 -0.917764 -0.834933 -0.481746 0.876666 -0.497732 -0.410014
D00418 0.252693 0.839195 -0.629400 0.045270 0.127230 1.123249 0.035957 -0.489160 -0.230787 0.294314 0.099071 0.535590 -1.159462 0.761863 -0.210041 -0.722852
hsa27094 0.490238 0.233925 -0.316983 -0.441987 0.943554 -0.335522 -0.794704 -0.133826 -0.069974 0.332370 -0.367034 0.090847 -0.287149 0.402672 -0.808411 -1.090912
D00759 0.228402 0.063260 1.514838 0.622808 -0.961539 -0.419771 0.654932 -0.417601 -0.589365 0.570553 -0.545714 0.235144 -1.179029 0.252267 -1.039863 -1.169519
D02237 0.693147 0.833928 0.907710 -0.245663 -0.320673 0.440207 0.301796 -1.457742 -1.407370 0.418317 -1.049344 0.778907 -0.606575 -0.432428 0.497496 -0.031356
hsa1140 0.012182 -0.480653 0.649029 0.182891 -1.436522 0.653720 0.635477 0.466444 -0.674128 0.536638 -1.103127 0.278501 -1.453656 -0.244973 -0.215759 -1.117712
D01854 0.511065 -0.139743 -0.555837 1.415375 0.465286 0.829005 -0.228557 -1.291133 -0.010610 -0.143633 -0.902674 0.965324 -0.113306 0.342414 -1.020723 -0.424697
D00960 -0.427814 -0.551922 0.061591 0.483278 -1.102399 0.327478 0.174182 -0.235624 -0.571869 -0.690052 -0.804692 0.424597 -2.021508 -0.053276 -0.538341 -0.452324
hsa1144 -0.045414 -0.293155 0.375955 0.246408 -1.342000 0.440719 0.742799 0.435012 -0.457701 0.507023 -1.200346 0.173993 -1.635165 -0.199028 -0.235970 -1.080410
D00607 0.164430 0.907420 0.693278 -0.209383 -0.688111 -0.048336 0.289704 -1.219094 -1.400360 0.120704 -1.256489 1.016079 -0.213899 -0.553683 0.420498 -0.254699
hsa56660 0.607824 0.615436 0.305408 0.623532 0.115788 -0.176714 -0.591148 0.233825 -0.117694 -1.086006 -0.108594 -0.299640 0.005057 0.887196 -0.127686 -1.516838
hsa10060 0.727670 -0.172155 -0.398710 -0.515773 0.820305 0.035715 -0.921393 0.157764 -0.472623 -0.142216 -0.239507 0.105872 -1.308193 0.585730 -0.715011 -0.576773
hsa51305 1.415352 0.945864 0.531955 0.126479 0.823173 -0.277826 -0.358323 0.349009 -0.351647 -0.307071 -0.182108 0.283850 0.462117 0.945118 -0.183462 -2.136725
hsa11280 0.016917 -0.207247 0.073727 0.269438 -0.592712 0.420893 0.084176 -0.542203 0.158011 0.467704 -0.143428 0.855642 -0.062846 1.177965 0.707824 -1.231783
D01828 0.647980 0.283339 -0.626706 -0.141751 0.028054 0.211060 0.164600 -0.825992 0.455783 -0.496623 -2.039982 -0.424843 -0.248590 0.374826 0.818557 0.054262
hsa7881 0.554300 0.126871 -0.225984 -0.392630 0.750338 -0.741403 -1.516451 -0.800927 0.551990 0.585252 -0.432503 0.140051 -0.259281 0.677257 -0.868523 -1.038465
hsa57657 0.649276 0.319576 -0.040613 -0.429187 0.377287 -0.687055 -0.462822 -0.967016 -0.522050 0.464375 -0.075733 0.072749 -0.334245 0.939348 -1.099606 -0.850111
hsa57192 -0.336888 -0.013371 0.053209 0.247604 0.220258 -0.439292 -0.826909 0.628674 -0.377309 0.764625 0.552028 0.534178 -1.858619 0.269595 0.394353 -1.982752
D00765 0.640828 1.661532 1.465515 -0.228255 -1.051345 0.595767 0.744014 -0.215202 -0.406985 -0.240760 -0.400084 -0.368180 -0.521178 -0.183461 0.776102 -1.674736
D00704 0.047299 0.287031 -1.089831 0.001136 -0.466997 0.588610 0.157426 0.259168 0.352460 -0.642959 -0.613346 -1.167502 -0.212706 -0.752306 0.388749 -1.960627
hsa2895 -0.194366 0.252189 -1.024623 -0.843621 -0.124027 -0.671292 -0.722856 -0.808093 0.552334 -0.132458 -0.777243 0.713854 -1.019204 -0.439308 0.472341 -0.739065
D00963 -0.038770 0.272686 1.311178 -0.222147 -1.319699 0.325045 0.179866 -0.407257 -0.662946 -0.152201 0.108975 -0.941891 -0.722158 -0.522184 0.900513 -1.777008
