D02356 -0.056391 0.716771 -0.139542 0.213874 0.733120 0.004027 -0.894090 -0.671727 -0.365150 0.000192 -0.281370 -0.405737 0.165382 0.161255 -0.158146 -0.134957
D00294 0.267900 0.725874 -0.351206 0.266599 0.581074 -0.244514 -0.593047 -0.894378 -0.284688 0.272310 -0.345613 -0.384337 0.515053 -0.372115 -0.274158 0.347541
D00332 -0.531700 0.131864 -0.015350 -0.095518 0.148044 0.607758 -1.046311 -0.332036 -0.115570 -0.394938 -0.652081 0.126928 0.330356 0.399453 0.088716 -0.523930
D00512 -0.314068 0.006846 0.073022 0.017629 0.462827 0.363990 -0.910520 -0.333944 -0.130140 -0.830903 -0.833332 -0.058933 0.098940 0.443263 0.030828 -0.564604
hsa6331 0.560957 -0.348762 -0.465037 -0.201962 0.455767 0.596406 -0.351408 -0.972337 -0.267541 -0.000716 -0.363365 0.371115 -0.221379 0.113822 0.014510 -0.706065
hsa2554 -0.180119 -0.028789 0.093532 0.884329 -0.213966 0.118543 0.205151 -1.043387 0.650982 -0.718575 -0.492495 -0.611212 -0.205361 -0.543156 -0.223763 -0.602588
hsa6328 0.528013 -0.303909 -0.484946 -0.065349 0.285803 0.529934 -0.519603 -0.938833 -0.104107 0.221146 -0.560966 0.221072 -0.042053 0.323810 0.135670 -0.486218
D00542 -0.574096 0.271542 0.254668 0.203958 0.441281 0.230268 -0.202246 -0.458811 0.050050 -0.676435 -1.122763 -0.660211 0.635696 0.321377 -0.037535 -0.467555
hsa6329 0.523462 -0.270028 -0.539593 -0.193474 0.174941 0.718439 -0.389853 -0.991711 -0.198546 0.229614 -0.478730 0.227472 0.000110 0.304990 0.069351 -0.543184
D00629 -0.598314 0.359487 0.224764 -0.261221 0.373595 0.727403 -0.809662 -0.529665 -0.470215 -0.826263 -0.742262 -0.467253 0.543482 0.469438 0.102511 -0.546022
D00560 -0.562388 -0.108233 0.301571 0.087983 0.097637 0.338454 -1.078091 -0.301155 -0.618994 -0.476190 -0.677078 -0.601073 0.443960 0.115946 0.214869 -0.290299
D00437 -0.589231 0.262264 0.232588 0.019618 0.366087 0.530003 -0.844280 -0.295869 -0.452753 -0.766236 -0.856389 -0.553088 0.568068 0.374450 0.086422 -0.686483
hsa6323 0.565693 -0.223856 -0.795209 0.018772 0.150698 0.561190 -0.187982 -1.085029 -0.329678 0.192545 -0.437656 0.103640 -0.367658 0.135965 0.156323 -0.502010
D00618 -0.508674 0.358858 0.273662 -0.055394 0.312475 0.405821 -0.991020 -0.404777 -0.392994 -0.740623 -0.752054 -0.638240 0.447066 0.402614 0.172510 -0.606266
hsa6335 0.632792 -0.251277 -0.629743 -0.058905 0.063523 0.664726 -0.355954 -1.129679 -0.526795 0.302303 -0.335615 0.273447 -0.124736 0.170448 0.094150 -0.419083
hsa6326 0.763968 -0.271928 -0.613325 -0.168756 0.187126 0.770340 -0.458153 -1.131339 -0.448389 0.309073 -0.352615 0.126563 -0.066607 0.325789 0.038309 -0.468826
D01295 -0.810595 0.047744 0.204404 0.124242 0.212051 0.467719 -0.956617 -0.356172 -0.670856 -0.679068 -0.734966 -0.534306 0.534850 0.178812 0.161359 -0.351889
D00775 0.340798 -0.062880 -0.653754 0.136526 0.047546 -0.082996 -1.009245 -0.723052 0.712435 0.119386 -1.133889 0.562764 0.324340 0.308236 -0.104522 -0.188390
hsa1135 0.461577 0.650644 0.527524 0.460212 -1.281185 0.668330 -0.208606 -0.750716 -0.130039 0.442983 -0.366841 -0.316523 -0.387620 -0.482327 -0.500096 -1.045265
D00293 -0.080499 -0.053602 0.337247 0.706491 -0.136547 0.781469 0.293588 -0.898691 0.832714 -1.228956 -0.617915 -0.316340 0.041043 -1.068967 -0.332559 -0.207419
hsa6336 0.541904 -0.118382 -0.212491 -0.182385 0.070369 0.908586 -0.796363 -0.634300 -0.283097 0.152387 -0.533382 0.478863 -0.333058 0.395459 0.107426 -0.670511
D00499 0.037167 0.033045 0.339522 0.503014 -0.818652 0.407703 0.132524 -0.821840 0.621108 -0.460509 -0.731292 -0.809163 -0.538814 -0.712255 -0.872898 -0.513079
hsa775 -0.096323 0.498431 0.326901 -0.133694 0.273778 0.359091 -0.824675 -0.429240 -0.228241 -0.658503 -0.241790 -0.545343 1.095463 0.259319 -0.113736 -0.765037
hsa6334 0.833704 -0.260172 -0.661170 -0.253691 0.046185 0.686288 -0.329770 -1.182003 -0.647305 0.298567 -0.523830 0.346327 -0.123290 0.172331 0.023265 -0.377699
D00547 -0.042499 0.204151 0.127876 0.482863 -0.399828 0.233517 0.184407 -1.101314 0.826150 -0.903504 -0.724083 -0.361967 0.382328 -0.712837 -0.927162 0.038404
D00642 0.651685 0.238265 -0.623914 -0.408403 0.315686 0.226036 0.002647 -1.207789 -0.956672 0.262539 -0.313049 -0.228984 0.242988 0.019848 -0.331343 -0.265558
hsa2559 0.374221 -0.102814 0.092464 0.512696 -0.695616 -0.008531 0.104221 -1.064486 0.511247 -0.928599 -0.575897 -0.574962 0.105675 -0.877037 -0.509763 -0.288974
D02272 0.655992 0.312409 -0.431224 -0.308765 0.138572 0.022278 -0.071036 -1.259226 -0.838326 0.336899 -0.279070 -0.178782 0.299707 0.073227 -0.531369 -0.347027
D00545 0.068873 0.219170 0.273406 0.215164 -0.442833 -0.084448 0.215065 -1.321777 0.677772 -0.890700 -0.734478 -0.466701 0.380342 -0.606444 -0.607306 0.084033
hsa2556 0.335401 -0.123929 0.101669 0.556771 -0.728002 0.067543 0.108951 -1.028056 0.470431 -0.822233 -0.417198 -0.530860 -0.032758 -0.928121 -0.450153 -0.301725
hsa2558 0.235412 -0.065374 -0.062849 0.601607 -0.818672 -0.005120 -0.012880 -0.929575 0.473717 -1.061641 -0.554152 -0.342905 0.083390 -0.874747 -0.500502 -0.187891
hsa1136 0.407277 0.603638 0.354979 0.348004 -1.070721 0.724462 -0.001493 -0.787685 -0.004707 0.417474 -0.851881 -0.448717 -0.758866 -0.570221 -0.845322 -0.648270
hsa8973 0.393960 0.666006 0.243302 0.330246 -1.114320 0.668957 -0.110020 -0.797993 0.133978 0.571321 -0.631067 -0.466176 -0.601515 -0.621644 -0.760250 -0.661860
hsa779 -0.393910 0.445401 0.549383 -0.146605 0.231987 0.523273 -0.908704 -0.371933 -0.221500 -0.385618 -0.275539 -0.443288 0.857397 0.258028 -0.420183 -0.746039
hsa2555 0.143416 -0.096708 0.091971 0.659856 -0.589661 0.199316 0.121491 -0.870187 0.609157 -0.919975 -0.521896 -0.629111 0.169201 -0.963004 -0.708548 -0.283744
D00538 0.343758 -0.165476 -0.602529 0.344149 0.398913 0.105529 -0.972818 -0.378766 0.343601 -0.163968 -0.602042 -0.123608 -0.209761 0.499912 -0.174341 -0.780960
D02207 0.648808 0.475499 0.590637 0.867595 -0.960843 0.119630 0.139657 -0.750197 -0.063315 -0.163784 -0.558526 -0.586325 -0.316220 -0.617508 -0.720571 -0.383158
D00549 0.379328 -0.217676 -0.073086 0.361849 -0.578850 0.592397 0.599861 -1.252705 0.519172 -1.192228 -0.778170 -0.058301 0.075315 -0.475940 -0.495992 -0.363360
hsa2557 0.462414 0.088801 0.093684 0.498000 -0.675470 0.018680 0.084131 -0.975905 0.519181 -0.863923 -0.428330 -0.515690 0.010110 -0.933551 -0.552055 -0.201217
D00711 -0.192754 -0.703199 -0.057327 0.492420 -1.252261 0.136495 -0.421343 -1.093272 0.437054 -0.357589 -0.211376 -0.057149 0.472512 -1.146305 -0.106407 -0.567677
hsa6263 -0.106389 0.608745 0.270849 -0.160424 -0.088346 1.086780 -0.955047 -0.256075 -0.515844 -0.446710 -0.807157 -0.551708 -0.055750 0.440758 0.321526 0.222850
D00225 0.078205 0.065381 0.236565 0.574183 -0.477586 0.218597 0.207547 -1.097563 0.622995 -1.255211 -0.601897 -0.368616 -0.059979 -1.006932 -0.518327 -0.171192
D00303 0.377823 -0.263192 -0.209529 0.320732 0.259390 0.140280 -1.128283 -0.462254 0.073614 -0.560975 -0.558837 0.479669 -0.245104 0.472443 -0.542812 -0.400332
D00530 0.152580 -0.241913 0.333079 0.484707 -0.717297 0.361750 -0.180067 -1.072591 0.418109 -1.260922 -0.713631 -0.297542 -0.390068 -0.522373 -0.683660 0.289131
D00726 0.562747 0.300176 0.131401 0.137438 -0.733677 1.074680 -0.225026 -0.313248 -0.142861 0.644049 -0.807885 -0.282742 -0.693790 -0.289160 -1.138788 -0.633405
hsa8645 0.555508 0.149118 -0.685769 -0.313679 0.184582 0.260578 -0.430957 -1.290926 -0.737744 0.211120 -0.291844 0.286671 -0.272035 0.161578 -0.146142 -0.340779
D00252 0.649510 -0.407876 -0.194760 -0.114626 0.523532 0.115743 -1.421160 -0.333263 0.206373 -0.218563 -0.817811 0.586396 -0.048388 0.125915 -0.310135 -0.370634
D00740 0.494034 0.022465 -0.210182 -0.401557 -0.144211 1.097075 -0.474747 -0.878031 -0.393938 -0.115469 -0.453107 0.212864 -0.681213 0.434212 -0.077198 -0.209856
hsa6262 0.000601 0.654079 0.162363 -0.189487 -0.144079 1.023710 -0.973071 -0.351585 -0.343948 -0.607370 -0.794355 -0.415582 -0.167405 0.550497 0.419540 0.192950
D00329 0.454370 -0.155692 0.509228 0.346999 -0.225615 0.276801 0.135376 -1.130477 0.608789 -1.227276 -0.389646 -0.431484 0.053352 -0.732320 -0.571834 -0.292106
D00550 0.095798 -0.078292 0.336452 0.353620 -0.417297 0.198388 0.166756 -0.971221 0.730365 -1.178206 -0.893574 -0.312674 -0.024605 -1.225481 -0.409979 -0.471625
D00552 0.152297 -0.201255 -0.611889 -0.276143 0.308769 0.557747 -1.060938 -0.739762 0.554499 -0.387712 -0.271257 0.501361 -0.505522 0.273679 -0.495698 -0.558750
hsa6261 -0.051938 0.521060 0.163984 -0.135734 -0.205690 1.002810 -1.051238 -0.038129 -0.412593 -0.726644 -0.924627 -0.601072 0.094124 0.406922 0.338668 0.156495
hsa55584 0.507649 0.658368 0.388476 0.171478 -0.935627 0.580944 -0.059026 -0.867578 0.213879 0.571147 -0.574698 -0.540079 -0.518763 -0.735258 -0.651118 -0.649639
D01450 0.819337 0.350622 -0.386316 0.122107 0.243263 0.778503 -0.361935 -1.147646 -0.153125 0.492053 -0.001714 0.150458 -0.028878 0.245146 0.200374 -0.537364
hsa8912 -0.319466 -0.241751 0.004526 0.147487 0.279346 0.437634 -1.002641 -0.150307 -0.100032 -0.330698 -0.607582 -0.960337 0.371255 0.390935 0.116829 -0.849700
D03991 0.568261 -0.500677 -0.726899 0.553852 0.171339 0.926445 -0.448195 -0.738035 -0.625258 0.178470 0.048258 0.151671 0.115603 -0.336105 0.146476 -0.063680
hsa6530 0.249479 0.142525 -0.028171 0.093088 0.000286 0.761303 -0.427260 -0.199029 -0.148309 -0.221446 -1.006476 0.920565 -0.381319 -1.550848 0.500589 -0.754599
hsa778 -0.390089 0.278274 0.451700 -0.538499 0.319319 0.443589 -0.944464 -0.659411 -0.411422 -0.815594 -0.206967 -0.335889 0.809773 0.005806 -0.250402 -0.520604
D02086 0.726678 -0.292919 -0.599409 -0.119729 0.186144 0.798390 -0.190199 -1.212017 -0.383332 0.088866 -0.518364 0.399882 -0.111085 0.301658 0.087345 -0.658704
D00528 -0.097141 0.629776 0.060588 -1.007095 -0.136705 1.433012 -1.321559 -0.348968 -0.496008 -0.952906 -1.324322 -0.871117 -0.271918 -0.045637 -0.043978 0.740669
hsa57053 0.501777 0.587554 0.294122 0.306670 -1.091715 0.780392 -0.009549 -0.724881 -0.030439 0.579571 -0.717404 -0.497829 -0.606185 -0.764403 -0.724840 -0.522461
D00548 0.186983 -0.080149 0.154385 0.200616 -0.714945 0.515758 -0.260315 -0.908064 0.805325 -1.388430 -0.654968 -0.553409 -0.294787 -0.675985 -0.457226 0.076122
hsa8911 -0.651204 -0.155562 -0.106455 0.199882 0.145562 0.305431 -0.882789 -0.434538 -0.038582 -0.258456 -0.538941 -0.912724 0.226770 0.330688 0.206105 -0.778052
hsa3763 0.523283 0.350201 0.079488 0.962296 0.461262 0.287983 -0.782925 -0.889161 -0.345060 0.333048 0.468921 0.090311 0.648032 -0.639637 0.608969 -0.302152
D05453 0.270598 0.719472 0.178217 -0.300306 -1.135279 0.369801 -0.457517 -0.772826 0.022434 0.723761 -0.505845 -0.408378 -0.411973 -0.902199 -0.212455 -0.392735
D01243 0.643039 -0.335855 -0.771760 -0.140273 0.129856 0.890728 -0.130243 -1.030176 -0.395860 0.146832 -0.682964 0.434146 0.012057 0.188487 -0.007551 -0.435158
hsa776 -0.710243 0.475873 0.314054 -0.367054 0.346050 0.534361 -0.864854 -0.533170 -0.328730 -0.669256 -0.528971 -0.422905 0.863761 0.124338 -0.100831 -0.624839
hsa3736 0.007658 0.405935 -0.017218 0.103787 0.416212 0.240266 0.041581 -1.311148 0.266846 -0.204010 0.132586 -0.620125 1.020189 -0.231610 -0.909932 0.222052
hsa3758 -0.465977 0.956297 -1.081795 0.495859 0.517098 1.117222 -0.579086 -0.580544 -0.779227 -0.064610 0.225338 -0.210935 -0.057210 -0.949624 0.199464 0.038193
hsa8913 -0.401684 0.256218 -0.215073 0.180055 0.177902 0.450320 -0.797684 -0.387256 -0.082284 -0.238135 -0.498682 -1.193115 -0.071671 0.685983 -0.067825 -0.850463
hsa3359 0.656345 -0.067065 -0.375822 0.653415 -0.347857 1.320183 -0.356543 0.369843 -0.440358 0.519032 -0.854512 0.048446 0.079538 -1.192988 -0.866495 -0.395295
hsa3782 0.750438 -0.413148 0.669545 0.546531 0.501371 0.182887 -0.998491 -0.522990 -0.673125 0.096200 -0.436125 -0.219119 -0.029570 -1.021086 0.076351 0.634810
hsa1137 0.707657 0.487709 0.454318 0.256262 -1.075644 0.433827 -0.156402 -0.923327 0.211901 0.559281 -0.708640 -0.706018 -0.611097 -0.548348 -0.596369 -0.578664
D00136 -0.495764 -1.089699 -0.357313 0.346360 -0.827692 0.225034 -0.790434 -0.925608 -0.436174 -0.020647 -0.221760 -0.423379 0.838123 -0.933643 0.526567 -0.288135
D04048 0.558509 0.165723 -0.712151 0.042009 -0.000308 0.797962 -0.346927 -0.981492 -0.276531 0.410911 -0.288445 0.053853 -0.338577 0.492515 0.150036 -0.799421
D02088 0.488665 -0.305353 -0.882912 -0.210278 0.150997 0.694675 0.054149 -1.177501 -0.274639 -0.049525 -0.509084 0.270768 -0.116511 0.070474 0.080500 -0.701191
D00640 1.285015 -0.529660 -0.264252 -0.272206 0.160400 0.470459 -0.534953 -0.765484 -0.692952 0.193717 -0.459976 0.623989 0.300828 -0.216898 -0.396297 -0.327413
hsa3781 0.761847 -0.185587 0.831375 0.998648 0.359685 0.175097 -0.696169 -0.491245 -0.684063 0.127600 -0.293825 -0.411674 0.142803 -0.983780 0.089390 0.266257
D00741 0.450485 -0.269768 -0.508863 -0.229024 0.058962 0.624681 -0.682825 -1.041090 -0.463337 0.175372 -0.335191 0.198817 -0.654937 0.332129 -0.282672 -0.357213
hsa1138 0.762008 0.953488 0.323074 0.271777 -1.157640 0.482098 -0.079681 -0.739798 0.165111 0.631932 -0.836329 -0.474059 -0.300346 -0.569068 -0.547929 -0.659904
D00732 0.621499 -0.144208 -0.435873 -0.275838 0.023466 0.670634 -0.563470 -0.941417 -0.432410 0.303539 -0.593470 0.158918 -0.672556 0.357837 -0.271338 -0.392342
hsa2561 -0.111489 -0.088367 0.443268 0.423446 -0.537582 0.424831 0.163429 -1.198810 0.620900 -1.235242 -0.894464 -0.339017 -0.045632 -0.837079 -0.807831 0.085942
hsa285242 0.922596 0.128827 -0.447572 0.687682 -0.291035 1.512696 -0.120016 0.329325 -0.138111 0.321763 -1.283710 0.113833 0.154058 -0.846951 -0.756936 -0.146243
hsa1134 0.675988 0.803906 0.437401 0.328665 -1.235886 0.625779 -0.168240 -0.917543 -0.055719 0.603135 -0.675366 -0.471228 -0.467698 -0.572589 -0.646182 -0.634301
D05156 0.420619 0.797330 0.696940 0.630405 -0.742336 0.569615 -0.174003 -0.999950 0.202315 0.995968 -0.664138 -0.289686 -0.526577 -0.607786 -0.379575 -0.179721
hsa773 -0.626897 0.334066 0.466749 -0.307227 0.327239 0.544590 -0.993837 -0.554878 -0.111920 -0.277371 -0.704132 -0.248979 0.844366 0.321723 0.040120 -0.563214
D03878 0.099437 -0.728010 0.202733 0.615957 -0.757547 0.075316 -1.032988 -0.946084 0.124370 0.153945 -0.157934 0.335198 0.976485 -1.136644 0.188899 -0.151883
hsa2563 0.245377 -0.014782 0.357835 0.393153 -0.621991 0.527349 0.272296 -1.190585 0.684902 -1.089275 -0.858252 -0.319939 -0.287829 -0.732156 -0.718799 0.004187
hsa3757 0.111630 -0.136706 -0.499051 0.904557 -0.050478 -0.170101 -0.890655 -0.358612 -1.196826 0.271307 -0.369769 -0.946782 0.714238 -0.385238 -0.013717 0.079960
D00738 0.660595 -0.099668 -0.586151 0.096773 -0.301231 0.876167 -0.267488 -0.964801 -0.231593 0.374418 -0.173632 0.155344 -0.055864 0.223019 0.076992 -0.611321
D00349 -0.495109 0.320427 0.022265 -0.127753 0.061250 0.303120 -0.924917 -0.375876 -0.410169 -0.781952 -0.374979 -0.791804 0.540904 0.279273 0.040711 -0.964403
hsa777 -0.504053 0.229732 0.316266 0.209950 0.435440 0.359854 -0.970323 -0.261041 -0.278138 -0.380818 -0.653181 -0.405383 0.478743 0.352456 0.041552 -0.764042
hsa786 -0.324321 0.419105 -0.247530 0.163415 0.236853 0.142783 -0.868252 -0.262442 -0.750804 -0.984925 -0.619165 -0.444216 0.851139 0.229333 -0.037700 -0.708886
D01287 0.627472 -0.073976 -0.559423 0.058284 -0.008735 0.764498 -0.366179 -1.208095 -0.269196 0.277784 -0.255901 0.253408 -0.231951 0.490722 0.193040 -0.844264
D00739 0.337469 -0.503454 -0.406101 -0.335046 -0.253918 0.470170 -0.510132 -1.232562 -0.663527 0.507786 -0.459929 0.214370 -0.151330 -0.087638 0.278597 -0.380856
hsa3783 0.164975 0.613891 0.506638 0.043889 -0.071044 0.617850 -0.935792 -0.381731 -0.363832 -0.008730 -0.759399 -0.791241 0.227905 -0.312892 0.525076 0.924381
hsa1139 0.690127 0.912717 0.346314 0.031393 -1.188349 0.740068 -0.090720 -0.895813 -0.006938 0.799244 -0.747892 -0.496709 -0.351509 -0.629839 -0.626041 -0.678126
D03365 -0.316430 0.397385 -0.017960 0.408086 -0.777088 1.017134 -0.100491 -0.399209 -0.138235 0.711507 -0.594152 -0.021149 -0.584046 -0.943852 -0.668370 -0.722341
D02098 0.642794 -0.359208 -0.295722 -0.170331 0.030015 0.684276 -0.491082 -1.101649 -0.556356 0.162306 -0.466969 0.280723 -0.540723 0.341542 -0.061948 -0.411358
hsa2562 -0.001846 0.074947 0.469967 0.239973 -0.522916 0.463425 0.149798 -1.206816 0.656719 -1.234614 -0.826005 -0.329740 -0.116873 -0.788261 -0.652980 0.028561
hsa783 -0.660618 0.258984 0.118640 -0.074513 0.363012 0.207088 -0.938613 -0.564644 -0.395454 -0.859921 -0.512424 -0.533311 0.499505 0.063828 0.230832 -0.476083
D00638 0.437746 -0.423273 -0.168536 0.028219 0.755156 0.809115 -0.276740 -1.343382 -0.060040 0.502993 -0.108431 -0.194055 0.210187 0.325888 -0.085840 -0.130241
D02087 0.767837 -0.597459 -0.349804 0.033337 0.737325 0.878535 -0.302610 -0.835850 -0.304835 0.251324 -0.200277 -0.369644 -0.355547 -0.401208 0.623433 -0.475994
D00735 0.281468 -0.067794 -0.549699 -0.094889 -0.357250 0.817678 -0.480074 -1.287738 -0.608535 0.707472 -0.139188 0.229331 -0.172846 0.283407 0.034480 -0.645679
hsa3743 0.511769 0.443017 -0.080224 0.116332 0.586757 0.390789 -0.226324 -1.057477 -0.239904 0.290132 0.108277 -0.531564 0.821602 0.202145 -0.613626 -0.176320
D00358 0.728929 -0.260708 -0.491711 -0.183028 0.316659 0.559721 -0.100598 -1.233699 -0.534618 0.032134 -0.590372 0.406108 -0.207040 0.193987 0.047048 -0.610593
hsa2564 0.245728 0.070622 0.366682 0.293269 -0.406412 0.326561 0.267607 -0.986502 0.763377 -1.106349 -0.785406 -0.507021 0.079615 -1.008535 -0.666112 -0.355067
D00649 -0.125291 -0.480431 -1.090432 -0.054340 0.027115 0.438879 -1.446137 0.044002 0.148088 -0.322956 -0.683161 -0.777010 0.027085 0.398834 -0.495771 -0.607882
hsa781 -0.495095 0.481074 -0.068421 0.127059 0.380764 0.257950 -0.588498 -0.290136 -0.751111 -0.838292 -0.812079 -0.307930 0.702776 0.281062 -0.120174 -0.758356
hsa3738 0.368296 0.465640 -0.107171 -0.227408 0.274590 0.171689 -0.531949 -1.082964 -0.108561 0.270306 0.435791 -0.699611 1.070608 -0.398048 -0.673505 -0.159983
D02173 0.632053 0.779466 0.169734 0.171550 -1.231784 1.051422 -0.130185 -0.587293 0.199693 0.560155 -0.461693 -0.603790 -0.191673 -0.514168 -0.545017 -0.744907
hsa774 -0.568177 0.215157 0.250528 -0.169075 0.387980 0.490389 -0.967811 -0.394781 -0.356682 -0.493769 -0.607388 -0.227088 0.572807 0.211528 0.090646 -0.580112
hsa93589 -0.512760 0.171412 0.187376 -0.124789 0.300325 0.148209 -0.794890 -0.603851 -0.385533 -0.675826 -0.656866 -0.474282 0.466094 0.248007 0.153394 -0.543442
D03580 0.548584 0.958303 0.276835 -0.031756 -1.037283 0.514151 0.182999 -0.986054 -0.102561 0.601433 -0.766489 -0.620760 -0.324449 -0.567832 -0.473091 -0.597181
hsa3741 0.992396 0.264897 -0.075818 -0.640355 0.376447 0.351090 -0.064156 -0.952117 -0.380762 0.110905 -0.012926 -0.243738 0.959078 -0.507609 -0.302518 -0.178043
D00110 0.249343 0.080085 -0.138112 -0.133020 -0.047947 1.557378 -0.438498 -0.435258 0.480451 -0.050580 -0.258739 0.962465 -0.035718 -0.971054 0.361892 -0.861292
D00524 0.490919 0.362071 0.341462 -0.138387 -0.888537 0.699021 -0.254332 -0.909036 -0.180787 0.310602 -0.568793 -0.352834 -1.148065 -0.427635 -0.777630 -0.812162
hsa784 -0.588125 0.307596 0.217878 0.102410 0.513393 0.343339 -0.776988 -0.426109 -0.359113 -0.684929 -0.864051 -0.329080 0.482639 0.268792 0.175370 -0.260002
D00195 0.598058 0.627180 0.480522 0.101260 -1.131662 0.647711 -0.265050 -0.801634 0.335981 0.810361 -0.747140 -0.758519 -0.307920 -0.789175 -0.746382 -0.734394
D00639 0.574996 -0.551557 -0.793054 -0.140212 0.235686 0.978323 0.112078 -1.016053 -0.276152 0.080437 -0.686152 0.424830 -0.109771 -0.058146 -0.078158 -0.566249
hsa27092 -0.608442 0.140955 0.209667 0.145456 0.472116 0.409519 -0.903120 -0.272256 -0.308274 -0.423082 -0.855208 -0.382809 0.499667 0.214686 0.131995 -0.503447
D03830 0.137381 -0.036844 0.558422 -0.230176 0.097284 0.252389 -0.482434 -1.006036 -0.201999 -0.530564 0.249806 -0.372701 1.122862 -0.279042 -0.579989 -0.099467
hsa2567 0.164164 0.176877 0.319802 0.220805 -0.400793 0.296732 0.128383 -0.982957 0.749211 -1.187855 -0.806134 -0.581956 -0.088035 -1.027240 -0.669204 -0.095340
hsa3737 0.579632 0.270838 0.043933 -0.007969 0.531125 0.345430 -0.448717 -1.076418 -0.025427 0.038939 0.315204 -0.547728 0.953892 -0.000115 -0.642704 -0.034223
hsa3778 0.500576 0.776219 -0.642678 0.309779 0.651568 -0.446107 -0.296991 -0.288049 0.499756 -0.027872 -1.543187 -0.807012 0.857033 -0.452932 0.439747 -0.517367
D02101 0.676959 0.719402 0.377236 0.304924 -1.272427 0.692151 -0.092406 -0.791124 -0.031413 0.703955 -0.805503 -0.565437 -0.388356 -0.658840 -0.801929 -0.618024
hsa2566 0.307443 -0.150810 0.402897 0.452227 -0.472495 0.348024 0.272520 -1.041367 0.754943 -1.035316 -0.807865 -0.497398 0.021927 -0.927119 -0.797948 -0.371854
D00619 0.413941 0.665155 0.462741 0.285065 0.405258 0.541305 -0.672772 -0.532685 -0.128197 0.277610 0.362875 -0.670765 0.989492 0.082896 -0.186050 -0.694973
hsa59284 -0.852524 0.267808 0.250272 0.032185 0.441980 0.367184 -0.763721 -0.443371 -0.401293 -0.622931 -0.860314 -0.277739 0.351768 0.228124 -0.133271 -0.341275
D00611 0.879350 0.746282 -0.011550 0.310290 -1.178467 0.589699 -0.177136 -0.900054 0.171762 0.633825 -0.675733 -0.448135 -0.610065 -0.160501 -0.333570 -0.930171
D00354 0.859236 -0.267952 -1.172223 -0.365020 0.064261 0.725183 -0.523409 -0.904200 -0.074380 -0.005632 -0.448832 -0.227464 -0.142645 0.254778 0.240208 -0.233198
hsa785 -0.613809 0.149798 0.252870 0.125416 0.458986 0.175831 -0.803430 -0.484345 -0.501268 -0.675632 -0.822690 -0.401777 0.379376 0.141120 0.175548 -0.339688
hsa2890 -0.258382 0.402125 -0.245582 0.392480 0.159426 -0.227835 -0.220422 -1.229297 0.987226 -0.273372 -0.834602 0.095105 0.655763 -0.209095 -0.838584 0.479572
D00677 0.733266 0.160719 -0.620104 0.788921 -0.279676 1.884975 -0.185130 0.189667 -0.193809 0.217918 -0.590226 0.271265 0.479277 -0.629868 -0.273772 -0.187917
hsa6332 0.092964 0.005163 -0.291326 0.015625 0.352215 0.141735 -1.031098 -0.701180 0.080002 -0.195170 -0.626055 0.331716 -0.090323 0.537680 -0.154532 -0.609540
hsa782 -0.529613 0.363642 0.184999 0.345559 0.324558 -0.063861 -0.970265 -0.484455 -0.761610 -0.713612 -0.708890 -0.275466 0.480728 0.260240 0.029282 -0.360181
D02409 0.197912 0.308737 0.012361 0.172014 -0.284398 1.168806 -0.770735 -0.183299 -0.127114 -0.957074 -0.798821 -0.634259 0.099530 -0.004294 0.260940 0.895448
D00799 0.586567 -0.761551 0.303801 1.083200 0.785483 0.789179 -0.142788 -0.643649 -0.537772 0.480741 -0.238881 -0.745031 0.022417 -1.097529 0.400310 -0.173555
hsa2560 0.232002 -0.062249 0.326644 0.411185 -0.649524 0.396092 0.204752 -1.292630 0.604204 -1.053188 -0.737408 -0.292026 0.040906 -0.718420 -1.062629 0.035264
D03826 0.542192 0.846456 0.295389 0.122849 -1.129865 0.471968 0.026462 -0.903495 -0.435093 0.524582 -0.428275 -0.361360 -0.271291 -0.592940 -0.829741 -0.841854
D00319 -0.511176 0.711155 0.540616 -0.538556 0.161452 0.579326 -0.911962 -0.505067 -0.392318 -0.606866 -0.543283 -0.495447 1.034286 0.243455 -0.202155 -0.909318
D00809 0.801215 -0.697035 0.705892 0.660108 -0.067853 0.545644 -1.259402 -0.086841 -0.595900 0.091283 -0.678338 0.605091 0.350862 -1.345132 -0.372194 0.125522
hsa116443 0.250827 -0.629144 0.441520 0.322651 -1.021553 0.379725 -1.245139 -0.663426 0.718274 -0.155874 -0.194290 0.283833 0.611402 -0.371860 -0.014609 -0.539543
D00477 0.761095 -0.171650 -0.353355 -0.225315 0.115243 0.927677 -0.301086 -0.941089 -0.527553 0.293003 -0.469033 0.089106 -0.592630 0.314201 -0.189515 -0.558973
D02204 0.475650 0.819353 0.731896 -0.082151 -0.760361 0.344294 -0.182803 -0.807591 0.009030 0.765362 -0.782407 -0.828557 -0.277092 -0.391892 -0.530578 -0.576945
D00331 0.516948 0.004418 -0.651117 0.477605 -0.293117 -0.445551 -0.086390 -0.485190 0.678390 -1.087791 -0.660659 -0.667367 -0.086691 -1.101000 -0.304195 -0.502264
D00648 -0.141702 0.432428 -0.401878 0.692951 0.013930 -0.441476 -0.423569 -0.637510 -1.443510 -0.766093 -0.588243 -0.359843 0.915413 0.064169 -0.667851 -0.228953
hsa2569 0.103659 -0.004154 0.471472 0.281384 -0.431415 0.519031 0.223603 -1.198417 0.776582 -1.277894 -1.011106 -0.405729 -0.245201 -0.729759 -0.635067 0.045446
hsa9311 0.106202 0.097174 -0.523794 0.200369 0.355799 -0.008062 -1.361195 -0.284638 0.285283 -0.292715 -0.683330 0.245183 0.032211 0.392149 -0.322238 -0.438649
hsa10369 -0.609586 0.075972 0.194304 -0.015308 0.575333 0.559923 -0.823458 -0.327773 -0.481969 -0.729872 -0.886503 -0.398900 0.554298 0.254071 0.038511 -0.385323
D00678 0.801919 -0.315384 0.060935 0.365638 -0.534465 1.492904 -0.738064 0.445305 -0.371735 0.097264 -1.296653 0.047074 0.279343 -1.039702 -0.678603 0.582881
hsa6337 0.059342 -0.336343 -0.590564 -0.087199 0.279857 0.207052 -1.349351 -0.267254 0.351751 -0.321109 -0.832905 0.029196 0.118563 0.418832 -0.492032 -0.447724
hsa51802 0.177151 -0.084770 -0.462762 0.143577 0.540888 0.111888 -1.224105 -0.427852 0.207400 -0.241974 -0.665818 0.415510 -0.214381 0.403594 -0.318115 -0.641630
hsa3765 0.197165 1.080807 -0.300822 0.995860 0.670326 -0.141824 -1.404471 -1.016932 -0.356582 0.060719 0.465097 0.220497 0.432202 -0.563492 0.316811 -0.305583
hsa6532 0.358989 -0.358616 0.379880 -0.044469 -0.084510 0.778522 -0.762886 -0.067483 0.334016 0.301922 -0.625979 0.239660 0.079821 -1.766317 0.491655 -1.414215
hsa1141 -0.686821 -0.035493 0.353493 0.279031 -0.796817 1.009087 -0.325198 -0.653684 0.068399 0.069170 -0.462599 -0.299565 -1.019749 -0.365505 -1.114547 -1.107981
D01453 0.136973 0.635103 0.301529 -0.068895 -0.340648 1.235969 -1.174708 -0.390051 -0.316359 -0.764732 -0.642928 -0.699161 -0.202347 0.137014 0.494904 0.784271
hsa3710 -0.438325 0.139772 0.305164 0.097200 0.697484 0.349263 -0.807184 -0.415296 -0.308015 -0.652651 -0.865816 -0.459090 0.350538 0.344249 0.067602 -0.378310
D01712 -0.205466 0.690777 0.255430 0.124938 -0.174674 1.200514 -1.208979 -0.372530 -0.394294 -0.611172 -0.787741 -0.652434 -0.307077 0.291729 0.514940 0.783099
D00633 0.759359 -0.264891 -0.890505 0.461404 -0.073939 1.231443 -0.096291 0.101020 0.205720 0.589998 -1.651832 0.242698 0.377184 -0.541061 -0.731114 -0.256862
D00812 0.833386 -0.802585 0.392831 0.328801 0.241170 0.228391 -1.237167 -0.206813 -0.296596 -0.172436 -0.715796 0.670659 0.070180 -1.140590 -0.441070 0.157838
hsa6340 0.006062 -0.059279 -0.604889 -0.002262 0.358869 0.167867 -1.427169 -0.324529 0.271565 -0.356216 -0.559825 0.074143 0.033202 0.412351 -0.397386 -0.440818
hsa8989 -0.586721 0.310183 0.100778 -0.058295 0.589663 0.190240 -0.891794 -0.518820 -0.350126 -0.660265 -0.782718 -0.336806 0.496914 0.245579 0.002972 -0.328453
hsa55515 0.057726 0.105743 -0.431617 0.106107 0.382660 0.115796 -1.391076 -0.282131 0.265419 -0.298201 -0.528286 0.251800 -0.169865 0.282064 -0.260931 -0.585860
hsa55799 -0.634012 0.292380 0.156550 0.084302 0.554317 0.342034 -0.871362 -0.408475 -0.252102 -0.535045 -0.821376 -0.356739 0.393776 0.232807 0.174768 -0.409923
D02041 0.492577 -0.006675 -0.272203 0.846411 -0.287323 1.955492 0.171105 0.037833 0.490972 -0.253564 -1.051627 0.599364 0.517830 -0.941140 -0.561758 -0.287433
hsa6338 0.150534 -0.217814 -0.507530 0.257515 0.384054 0.207585 -1.397341 -0.318876 0.332917 -0.225025 -0.738284 0.239216 0.183504 0.427190 -0.420083 -0.266711
D00438 -0.401906 0.600499 0.199470 -0.546606 0.339241 0.116614 -1.032934 -0.608187 -0.397375 -1.321875 -0.320610 -0.763883 0.878462 -0.027708 0.242323 -1.024503
D00394 0.961124 -0.433098 0.295994 0.378510 0.047820 0.388175 -1.298575 0.284782 -0.140608 -0.235356 -0.911283 0.726384 0.010730 -1.318831 -0.051091 -0.463986
hsa6324 0.273807 0.074525 -0.332862 0.048436 0.500730 0.074042 -1.311401 -0.444996 0.232713 -0.412546 -0.536024 0.411806 -0.124665 0.355824 -0.387030 -0.459003
D00823 0.815882 -0.167347 0.543607 1.529047 0.557513 0.244657 -0.378735 -0.692622 -0.464070 0.029998 -0.202854 -0.251879 0.022867 -0.761094 0.306611 0.042348
hsa9177 0.818141 0.092618 -0.707729 0.978474 -0.132037 1.429496 0.135566 0.261914 -0.192998 0.360199 -1.323905 0.263538 0.403004 -1.001498 -0.538689 -0.526371
hsa5310 -0.507291 -0.090841 -0.137535 -0.030596 0.616194 0.414172 -0.906449 -0.132263 -0.133656 -0.414308 -0.839722 -0.550948 0.365259 0.217375 -0.225003 -0.508221
hsa55503 -0.692526 0.124052 0.138435 -0.110608 0.558363 0.496808 -0.806582 -0.494782 -0.349519 -0.578943 -0.696571 -0.354476 0.569338 0.242877 0.015420 -0.324680
hsa6531 -0.315590 -0.012649 -0.277591 -0.228518 -0.028852 1.098122 -0.240367 -0.476695 0.353160 -0.249859 -0.911501 0.990055 -0.195217 -1.577507 0.454683 -1.211290
hsa2741 -0.360042 0.038725 0.101747 0.847221 -0.195083 0.899577 0.328769 -0.465383 0.735145 -0.856043 -0.846677 -0.508069 0.937277 -0.267381 -0.770804 -0.182654
D02546 -0.545430 0.110108 -0.174016 0.537550 -0.604602 -0.276429 -0.972008 -1.374928 0.696650 0.920965 -1.619526 0.718865 -0.002530 -0.447215 0.097296 -0.112361
D02461 0.382143 0.108476 -0.124085 0.484373 -0.466498 -0.280372 -0.195845 -1.014004 0.005451 -1.167462 0.151830 0.015445 0.058157 -0.551966 -0.831350 -0.468365
hsa3708 -0.848924 0.085826 0.216083 0.108979 0.393167 0.387981 -0.843196 -0.559777 -0.420663 -0.834247 -0.853666 -0.306611 0.409360 0.356818 -0.012972 -0.474321
hsa3780 0.725878 0.419938 0.763505 1.156885 0.379368 -0.093605 -0.648636 -0.393801 -0.371337 0.058159 -0.377202 -0.308529 -0.213284 -0.583361 -0.310344 0.342449
hsa2897 -0.336241 0.110901 -0.755110 0.734746 -0.668107 -0.221326 -0.667271 -1.304263 0.811255 0.332115 -1.537629 0.621191 -0.127613 -0.055534 0.319327 0.024289
D00546 -0.467049 0.367737 0.082693 0.439095 0.048456 0.282610 0.117702 -1.163901 0.838834 -0.593562 -0.620941 -0.583250 0.893265 -0.237976 -0.874459 0.300620
hsa3759 0.129366 1.099817 -0.252407 0.591073 0.826393 0.141215 -1.049963 -1.092884 -0.151215 -0.067438 0.373860 0.014378 0.287190 -0.546006 0.446709 -0.060509
D00816 0.900279 -0.748157 0.321621 0.275367 -0.064821 0.503455 -1.107925 -0.183505 -0.323684 0.171648 -0.765052 0.459122 0.367982 -1.355187 -0.115345 0.198088
hsa83795 0.177145 0.861389 -0.210893 -0.038487 0.763272 -0.289048 -0.066915 -1.226406 -1.022680 0.119718 -0.593560 -0.108705 0.258270 -0.009668 -0.170474 -0.361715
hsa9254 -0.665545 0.213591 0.329600 -0.027421 0.499850 0.408967 -0.579623 -0.497685 -0.418235 -0.649819 -1.091049 -0.452168 0.656283 0.323141 0.029112 -0.457572
hsa6330 0.396868 -0.026582 -0.151616 -0.047048 0.179346 0.114984 -1.441476 -0.502015 0.220257 -0.535702 -0.683947 0.510637 -0.059407 0.529422 -0.167838 -0.321750
D00617 -0.425069 0.631835 0.255841 -0.840685 0.290614 0.398382 -0.886371 -0.764443 -0.305076 -0.547837 -0.149426 -0.578889 1.025390 0.053141 -0.116035 -0.845015
D00798 0.703131 -0.315772 -0.079201 0.593186 0.591220 1.041290 -0.539240 -0.584535 -0.479883 0.330101 0.185091 -0.618632 0.000425 -0.983736 1.195855 -0.346775
hsa9312 0.306716 0.958579 -0.261923 -0.559171 -0.010130 -0.417481 -1.058649 -0.829764 -0.225943 0.714338 -0.114179 -0.739639 0.111368 -0.563584 -0.587289 -0.098227
hsa3767 0.114326 1.196966 -1.023916 1.412670 0.210195 0.568812 -1.014338 -0.956401 -0.562054 -0.427859 0.605815 0.762421 0.318994 -1.281135 0.039704 -0.216231
hsa55800 0.296921 -0.075914 -0.490702 0.228322 0.451040 0.127662 -1.183770 -0.565651 0.392197 -0.319011 -0.614551 0.378265 -0.061012 0.457886 -0.353593 -0.422296
hsa6339 -0.048103 -0.318631 -0.583242 -0.073173 0.210717 0.309757 -1.336397 -0.364361 0.375929 -0.343232 -0.772499 0.393863 -0.003648 0.321865 -0.406462 -0.394968
hsa3739 0.100516 0.658048 -0.195596 -0.576439 0.296333 0.150794 -0.405676 -1.223035 -0.367967 0.270668 0.115439 -0.440770 0.820164 -0.099165 -0.329769 -0.172593
hsa55879 0.254391 0.051556 0.298590 0.302216 -0.561118 0.393177 0.077466 -1.116899 0.932053 -1.238107 -0.888131 -0.312903 0.091919 -0.661489 -0.745533 0.082614
D00336 -0.225528 0.598647 -1.309842 0.433679 -0.260679 1.060827 -0.878724 -0.706348 -0.886112 -0.509708 0.102942 -0.532680 -0.140805 -1.026711 0.527171 0.677528
D00326 0.870042 -0.147714 0.317135 1.599729 0.627162 0.176425 -0.364293 -0.621300 -0.672297 -0.038494 -0.229986 -0.126014 -0.027425 -0.736808 0.255361 -0.020523
D00227 -0.171505 0.865823 0.129426 -0.120262 -0.351962 1.244671 -1.022321 -0.372884 -0.253061 -0.434180 -0.793547 -0.660233 0.040210 0.272074 0.516886 0.692684
D00228 0.545620 0.001931 -0.116230 0.047775 0.501108 0.766114 -0.248380 -0.052357 0.071063 0.379538 -0.895153 0.254049 0.442598 -1.890735 0.575361 -0.858004
hsa2742 0.271917 -0.198097 0.044494 0.871386 -0.388883 1.437214 0.152277 -0.509425 1.012239 -1.045046 -0.633824 0.305625 0.553570 -0.597090 -0.706840 -0.306887
D01118 1.189463 -0.904676 0.852794 0.457459 -0.043566 0.091641 -0.954384 -0.417154 -0.005365 -0.527030 -0.465866 0.452634 0.153594 -0.518905 -0.398474 -0.531255
D00379 -0.114812 1.324212 -1.489164 1.157352 0.059045 0.898059 -0.836432 -0.634407 -0.890346 -0.367479 0.167410 0.328152 -0.042306 -1.304717 0.114453 -0.004970
D00367 -0.089834 -0.211478 0.070089 -0.228567 0.229330 0.719824 0.119259 -0.077304 0.318924 -0.623910 -1.115329 0.208586 0.047497 -1.681895 0.316055 -0.966601
hsa170572 0.835214 -0.227054 -0.396522 0.710730 -0.542376 1.783419 -0.308750 0.236342 0.144971 0.265913 -1.479105 0.206239 0.460468 -0.716635 -0.601045 0.055299
hsa2898 -0.453801 0.170766 -0.723709 0.742441 -0.398892 -0.460803 -0.896075 -1.517854 0.813969 0.565394 -1.414312 0.507818 0.456331 -0.482189 -0.057522 0.348821
D06172 0.646635 -0.341705 -0.908019 -0.276432 0.286069 0.806687 0.358637 -1.293434 -0.324568 -0.666901 -0.542474 0.745595 -0.152529 -0.262036 -0.157004 -0.686050
D05461 0.531860 -0.528165 0.285942 0.876339 -0.293645 -0.015237 0.338960 -1.098893 0.108503 -0.507738 -0.411480 -1.069093 -0.052432 -0.995631 -0.292964 -0.096034
D00283 0.791257 -0.269177 -0.135974 0.465813 0.532773 1.238596 0.287832 0.185798 -0.252479 0.468043 -1.185671 -0.277028 0.293775 -1.814510 -0.096315 -0.617967
hsa3768 -0.157417 1.127629 -0.514957 0.608752 0.716316 0.182755 -1.407552 -1.029617 -0.223966 -0.023999 0.349423 0.130123 0.409231 -0.492822 0.293456 0.039871
D00543 -0.515557 0.265049 0.022332 0.484762 0.273005 0.287283 0.299292 -1.194457 0.778216 -0.497143 -0.510592 -0.482732 0.903331 -0.275835 -0.942754 -0.060245
hsa9424 0.258587 0.640132 -0.527032 0.215577 0.408647 -0.356154 -0.268453 -0.915587 -1.385528 -0.051997 -0.542035 -0.314544 0.275812 0.014900 -0.498979 -0.198450
hsa2891 0.189330 0.449735 -0.892086 0.648683 0.335100 -0.410866 -0.516458 -1.080449 0.835859 0.039765 -1.250781 0.184160 0.617783 -0.017789 -0.059956 0.438512
D00451 0.841557 0.351539 -0.869310 1.361992 0.090134 0.977883 -0.370346 0.552145 -0.525546 0.164420 -1.015693 0.294689 0.109241 -1.174330 -0.456051 -0.414394
D02566 0.386229 -0.570205 0.435142 0.160509 -0.154208 0.362190 -0.962589 -0.239696 -0.360018 0.063688 -0.782944 0.784552 -0.053573 -1.857813 -0.194213 -0.414224
hsa3788 0.018183 0.861781 -0.279014 0.033882 0.735428 -0.561573 -1.215573 -0.744903 -0.209585 0.507755 -0.352188 -0.685767 -0.228882 -0.641923 -0.347309 0.020858
hsa1145 0.097005 0.135944 0.179232 0.016349 -0.645802 0.959801 -0.081917 -0.478879 -0.199907 0.126927 -0.737117 -0.389475 -1.196280 -0.768723 -1.441762 -0.804843
D03742 0.331414 -0.011346 0.313044 -0.048446 -1.353942 0.625399 -0.852040 -0.607543 0.627138 0.509160 -0.130894 -0.095611 0.126104 -0.987822 -0.138048 -1.393497
hsa2904 -0.326287 -1.120844 -0.224763 0.440307 -1.101625 0.220751 -0.961725 -1.178630 0.033945 -0.159070 -0.215891 -0.143407 0.723078 -1.209886 0.440099 -0.366971
D00380 0.206549 1.358448 -1.659221 1.149682 0.365674 1.256932 -0.412406 -0.170029 -0.739634 -0.378359 -0.113246 -0.215896 0.221029 -1.081619 -0.178947 0.125258
hsa3744 0.182410 0.393820 -0.008119 0.325644 0.239797 0.425173 -0.647792 -0.801852 -0.245940 0.560467 0.172236 -0.984457 1.198390 -0.037889 -0.327277 0.047386
hsa1080 -0.133571 0.727141 -0.517655 0.339987 -0.419973 1.361802 -1.160568 -0.482778 -0.533688 -1.053280 -0.371246 -0.550180 -0.114681 -0.055155 0.624317 1.020995
hsa27133 0.442003 0.296978 -0.745775 0.232473 0.288659 -0.151988 -0.349153 -0.945394 -1.075259 0.385418 -0.409641 -0.476572 0.344585 0.131036 -0.531688 -0.047008
hsa3756 0.456993 0.310599 -0.802406 0.146907 0.466642 -0.230198 -0.479097 -0.992429 -1.007800 0.401145 -0.517341 -0.449433 0.477722 0.083028 -0.432306 0.040332
D02253 -0.108208 -0.185795 -0.193117 0.937031 -0.726037 0.052055 0.012523 -1.104138 0.746190 -0.693189 -0.392525 -0.852070 -0.171246 -0.883164 -0.434166 -0.475637
D00219 -0.075650 1.273496 -1.638897 1.147026 -0.058024 1.139982 -0.934556 -0.589202 -0.887513 -0.610882 0.103444 -0.057027 -0.114699 -1.413455 0.298482 0.332776
hsa5025 -0.132325 0.458202 0.033382 -1.747443 -0.131379 1.722321 -1.604891 -0.416386 -0.872312 -1.096828 -1.837783 -1.418173 -0.191172 -0.506337 -0.250057 0.662055
hsa200909 0.828950 -0.074064 -0.442049 0.550920 -0.334878 1.607121 -0.089967 0.071927 0.105974 0.340086 -1.397033 0.483103 0.586624 -0.857358 -0.808316 0.113855
D01599 -0.040094 1.558280 -1.285507 1.138855 -0.003995 1.107291 -0.968599 -0.534369 -0.607116 -0.298866 0.323338 0.472351 0.174751 -1.555718 0.313807 -0.233370
D00791 0.527699 -0.999217 0.421118 0.812835 0.818849 0.611378 -0.480696 -0.857879 -0.457932 0.589208 -0.382420 -1.003654 -0.234303 -0.856932 0.414497 0.006406
D00658 0.843688 0.698723 -0.716269 0.299423 0.228315 -0.788265 -0.458394 -0.623457 0.806014 -0.284992 -1.739689 -0.673116 0.954063 -0.375824 0.689987 -0.569273
D02630 -0.745641 -1.007577 0.069255 0.379802 0.149131 0.595972 -1.112596 -0.526813 -0.485922 0.119565 -0.352455 -1.187738 0.546657 -0.148944 0.303996 -0.295841
D00519 0.865223 0.784484 -0.731462 0.367232 0.296378 -0.864855 -0.187430 -0.713121 0.559483 -0.634992 -1.363800 -0.787943 0.743159 -0.637022 0.438066 -0.265328
hsa3746 0.224587 0.304019 0.228115 0.094947 0.886565 0.434264 -0.621577 -1.289730 -0.256187 0.130695 0.029621 -0.245495 0.572718 0.211733 -0.473320 0.465145
D00480 1.445398 -0.612511 0.524075 -0.017470 0.208140 0.224728 -1.335230 -0.234880 -0.282106 -0.358050 -0.345434 0.367149 0.361422 -0.711647 -0.437950 -0.133632
hsa3762 0.321626 1.229743 -0.135141 0.848218 0.624717 -0.080494 -1.246642 -1.292014 -0.271327 -0.058109 0.444859 0.162495 0.456240 -0.486654 0.535911 -0.148711
D00616 0.771300 -0.041904 0.637436 -0.367908 0.166805 0.300942 -0.468264 -0.857856 -0.189139 -0.996601 0.510240 -0.400743 0.961272 -0.272764 -0.674201 -0.337377
D00539 -0.651845 -0.302142 0.177171 0.306359 -0.063040 0.400702 -0.587426 -0.390532 0.498743 -0.089289 -0.556988 -1.502882 -0.354561 0.183427 -0.372138 -1.235157
hsa3761 0.135184 1.157708 -0.189987 0.620392 0.807810 -0.135787 -1.297900 -1.301044 -0.245922 -0.022906 0.197695 0.056180 0.449079 -0.285861 0.311226 0.115036
D00234 -0.479734 -0.426329 -0.125565 0.848557 -0.114970 0.163510 -1.210099 -0.125985 -1.434757 -0.392746 -0.235312 -0.963816 0.315634 -0.647131 0.110133 -0.083027
D02163 0.775393 -0.606808 0.591756 0.546812 0.322882 0.327753 -0.326004 -0.959697 -0.472256 0.523554 -0.697093 -0.889195 -0.638864 -1.146241 0.592078 0.309837
hsa2901 -0.280236 0.154011 -0.436313 0.502367 -0.521662 -0.275490 -1.131013 -1.314259 0.825551 0.826919 -1.820745 0.715698 0.302214 -0.063888 0.173217 0.008020
D05458 -0.062854 0.052437 -0.858986 -0.265970 0.364573 0.720119 -0.053166 -0.792269 -0.025591 -0.330840 -0.705197 1.132197 -0.655396 -1.117469 0.124257 -1.343938
hsa3784 -0.639292 -0.169357 0.097607 0.544192 1.089109 0.226374 -0.502443 -1.144381 -0.226706 0.933090 -0.323853 -0.654661 0.448149 -0.920515 -0.056977 0.284116
hsa6833 0.324223 1.117744 -1.439160 0.464572 0.305859 0.687220 -0.360354 -0.540411 -0.310765 -0.653823 -0.131577 -0.868054 0.205832 -0.754027 0.144119 0.795068
D01111 -0.174405 0.554819 -1.032973 0.287333 0.149878 1.631925 -0.379796 -0.208616 -0.428923 0.025387 -0.022737 0.615841 0.141247 -0.948570 0.227726 -0.460060
D00035 -1.102513 0.745258 -0.182676 -0.100028 -0.273530 0.819965 -0.789720 -0.261492 -0.135055 0.708296 -1.171018 1.057343 -0.050508 -0.909597 0.222394 -0.907842
D00537 0.187252 0.476646 -0.495368 0.595425 -0.646594 0.032551 0.242185 -1.317213 0.395205 -0.051187 -1.221757 0.321359 -0.668532 0.145595 0.742476 -0.311659
D00373 0.703048 -0.229751 -0.475530 0.782592 0.669853 1.015182 -0.440323 -0.798801 -0.454304 0.419248 0.279298 -0.141777 0.384899 -1.065001 0.994541 -0.528014
hsa3742 0.703770 0.526048 -0.302555 0.057070 0.592493 0.108980 -0.352174 -0.893331 -0.057980 0.095529 0.167598 -0.693279 0.985144 -0.212346 -0.709004 -0.060814
D00536 0.405339 -0.547759 0.139289 0.260860 -0.679582 1.434170 -0.608747 -0.748053 1.374213 -0.896117 -0.198836 0.470608 0.325919 -0.329165 -0.140120 -0.455549
hsa54207 0.416382 0.515410 -0.353277 -0.226299 0.472390 -0.387739 -0.267619 -1.378407 -0.927115 0.481235 -0.508324 -0.122779 0.316830 -0.172668 -0.165863 -0.235756
hsa2905 -0.201608 -0.952989 -0.094033 0.505887 -1.287046 0.011586 -0.852272 -1.234985 -0.169545 -0.155354 -0.215508 0.120006 0.881727 -1.096425 0.144995 -0.409300
D01969 0.553515 0.889119 0.866359 0.314282 -0.141111 0.390290 -0.954319 0.044309 -0.324988 -0.189732 -0.060661 -0.621156 0.652736 0.292181 -0.239367 -1.112183
hsa81033 0.026620 0.451337 -0.552824 0.613471 0.205183 -0.584296 -0.790154 -0.619986 -1.194687 0.006900 -0.592194 -0.499289 0.718623 0.003473 -0.759851 -0.035619
hsa3790 0.206309 1.008162 -0.391666 -0.071555 0.702064 -0.422315 -1.034103 -0.730194 -0.293595 0.445751 -0.416135 -0.909917 -0.055169 -0.545047 -0.204689 0.067193
D00338 0.086267 -0.047774 0.863052 1.549847 0.316086 0.415252 0.136187 -1.120728 0.331139 -1.074382 -0.187807 -0.346801 -0.393020 -0.699626 -0.046999 -0.363597
hsa2906 -0.323638 -1.116929 -0.049669 0.646938 -1.114129 0.119963 -0.769800 -1.091376 0.010462 -0.041329 -0.335613 -0.173735 0.938937 -1.225098 0.198337 -0.506639
hsa5023 -0.051825 0.527997 -0.054901 -1.726762 0.039513 1.977960 -1.465204 -0.460707 -0.849536 -0.996967 -1.720384 -1.134247 -0.405078 -0.401023 -0.438899 0.696702
D00513 0.829297 0.283741 -0.558823 0.673848 0.174134 1.150767 -0.266557 0.347420 -0.832366 0.348240 -1.053722 0.645719 0.171251 -0.717476 -1.193353 -0.560198
D00631 0.390806 -0.263102 -0.363490 0.529597 0.646867 0.511672 -0.698730 -0.511392 -1.011592 0.238400 -0.430632 1.146163 0.284926 -1.170874 -0.909328 0.087709
hsa9132 -0.350305 0.230067 -0.268484 0.500020 1.194651 0.264397 -0.811660 -0.576754 -0.624082 0.381756 -0.361018 0.248505 0.539792 -0.825279 -0.878899 0.202949
D05077 0.827476 -0.454008 -0.306769 0.295684 0.897142 1.094706 -0.177192 -0.799383 -0.510371 0.149329 0.209092 -0.464512 -0.151577 -0.875611 0.692936 -0.601196
D00464 -0.231248 0.035903 0.611035 1.136732 0.169830 0.274571 0.078796 -1.015354 0.580292 -1.189640 -0.384584 -0.250587 -0.307298 -0.392418 0.039798 -0.637878
hsa2903 -0.120978 -1.155722 -0.110138 0.459206 -1.067109 0.285960 -0.782468 -1.192098 -0.062832 -0.207233 -0.162848 -0.051759 0.866253 -1.145952 0.257953 -0.247230
hsa5026 -0.245390 0.589357 -0.120290 -1.656405 -0.158408 1.902556 -1.313669 -0.611254 -0.528577 -1.165462 -1.694781 -1.497246 -0.445631 -0.361085 -0.613366 0.827670
hsa5024 -0.103788 0.643661 0.163828 -1.801791 -0.138934 1.705029 -1.573484 -0.686295 -0.400265 -1.218195 -1.693169 -1.162568 -0.470030 -0.324617 -0.417279 0.708625
hsa116444 -0.343329 -0.884642 -0.008468 0.453833 -1.067947 0.192467 -0.927063 -1.032760 -0.021116 -0.175833 -0.106833 0.076235 0.857735 -1.096166 0.199654 -0.257586
D04999 -0.024035 -0.094866 0.040595 0.473191 -0.812857 1.477197 -0.392911 -0.268740 0.264392 -0.074178 -0.668418 0.788617 -0.211036 -1.424439 0.427937 -0.688073
D01253 -0.470417 -0.208979 0.525543 1.001231 0.474734 0.523471 0.275300 -1.502175 0.695333 -0.696290 -0.077407 -0.021249 -0.544406 -0.909515 -0.244669 -0.740092
hsa3745 -0.001651 0.969931 -0.244664 -0.175708 0.487793 -0.474012 -1.163633 -0.794492 -0.173354 0.292087 -0.386545 -0.599141 0.048347 -0.378233 -0.265568 0.124151
D02914 -0.603717 0.538964 0.627052 -0.435429 0.165341 0.541180 -1.177387 -0.346011 -0.305774 -0.387361 -0.459271 -0.281164 1.127537 0.148723 -0.355546 -0.871546
D03274 0.451771 -0.583036 1.178604 0.769561 0.089042 0.079976 -1.091900 -0.327044 -1.037039 -0.284534 -0.480000 -0.461346 0.254410 -0.984743 0.012257 0.119336
D01256 0.550795 0.778155 -1.133715 0.626126 0.298377 -0.641297 -0.303296 -0.934600 0.639404 -0.203367 -1.853647 -0.386263 0.823828 -0.360804 0.708040 -0.155978
hsa2570 -0.051064 -0.060148 0.293307 0.321536 -0.537797 0.956531 0.366263 -1.200371 0.723921 -1.515276 -1.120625 -0.228712 -0.343117 -0.601125 -0.486377 0.061395
hsa2902 -0.173067 -0.824495 -0.256985 0.727126 -0.996780 -0.163566 -0.720702 -1.085983 0.316114 -0.063586 -0.528949 0.155180 0.978635 -1.016726 0.303677 -0.255498
D02360 0.472247 -0.582394 0.142572 -0.236475 0.159588 0.718703 -0.775749 0.113794 0.163022 -0.010588 -0.818521 0.060720 0.078618 -2.231981 -0.130428 -0.603866
hsa27012 0.390351 1.226251 -0.116620 -0.132514 0.748878 -0.309348 -1.206283 -0.571984 -0.198133 0.336930 -0.487883 -0.746583 -0.065093 -0.318314 -0.421363 0.164827
hsa2892 0.031278 0.488814 -0.550827 0.582004 0.347997 -0.352293 -0.789487 -1.141632 0.724369 0.284660 -1.086016 0.436317 0.826700 -0.049712 -0.483070 0.439674
D00615 -0.701372 0.685645 0.654760 -0.766539 0.382927 0.510345 -1.075358 -0.544265 -0.472969 -0.833331 -0.133625 -0.220124 0.755605 -0.192370 -0.597124 -0.843602
D00544 -0.415335 0.312106 -0.033692 0.365557 0.255003 0.122452 0.302347 -1.279153 0.566711 -0.344373 -0.804739 -0.622277 1.090117 0.089799 -0.960680 0.303005
D00733 0.774028 -0.155023 0.158382 0.571112 0.426207 0.992754 -0.487489 -0.145690 -0.572798 0.294441 -0.587613 0.375392 -0.619089 0.290782 -0.516293 -1.056903
D00351 0.027313 -0.212607 -0.100842 0.437359 -0.534475 0.690414 -0.869686 -0.708736 -0.956956 0.570374 -0.151860 -0.998985 0.898746 -0.002328 0.379467 0.540030
D05024 0.140555 0.226858 0.586146 0.630023 0.632885 0.600367 -1.182193 0.029887 -0.003254 0.066074 -0.260635 -1.081950 0.416891 0.606333 -0.248350 -1.144998
hsa2899 -0.210968 0.042531 -0.564159 0.407708 -0.388502 -0.369674 -0.995555 -1.391799 0.873238 0.651974 -1.817278 0.779755 0.187272 -0.155020 0.064210 -0.086759
hsa3775 -0.080588 0.792350 -0.453783 0.644617 0.465430 -0.499036 -0.064810 -1.079963 -1.440486 0.085666 -0.895006 -0.130560 0.616457 0.024895 -0.324818 -0.173503
D02262 0.425237 0.778238 -0.170025 -0.627213 -0.198080 0.053478 -0.426264 -1.093165 -0.736889 0.543803 0.309928 -0.599789 0.469198 -0.531161 -0.877728 -0.499915
D00656 1.136343 0.719503 -0.834358 0.332838 0.419529 -0.634326 -0.388857 -0.544572 0.865192 -0.474226 -2.161560 -0.622091 0.764872 -0.316913 0.647444 -0.493019
D01448 0.931526 -0.454805 0.614084 0.718130 0.321606 0.484187 -0.261760 -0.756552 -0.426720 0.582217 -0.315058 -1.129233 -0.503254 -1.087904 0.313161 0.063752
hsa2743 0.190371 -0.333153 0.238780 0.778606 -0.492154 1.299458 0.168179 -0.752205 1.124516 -1.141616 -0.699972 0.298962 0.611877 -0.383354 -0.262027 -0.633952
D01768 0.463777 -0.401138 -0.119832 -0.147585 -0.085187 1.094044 -0.899820 -0.914783 -0.835202 -0.022621 -0.597713 0.525450 -0.793628 0.637889 -0.267122 -0.368839
hsa3773 0.161853 1.100968 -0.331613 0.414006 0.619132 -0.082056 -1.214072 -1.042229 -0.256215 0.068618 -0.129606 -0.114219 0.521873 -0.240636 0.312313 0.410749
D00563 0.655209 -0.393119 -0.119319 0.163393 -0.170294 1.152212 -0.467028 0.195819 -0.378930 0.634410 -0.827779 0.037691 0.018750 -2.030877 -0.673489 -0.784265
D03180 -0.427679 -0.158970 -0.192825 0.924051 -0.460346 0.268866 -0.053360 -0.749608 0.858845 -0.482375 -0.797623 -1.482670 -0.699326 -0.316423 -0.695285 -0.732497
hsa3787 -0.039793 0.962861 -0.135954 -0.027964 0.904092 -0.320587 -1.005041 -0.866178 -0.065054 0.444525 -0.357437 -0.716492 -0.123969 -0.547962 -0.322287 0.082899
D01799 -0.163273 1.747995 -1.401027 1.493357 -0.039237 0.928409 -0.832657 -0.644380 -0.559044 -0.423348 0.101368 0.515551 0.448457 -1.586220 -0.090660 -0.002324
hsa3748 0.129103 0.685264 0.102075 0.184913 0.944214 0.324908 -0.780306 -1.276791 -0.431786 0.057395 -0.254416 -0.468371 0.393194 0.186554 -0.515759 0.865512
D04034 0.337753 -0.559902 1.025736 0.459271 0.339506 0.292837 -1.127846 -0.477796 -1.010073 -0.526328 -0.107438 -0.518598 0.449830 -1.025150 -0.132856 0.455697
hsa3786 -0.366460 0.497041 -0.310208 0.486181 1.263852 0.116244 -0.775553 -0.759158 -0.301745 0.506692 -0.455216 -0.058944 0.513395 -0.642142 -0.594014 0.234443
hsa11254 -1.013563 0.534295 -0.217868 -0.147542 0.097968 1.028108 -0.574999 -0.452877 0.073521 0.509486 -1.357263 1.112332 -0.339569 -1.324308 0.307633 -1.060299
hsa3776 0.578491 0.662449 -0.184009 -0.299382 0.606430 -0.255015 -0.047756 -1.473131 -1.306437 0.350240 -0.675360 0.066396 0.210391 -0.001587 -0.275325 -0.489715
D00364 1.059920 -0.001991 0.118589 -0.430379 1.032046 1.143020 0.459340 -0.605730 -0.077396 -0.029700 -0.183723 -0.371691 0.696725 -1.395886 0.319090 -0.598133
D00654 0.823640 0.731716 -0.995525 0.264851 0.440166 -0.632666 -0.676674 -0.502728 0.808907 -0.382814 -1.819710 -0.344129 0.847398 -0.413978 0.582934 -0.783631
D00574 -0.952532 -0.554411 -0.114727 0.271234 -0.029957 0.846388 -0.420951 -0.903237 0.384132 -0.082429 -0.112538 -0.305216 -1.188560 -0.301167 -0.790810 -1.275392
D00474 -0.556424 -0.802197 -0.080295 0.630049 -0.087520 0.321391 0.093759 -1.627894 0.471420 -0.343967 0.115296 -0.173899 -0.459791 -0.664826 -0.595870 -1.388713
hsa2900 -0.570682 -0.080291 -0.569943 0.805517 -0.704729 -0.307485 -1.109841 -1.611083 0.867535 0.755626 -1.894572 0.766448 0.091729 -0.281108 0.071567 0.001154
D04370 0.580934 0.191310 -0.643910 0.572774 -0.303231 1.915662 -0.253070 0.039122 -0.194342 0.026684 -0.217536 0.490522 0.279069 -0.914870 -0.448661 -0.321158
hsa3747 0.170490 0.704717 0.172713 0.444375 0.861229 0.379155 -0.634869 -1.284951 -0.275578 0.141464 -0.143592 -0.154119 0.535790 0.135830 -0.683448 0.769990
hsa6534 -0.674104 0.427544 0.231843 -0.020701 -0.010767 0.746795 -0.731379 -0.273713 0.023080 0.456470 -1.355773 1.099392 -0.118602 -1.449732 0.459879 -1.154710
D00521 -0.546695 -0.762229 -0.054408 0.750059 -0.284599 -0.052041 -1.002435 -0.335256 -1.280883 -0.185898 -0.711147 -0.749306 0.894352 -0.578277 0.145828 -0.052346
D02261 0.639106 0.562601 -0.777616 -0.789590 -0.043012 0.144978 -0.584022 -1.169765 -0.502391 0.511735 0.285974 -0.809906 0.372375 -0.382715 -0.621482 -0.118758
hsa3766 -0.020493 1.130093 -0.417813 0.454912 1.360184 0.162822 -0.894648 -0.742031 -0.357173 -0.050615 0.074962 -0.097189 -0.050905 -0.710789 -0.181697 -0.085100
hsa3750 0.233795 0.873057 0.067069 0.721160 0.425770 -0.052002 -0.835994 -1.155013 -0.264899 0.599621 -0.034016 -0.714220 0.263786 0.282569 -0.569370 0.247070
hsa3760 0.141066 1.078357 -0.094906 0.784498 0.568345 -0.171247 -1.010513 -1.162392 -0.655189 0.089085 0.145788 -0.020239 0.541892 -0.423128 0.476386 -0.015119
D00340 0.892887 0.972961 -1.003129 0.308986 0.022955 -0.756725 -0.577447 -0.772266 0.654483 -0.660807 -1.854172 -0.458903 1.255274 -0.387316 0.889972 -0.581578
D00651 0.903321 0.238795 -1.008068 0.885740 0.457579 -0.703982 -0.289866 -0.096419 0.456150 -0.620207 -1.419252 -0.740451 0.406296 -0.465446 0.007905 -0.679196
D01275 0.233467 0.737211 0.249791 -0.061951 -0.208172 1.575114 -0.304077 -0.077300 -0.616133 -0.254778 -0.722993 -0.582256 0.195149 0.337203 0.321364 0.068593
hsa3751 0.581390 1.103412 0.140595 0.690916 0.602873 0.165405 -0.504667 -1.051723 -0.198373 0.551372 -0.190242 -0.688750 0.356405 0.533151 -0.280503 -0.026426
D00335 -0.629185 0.975864 -1.382657 0.773937 0.282045 1.162959 -1.044839 -0.665929 -0.956118 -0.424609 0.023906 -0.283590 -0.305694 -1.579964 0.464836 0.431381
D00533 0.624399 -0.667811 0.124970 -0.485918 0.742627 0.101069 -1.016350 -0.206041 -0.345876 -0.576639 -0.879751 0.535575 -0.183607 -0.538532 -0.293195 -0.578390
hsa3769 -0.463283 1.249538 -0.545932 0.537850 1.159802 0.339927 -0.902521 -0.785101 -0.344934 0.202933 -0.019268 -0.210576 0.022015 -0.459967 -0.233791 -0.145484
hsa3752 0.628272 1.042017 0.123025 0.609572 0.044145 0.570331 -0.226279 -1.399264 0.046600 1.128004 0.014688 -0.318393 0.029986 0.335054 -0.516096 0.015220
D00709 -0.388539 0.035009 -0.857517 0.002845 0.121187 0.811586 -0.408168 -0.884503 -0.345058 0.092816 -0.312917 -0.667365 -0.616453 0.795042 -0.117835 -1.021058
D00594 0.511784 0.085670 -0.961980 0.659908 0.667847 1.286987 -0.453758 -0.530998 -0.494790 0.099731 0.354645 -0.359090 -0.276062 -1.037367 0.847597 -0.421539
D04985 -0.355709 0.077399 -0.176899 1.063900 -0.593570 0.317697 -0.141269 -0.702532 1.183918 -0.444194 -0.626636 -1.455746 -0.372462 -0.246851 -0.470872 -0.792619
hsa3753 0.297269 0.214076 -0.531406 -0.362616 0.825150 -0.619337 -1.058384 -0.568424 -0.334892 -0.647352 -0.390097 -0.549045 0.100836 -1.169692 -0.216053 0.201468
D00694 -0.242121 0.038629 0.600380 1.172893 0.392712 0.281024 0.057118 -0.853031 0.471551 -1.384820 -0.444016 -0.286430 -0.374283 -0.419318 -0.044239 -0.786218
hsa93107 -0.125402 0.532643 -0.421129 -0.040584 0.858990 -0.530733 -1.282700 -1.024749 -0.454758 0.319239 -0.334546 -0.396453 0.070531 -0.513923 -0.561013 0.268895
D00456 0.899833 -0.396805 0.161749 0.206401 -0.406924 1.299126 -1.046283 0.536202 -0.516917 0.125281 -1.056471 0.107015 0.008903 -1.393663 -0.606122 0.065561
D00779 0.092443 0.068468 0.217388 -0.065466 -1.354840 0.420323 -0.405617 -1.169668 -0.304613 1.012749 -0.348191 -0.167046 -0.059007 -0.418226 0.142849 -1.158480
D00831 -0.372647 -0.829618 0.309399 0.727137 1.358117 0.789876 -0.486857 -1.170912 -0.398259 0.998411 -0.347263 -0.782742 0.496514 -0.443319 0.204286 -0.051148
D02092 -0.332576 -0.378179 -1.141426 0.848180 -0.676260 0.236566 -1.673693 -0.341789 -1.095764 -0.116861 0.156009 -0.993190 0.347968 -0.785510 0.301827 0.044964
hsa56659 -0.329801 1.042855 -0.161649 0.244396 1.133756 0.023536 0.081265 -0.709005 -0.451499 -0.154231 -0.750480 -0.729169 0.309271 -0.120668 -0.130325 -0.395091
hsa3755 -0.008441 0.615931 -0.214668 -0.250785 0.914605 -0.303139 -1.055889 -0.867635 -0.242135 0.498540 -0.268790 -0.661173 0.053736 -0.588887 -0.522800 0.149216
D00418 -0.695407 0.776235 -0.682913 0.618677 -0.099124 1.305367 -0.557270 -0.791596 -0.565141 0.412475 0.327548 0.061486 -0.597727 -0.094602 -0.082311 -0.351799
D00636 1.082132 -0.434765 1.142867 0.936473 0.416916 0.739313 -1.085905 0.167440 -0.665513 0.166767 -0.327581 -0.440833 0.468698 0.165167 -0.263039 -1.060257
D03037 -0.684746 -0.982822 0.072082 0.650070 0.425629 0.310938 -0.587394 -1.392470 0.100098 0.789492 -0.227071 -0.641875 0.051362 -1.480134 0.177472 0.295337
hsa3754 0.013297 0.831969 -0.408441 -0.088279 0.763578 -0.476631 -0.924244 -0.687170 -0.317084 0.643583 -0.717708 -0.853523 -0.000395 -0.306322 -0.374034 -0.053893
hsa26251 0.060169 0.902311 -0.185037 -0.240755 0.994760 -0.470030 -1.033520 -0.879636 -0.123323 0.423300 -0.479378 -0.438275 0.080801 -0.730076 -0.331981 0.124680
hsa6529 -0.094019 0.265919 -0.053560 -0.350848 -0.045313 1.206146 -0.675056 -0.430587 0.447212 0.033108 -0.853619 1.045534 -0.098522 -1.421675 0.698988 -1.062059
hsa3772 -0.434283 1.292274 -0.632034 0.229985 1.296257 0.549500 -1.137380 -0.778289 -0.538105 -0.163959 0.082430 -0.087549 -0.012853 -0.497907 0.089826 -0.048718
hsa3764 0.575559 1.089543 -0.480638 1.133280 0.619031 0.110246 -0.941539 -1.121156 -0.421792 -0.025661 0.580420 0.444504 0.612254 -0.804718 0.163023 -0.271484
D00650 0.960496 0.551864 -0.885987 0.667247 0.224235 -0.737307 -0.515242 -0.410633 0.850048 -0.600847 -1.433469 -0.929711 0.511993 -0.832538 0.527179 -0.607913
D02234 0.306315 -0.374944 1.040429 1.073393 -0.321437 0.000763 -0.714671 -0.217349 -1.030713 -0.639452 -0.224935 -0.969358 -0.164634 -0.941972 -0.319473 -0.093611
D01854 0.336049 0.304135 -0.858612 1.244574 0.107849 0.601351 -0.398133 -1.204545 -0.829665 -0.593645 0.544330 1.436182 0.150467 -1.087676 -0.707840 -0.205390
hsa2893 -0.154064 0.472804 -0.768218 0.812398 0.136974 -0.478311 -0.615161 -1.362934 0.620072 0.073800 -1.052279 0.105908 0.736066 -0.264098 -0.523329 0.780269
hsa9127 -0.119099 0.540371 -0.289864 -1.609083 -0.154648 1.866171 -1.515471 -0.468697 -0.605472 -1.207232 -1.647714 -1.403655 -0.280810 -0.458186 -0.332756 0.798476
D01108 0.086181 1.010192 -0.497407 0.236662 0.242815 -0.061745 -0.545123 -0.154660 -0.367158 -0.899084 -0.716909 -0.280048 1.267400 0.269333 0.029287 -1.288549
D00593 -0.536252 0.964548 -1.123121 0.493324 0.007426 1.090894 -1.159069 -0.590523 -0.673730 -0.556169 0.002039 0.053385 -0.581214 -1.604506 0.585203 0.340543
D00760 0.625039 0.699021 0.970482 0.927899 -1.473602 0.487709 -0.375335 -0.406394 -0.500870 -0.163494 -0.282551 -0.291643 0.051187 -0.132141 -0.566537 -1.437494
D00708 -0.178380 -0.533849 0.056999 0.204269 0.733639 0.244832 0.076430 -1.559794 0.085622 -0.237714 0.030046 0.432544 -0.925886 -0.638383 -0.220840 -1.594568
D04790 -0.221923 -0.415585 0.107520 0.137480 -0.257237 0.074337 -0.765103 -1.756056 -0.136272 1.452680 -1.165375 -0.433443 -0.934903 -0.740538 0.534901 0.639596
hsa8001 0.100830 -0.184204 -0.235317 0.899951 -0.399955 1.607174 0.255950 -0.295366 0.914390 -0.875457 -0.625458 0.086674 0.988166 -0.784009 -0.966392 -0.279849
D03450 -0.046741 0.734239 0.783852 -0.099709 -0.347864 0.903614 -0.680000 -0.489063 -0.250632 0.622028 -0.836971 -0.428235 -0.118434 -0.846861 0.987392 0.449827
D00553 0.770033 -0.377535 -0.615897 -0.394170 0.461340 0.607948 0.374991 -1.386562 -0.408935 -0.695771 -0.745845 0.523643 -0.294550 -0.038272 -0.203742 -0.596573
hsa51305 0.343909 1.125933 -0.005913 -0.065220 0.954641 -0.211341 -0.318767 -0.694741 -1.041703 0.048559 -0.954011 -0.291064 0.335062 -0.062076 -0.278524 -0.240146
D02237 0.267396 1.099341 -0.046015 0.003846 -0.784922 0.474105 -0.628661 -0.274098 -0.365583 -0.376292 -1.072349 0.565858 -1.003033 -1.566912 0.858564 -0.246724
hsa5027 -0.224944 0.660118 0.057409 -1.208307 -0.058065 1.864523 -1.329126 -0.173195 -0.651459 -1.115549 -1.595851 -1.057772 -0.413369 -0.296609 -0.781400 0.795444
hsa169522 0.032494 0.873736 -0.394273 0.120588 0.955824 -0.289177 -1.101055 -0.785345 -0.276619 0.293538 -0.241359 -0.679300 0.109948 -0.423248 -0.422266 0.065969
D00647 0.541592 0.136330 -0.699748 1.328895 0.218562 -0.182703 -0.342368 0.385326 -1.073856 -0.169007 -1.088713 -0.443128 0.662012 -0.646289 -0.094387 -0.363208
hsa56479 -0.232936 0.361805 -0.342188 0.110023 1.254580 0.245807 -1.002076 -0.568342 -0.320074 0.734623 -0.495700 -0.235698 0.570025 -0.592397 -0.545306 0.220939
D02485 0.868657 -0.683438 0.030220 1.513973 0.590554 0.170157 -0.715785 -0.395265 -0.910035 0.332136 -0.232306 -1.098732 0.342306 -0.415394 0.230979 -0.294402
D06106 -0.456049 0.110899 0.050814 1.257365 -0.739258 0.380076 -0.130934 -0.815165 0.948116 -0.592331 -0.448938 -1.264621 -0.541464 -0.621523 -0.592098 -0.872327
D01350 -0.078104 1.100372 0.385766 -0.061326 -0.495767 0.743684 -0.780118 -0.141293 -0.608157 -0.541250 -1.110280 -0.199438 -0.432350 0.122979 0.839798 -0.142376
D00761 0.517870 0.871607 1.013957 0.686908 -1.218715 0.419458 -0.205766 -0.365403 -0.581145 -0.222665 -0.329363 -0.325459 0.173405 -0.245744 -0.502789 -1.505257
hsa23704 0.492560 0.803344 -0.349955 0.099182 0.770672 -0.416988 -1.134800 -0.653261 -0.430833 -0.199546 -0.289967 -0.373582 0.373029 -0.311355 -0.301635 0.194493
hsa10008 0.246899 0.591400 -0.417446 0.228240 0.969403 -0.266235 -0.877922 -0.804457 -0.462343 -0.527169 -0.519362 -0.304084 0.342329 -0.098014 -0.114670 0.513613
hsa11280 0.272158 -0.096141 -0.211071 -0.476774 0.761816 1.494201 -0.692870 -0.564168 0.388833 0.346406 -0.283749 0.538724 -0.267407 -0.144028 0.272826 -1.054039
D00345 0.625691 -0.177798 -0.339127 -0.653692 0.635826 -0.284964 -0.907731 -0.036461 -0.016534 -0.863549 -0.479509 -0.271456 -0.041534 -1.613726 -0.669751 -0.291776
hsa1144 -0.057877 0.219407 0.883594 0.206830 -0.684589 1.277010 -0.193297 -0.568140 -0.314952 0.482334 -1.158230 -0.380296 -1.083863 -0.236505 -1.536029 -0.879580
hsa1140 0.030037 0.250349 0.393249 0.184533 -0.507313 1.519076 0.157975 -0.817062 -0.349840 0.446185 -0.913860 -0.630950 -1.298823 -0.008948 -1.517581 -1.074780
hsa3785 -0.505804 0.256846 -0.407669 0.311781 1.210896 0.204005 -1.080481 -0.799985 -0.363506 0.476163 -0.267323 -0.132340 0.476719 -0.416958 -0.847851 0.298158
D00759 0.804293 0.805379 1.017485 0.859929 -1.431146 0.612948 -0.072059 -0.757576 -0.514246 -0.070314 -0.250044 -0.206960 -0.001496 -0.568333 -0.432522 -1.449141
hsa50801 0.239697 0.731665 -0.207758 0.318866 0.568627 -0.686201 -0.522963 -1.483008 -1.419385 0.240237 -0.640068 -0.051473 0.152399 -0.184395 -0.122187 0.007616
hsa8514 0.713811 0.700384 -0.108514 0.180922 0.982079 -0.219175 -1.279120 -0.870605 0.129963 -0.284631 -0.175792 -0.640794 0.353552 -0.025213 -0.096287 0.423195
hsa9992 0.346013 0.490615 -0.581873 -0.042520 0.904545 -0.173415 -1.197413 -0.632672 -0.271657 -0.254571 -0.252420 -0.455783 0.393099 -0.328338 -0.173076 0.352198
hsa7881 0.505791 0.787654 -0.125656 0.167507 1.016053 -0.173879 -1.176197 -0.750869 -0.341142 -0.318711 -0.183314 -0.680562 0.554363 -0.087268 -0.156898 0.304321
D00504 -0.016885 0.066565 -1.408151 -0.245652 -0.034959 0.908127 -0.071545 -0.887137 -0.617357 -0.337173 -0.347839 0.726245 -0.395715 -0.752621 0.313112 -0.948929
hsa3749 -0.038759 0.700205 0.004112 0.523393 0.989820 0.335523 -0.753357 -1.274184 -0.118890 0.019082 -0.067679 -0.265602 0.417439 0.210668 -0.743377 0.671333
D02362 0.175536 -0.709683 0.005209 0.179592 0.010231 0.710424 -0.377955 -0.309573 0.008521 0.066496 -0.546736 -0.314225 0.418956 -1.798737 1.047835 -1.062831
D01828 0.716020 0.367348 -1.384573 0.204904 0.040495 0.857700 -0.090538 -0.582948 -0.013931 -1.133658 -0.096208 -0.953445 -0.226222 -0.492938 0.632983 0.506010
D00392 -0.489546 0.092132 -0.290000 0.523689 -0.176579 0.747719 -0.683275 -0.506308 0.467922 -0.620450 -0.429795 -2.010621 -0.442148 0.674476 -0.281066 -0.903433
hsa3779 0.332296 0.909167 -0.075792 0.523240 0.821892 -0.109400 -0.881074 -0.920446 -0.724432 0.065104 -0.604451 -0.126654 0.434817 0.060366 -0.625395 0.713104
hsa41 0.126676 -0.242166 -1.106896 0.205007 0.102963 0.232013 -1.873303 0.237277 0.145244 -0.272735 -0.718383 -0.490980 -0.021402 0.469456 -0.464986 -1.039211
D01575 1.034147 -0.084738 1.166093 1.230713 0.359808 0.287534 -1.288184 -0.037339 -0.219920 0.267611 -0.606691 0.255565 -0.054431 -0.642020 -0.707507 -0.209335
D01603 0.440392 0.022507 -0.655849 0.688540 0.196922 0.159263 -0.482124 0.269150 -0.808101 -0.551290 -1.251692 1.019985 0.154982 -0.969646 -0.058983 -0.977727
hsa27094 0.054390 0.957184 0.042224 0.288571 0.978949 0.184546 -0.723571 -0.652953 -0.343590 0.184486 -0.726506 -0.040136 0.765281 -0.421210 -0.234360 0.702531
hsa27345 0.325862 0.876613 -0.329234 0.535405 1.119512 0.133152 -0.838857 -0.635039 0.018195 0.460929 -0.662187 -0.318435 0.341615 -0.040381 -0.296638 0.492107
hsa40 0.230617 -0.238827 -1.068757 0.162160 0.273943 0.293065 -1.822886 0.013579 0.481083 -0.232648 -0.785735 -0.583431 -0.040616 0.587213 -0.766338 -0.772133
hsa90134 0.446575 0.384848 -0.753424 0.547845 0.001680 -0.496311 -1.107256 -0.710030 -1.223276 0.338155 -0.348548 -0.631374 0.936174 -0.009567 -0.610720 0.184410
D00771 0.476936 0.361356 -0.776353 0.054233 0.610632 0.025324 -0.347735 -0.114007 0.667901 0.612843 -1.298652 -0.152978 0.825476 -0.932190 0.104147 -0.469560
D00964 -0.912347 -0.024528 0.985600 0.328045 -0.874477 0.666427 -0.618718 -0.594574 -0.434697 -0.678186 -0.606823 -0.273566 -0.489616 0.250382 -1.071823 -0.576972
D00963 -0.841639 -0.029062 0.462050 0.358821 -1.141745 0.915521 -0.633367 -0.769053 0.668257 0.265951 -0.299675 -0.801551 -0.502275 -0.292047 -0.591371 -1.648724
hsa60598 0.217813 1.288034 0.033499 0.241773 1.110007 -0.194910 -0.090345 -1.074874 -1.207320 -0.071048 -0.704476 -0.275164 0.114824 0.171133 -0.325239 -0.539053
D00607 0.381568 1.019028 -0.097536 0.267706 -0.735576 0.369155 -0.164848 -0.366147 -0.503423 -0.204937 -1.443522 0.682423 -0.833429 -1.240357 1.105781 -0.429360
hsa2895 0.324021 0.204158 -0.693235 0.406820 -0.037118 0.320993 -0.875565 -1.130323 1.319277 0.226357 -1.440488 0.913247 0.440504 0.096291 0.109866 0.395375
D00274 -0.403412 -0.350969 -1.013268 0.726667 -0.737620 0.516242 -1.547480 -0.365255 -1.343275 -0.688967 0.295749 -1.022735 0.325487 -0.992890 0.225536 0.204736
hsa89822 0.206790 0.869070 -0.184121 -0.063742 0.731323 -0.430182 -0.599289 -1.181838 -1.088035 0.119448 -0.638171 0.038334 -0.054647 0.276324 -0.418247 -0.447417
D00495 -0.639006 -0.067212 -0.281260 0.379015 -0.152891 0.331137 -0.438601 -0.740798 0.464538 -0.512588 -0.494835 -2.023115 0.020041 0.509884 -0.221907 -0.942992
D01071 -0.680403 0.273318 -0.053002 0.662592 -0.484837 0.227922 -0.224016 -0.644822 0.813923 -0.675142 -0.376848 -1.261026 -0.404760 -0.371711 -0.855244 -1.261645
D00765 0.288031 0.838263 0.758218 0.334987 -1.070274 1.116396 -0.468974 -0.877307 0.794931 0.283125 -0.104715 0.030327 -0.546039 -0.449066 -0.316253 -1.693163
D02347 -1.217501 -1.121489 0.269232 0.683271 0.545289 0.923829 -0.206188 -1.520047 0.358771 -0.093967 -0.065153 -0.559354 -0.918774 -1.223965 -0.563617 0.073747
hsa56660 -0.511656 0.626956 -0.133464 0.364520 0.897242 -0.206467 0.575392 -1.094916 -0.567138 -0.129291 -1.243094 -0.967878 0.404383 0.145677 0.018309 -0.430841
hsa57657 0.375292 0.686073 -0.306960 0.154389 0.669180 -0.169316 -0.696421 -0.802438 -0.634205 0.018258 -0.618880 -0.496325 0.813518 -0.131810 -0.116078 0.444613
hsa10060 0.305030 0.945268 -0.952608 0.419421 0.639252 0.723337 -0.984040 -0.448139 0.037901 -0.531802 0.057631 -0.901357 0.331122 -0.026451 0.133083 0.660017
D00697 0.629596 0.017366 -0.247750 -0.128612 0.531455 1.091015 0.424313 -1.047825 0.785730 -1.176032 -0.127913 -0.908048 0.176707 -1.315599 0.378516 0.339173
hsa22953 -0.093232 0.646407 0.123795 -1.932520 -0.296163 1.736235 -1.535106 -0.541051 -0.747024 -1.234475 -1.731178 -1.912207 -0.471181 -1.016843 -0.415772 0.565851
D00704 -0.311987 -0.346928 -0.419213 0.993124 0.237100 0.429840 0.650512 -0.496031 0.787888 -0.078950 -1.432125 -0.553259 0.115072 -0.292014 -0.921798 -0.601704
hsa23630 0.615467 0.901997 -0.495037 -0.157029 0.878976 -0.160027 -1.218605 -0.365173 -0.606769 -0.841212 -0.392128 -0.721120 0.031301 -0.275294 -0.181136 0.299962
hsa57192 0.062839 -0.826842 -1.655730 -0.073188 0.653932 0.572166 -1.795617 -0.157042 0.127762 -1.265640 -0.248654 -1.242263 0.116200 -0.073962 -0.473008 -0.393021
hsa1181 -0.107623 -0.167313 0.022244 0.319048 0.011763 -0.366297 -0.748325 -2.015331 -0.371631 1.492023 -1.369327 -0.647396 -1.082569 -0.951492 1.068441 0.265602
D01242 1.513582 -0.738686 0.881569 0.174447 -0.076048 0.447553 -1.378718 -0.290378 -0.229313 -0.154679 -0.346619 0.625631 0.284516 -1.198433 -0.389263 -0.524052
D00960 -0.114795 -0.645186 0.468682 0.194916 -1.016128 0.391424 -0.672633 -0.916891 0.094256 -1.519008 -0.905645 0.025189 -0.578518 0.504075 -0.801194 -0.484684
hsa7225 0.063708 -0.562986 -1.791654 -0.161560 0.637230 0.432287 -1.771866 -0.265941 0.487577 -0.333977 -0.415546 -1.078273 -0.147162 -0.043310 -0.242040 -0.694264
