D02356 0.186435 1.150446 -0.113105 -0.007993 0.298244 0.246405 -0.251144 -0.713629 0.019416 0.005681 -0.387674 -0.370903 0.292069 -0.363316 -0.080773 -0.138503
D00294 0.598448 0.970953 -0.458804 -0.130847 0.658468 -0.248709 -0.483273 -0.755815 0.063114 0.159261 -0.311979 -0.314449 0.167879 -0.746363 -0.159428 0.144139
D00332 -0.348364 0.623233 0.102751 -0.020350 -0.119520 0.635359 -0.474981 -0.526508 -0.083920 -0.426523 -1.258820 -0.231989 -0.068345 -0.110662 0.377420 -0.481042
D00512 -0.418678 0.590824 0.217666 -0.114148 -0.045179 0.348952 -0.109004 -0.578270 0.082929 -0.614401 -0.991027 -0.362690 -0.071506 0.025759 -0.082404 -0.483149
hsa2554 -0.436111 -0.512649 -0.877493 0.771116 -0.538338 -0.255489 0.164293 -0.389802 0.378510 -0.247707 -0.855606 -0.760708 -0.456248 -0.386023 -0.960819 -0.227909
hsa6331 -0.039635 0.122867 0.458547 -0.226256 0.058695 0.104361 -0.091869 -1.300110 0.043553 0.095656 -0.393583 -0.118639 -0.285844 0.051201 -0.449023 -0.433408
hsa6328 0.133512 0.117130 0.447945 -0.293835 0.018841 0.264949 0.087230 -1.343849 -0.276243 0.146243 -0.448051 -0.160397 -0.496406 0.029910 -0.215927 -0.361117
D00618 -0.322927 0.840319 -0.090013 0.033210 0.029824 0.671900 -0.378512 -0.193377 -0.210030 -0.549862 -1.182284 -0.885532 0.116837 -0.124327 -0.211998 -0.331335
D00560 -0.405485 0.610164 -0.129354 0.182579 -0.043542 0.413764 -0.401069 -0.409328 -0.435038 -0.491116 -1.151557 -1.168409 0.248071 -0.119529 0.241106 -0.197658
D00542 0.058242 0.526141 -0.752255 0.230114 0.134228 0.125765 -0.321345 0.018242 0.003244 -0.673424 -1.270253 -0.662962 -0.146211 -0.076865 -0.291615 -0.618963
D00629 -0.310312 0.869247 -0.196296 0.007244 -0.034458 0.675192 -0.379047 -0.329127 -0.266633 -0.493181 -1.059817 -0.995676 0.044607 -0.002052 0.027384 -0.380257
hsa6329 0.174103 0.062778 0.026714 -0.511541 0.014391 0.249391 0.028554 -1.450680 -0.045489 0.252233 -0.538895 0.028281 -0.596479 -0.013091 -0.104265 -0.334141
D01295 -0.319504 0.800613 -0.101044 0.025872 0.026690 0.548816 -0.352668 -0.275411 -0.284242 -0.434961 -1.273215 -1.048645 0.111355 -0.060332 0.200021 -0.173600
hsa6335 0.277229 -0.050301 0.197184 -0.273315 0.030156 0.306175 -0.003689 -1.482291 -0.280927 0.431715 -0.334620 -0.215898 -0.744662 0.132985 -0.379267 -0.382293
hsa6323 -0.071715 -0.102685 0.144429 -0.261240 -0.097132 0.040333 0.124800 -1.368048 -0.293076 0.357648 -0.450056 -0.368329 -0.570638 0.206066 -0.468102 -0.354464
D00775 0.063407 -0.004763 -0.367348 -0.384212 -0.269112 -0.045716 -0.776436 -0.981602 0.448185 0.180665 -1.187271 0.585133 -0.035622 -0.418910 0.385132 -0.849004
D00437 -0.250086 0.876497 0.039162 0.075274 -0.025437 0.649573 -0.367919 -0.196503 -0.203969 -0.393770 -1.137482 -0.991122 0.141536 -0.070877 -0.078983 -0.618556
hsa6326 0.151147 -0.115138 0.173599 -0.256831 -0.087871 0.318248 0.103900 -1.553671 -0.290837 0.299128 -0.236147 -0.251768 -0.667278 0.045676 -0.194537 -0.265349
D00499 0.205055 -0.013027 -0.454818 0.773626 -1.025238 0.122242 0.532208 -0.137651 0.818199 0.041902 -0.744202 -0.629549 -0.855886 -0.859904 -0.470972 0.034689
hsa1135 0.263410 0.266206 0.419016 0.148495 -1.195275 0.128161 0.379542 -0.263009 0.190122 0.819211 -0.014630 -0.892502 -0.809087 -1.186506 -0.330612 -0.439230
D00293 -0.209023 -0.500854 -0.350827 0.451219 -0.336712 -0.141610 0.085366 -0.251971 0.962715 -0.773125 -0.588180 -0.784283 -0.671347 -0.889209 -0.920675 -0.160810
hsa6334 0.126092 -0.135807 0.079634 -0.303705 0.039422 0.288677 -0.019154 -1.649951 -0.200206 0.347539 -0.237947 -0.275033 -0.740304 0.120820 -0.449401 -0.042752
hsa6336 0.146132 0.129203 0.641881 -0.307112 -0.242844 0.227803 -0.581076 -1.135667 0.152466 0.126525 -0.417250 -0.004725 -0.718168 0.146888 -0.044007 -0.631975
hsa775 0.055374 0.770237 -0.054334 0.260471 0.058960 1.080949 -0.270740 -0.130653 -0.049639 -0.041560 -0.818739 -0.904171 0.492807 -0.246731 -0.510604 -0.621318
D00545 0.145471 -0.355830 -0.945927 0.445958 -0.064119 -0.231848 -0.038411 -0.155413 0.910523 -0.331195 -0.941055 -0.682472 -0.549407 -0.801336 -0.438857 -0.334573
D02207 0.376603 -0.060550 -0.300504 0.216541 -0.911346 -0.395154 0.529473 -0.295016 -0.063741 0.364978 -0.224333 -0.801252 -0.270879 -1.304467 -0.465322 -0.036136
D00547 0.496750 -0.580928 -0.622664 0.525733 -0.295844 0.044677 0.148566 -0.152718 0.767123 -0.375827 -0.888104 -0.722612 -0.681175 -0.844280 -0.646820 -0.379970
hsa2556 0.399570 -0.660579 -0.481204 0.480448 -0.491159 -0.493983 -0.113069 -0.368769 0.648503 -0.123382 -0.749291 -0.758167 -0.619084 -0.781257 -0.551628 0.159174
D00538 0.139795 0.439153 0.149651 -0.223498 -0.546111 0.122636 -0.374681 -1.037683 0.062584 -0.243826 -1.223544 0.401852 0.015189 0.059710 -0.017774 -0.241562
hsa6261 -0.643453 0.617505 0.023669 -0.565458 -0.070239 0.626695 -0.010411 -0.255054 -0.175141 -0.608422 -0.807909 -0.955834 -0.434022 -0.410126 0.049037 0.510131
hsa2555 0.399914 -0.623754 -0.614562 0.543671 -0.563909 -0.501309 -0.186427 -0.150544 0.603984 -0.187238 -0.807190 -0.911347 -0.462607 -0.991707 -0.676554 0.067435
D00549 0.528454 -0.791410 -0.356302 0.538293 -0.240137 -0.272579 0.207291 -0.571806 0.647665 -0.480947 -0.905728 -0.617874 -1.027690 -0.503011 -0.674324 -0.346425
D02272 0.710728 0.277917 0.064146 -0.224639 0.373384 -0.082629 0.397149 -1.002338 -0.475737 0.713584 -0.381119 -0.518232 -0.475012 -0.063232 -0.601982 -0.502384
D00642 0.800373 0.547646 0.015291 -0.074579 0.571950 0.004853 0.140344 -0.985438 -0.543971 0.723306 -0.459308 -0.434592 -0.400333 -0.063378 -0.351044 -0.439522
D00252 -0.115628 0.215388 0.774531 -0.261643 0.043349 0.095820 -0.230724 -1.277359 0.193240 -0.379518 -0.936189 0.294414 0.230549 -0.545997 0.278522 -0.587741
D00740 0.347338 -0.050917 0.376999 -0.867730 -0.319709 0.621813 -0.037785 -0.904186 -0.279024 -0.046399 -0.526459 -0.525449 -0.916185 0.070844 -0.217801 0.027441
hsa1136 0.583640 0.276624 0.041917 0.148592 -1.036223 0.083693 0.704709 -0.407387 0.041514 0.809217 -0.359100 -0.442472 -1.010638 -1.148541 -0.338052 -0.022386
D00552 -0.041096 0.288484 0.262052 -0.209193 -0.487800 0.049678 -0.108642 -1.253735 0.546983 -0.515432 -0.925772 0.344552 -0.435630 -0.111301 0.393774 -0.362004
hsa779 -0.254108 0.611527 0.001421 0.214478 0.415258 1.048502 -0.196808 -0.391401 0.233787 -0.056097 -0.832470 -0.967955 0.362475 -0.215758 -0.080328 -0.567550
D00329 0.168646 -0.588240 -0.196407 0.942595 -0.171487 -0.278024 0.399718 -0.413477 0.972639 -0.301037 -0.708485 -0.980686 -0.271700 -0.985043 -0.780514 -0.132016
hsa8973 0.212806 0.136266 -0.027434 0.170369 -1.123520 0.070972 0.493767 -0.401116 0.086347 0.934341 -0.226941 -0.520936 -1.083110 -1.196628 -0.354065 -0.157211
D00225 0.052359 -0.470742 -0.569389 0.644742 -0.561190 -0.427452 0.203855 -0.420517 1.035360 -0.445476 -0.713075 -0.858176 -0.749570 -1.019994 -0.693100 -0.048024
D00548 0.196393 -0.495017 -0.082932 0.302146 -0.304382 -0.053389 0.239766 -0.314762 1.031082 -0.429416 -1.063174 -0.729072 -0.831991 -0.783607 -0.387245 0.263309
hsa2558 0.230714 -0.504238 -0.628954 0.194735 -0.500125 -0.624844 -0.066438 -0.192663 0.763980 -0.127890 -0.911893 -0.757131 -0.744493 -0.860743 -0.517384 0.071819
D00726 0.371377 0.134496 0.634467 0.020173 -0.903462 0.645408 0.405288 -0.503604 0.084510 0.724579 -0.534483 0.275015 -0.818444 -0.957085 -0.540699 0.088952
hsa778 -0.274722 0.626618 -0.082836 0.341598 0.541354 0.913192 -0.203948 -0.300173 0.064019 -0.160793 -1.016403 -0.939902 0.269365 -0.248492 -0.078090 -0.489432
hsa6262 -0.059559 0.675468 0.204135 -0.633131 0.090147 0.659296 -0.089319 -0.260107 -0.319242 -0.643586 -0.911318 -0.926400 -0.642367 -0.242443 0.006610 0.380118
hsa8911 -0.030871 0.838487 -0.014669 0.281433 -0.649396 0.391971 -0.172036 -0.510791 0.032642 -0.215298 -1.023411 -0.810568 0.143378 0.309648 -0.004853 -0.034210
D00530 0.207939 -0.687527 -0.204170 0.299021 -0.348731 -0.237247 0.376847 -0.239974 0.819901 -0.348186 -1.262288 -0.801898 -0.652126 -1.058742 -0.210192 0.176073
hsa3359 -0.173256 -0.154251 0.455451 0.364583 -0.342381 0.932968 -0.433417 -0.384698 -0.345101 0.283926 -0.269129 0.476608 -0.715069 -1.758578 -0.777681 -0.036031
D00550 0.055017 -0.415097 -0.222378 0.814181 -0.281757 -0.562413 0.054793 -0.149598 1.053359 -0.390925 -1.002152 -0.647067 -0.910415 -0.978278 -0.790800 -0.060698
hsa3782 -0.036046 -0.250403 0.389131 -0.098037 0.303900 -0.284518 -0.222858 -0.940078 -0.594604 -0.279332 -0.012716 -0.692992 0.537319 -1.775156 0.072671 -0.070602
hsa8912 -0.136904 0.895547 0.006412 0.196739 -0.489826 0.352633 -0.146039 -0.591984 -0.009126 -0.273187 -1.063415 -0.703109 0.153854 0.349568 -0.101230 -0.374705
hsa8645 0.510652 0.422648 0.189090 -0.469975 0.253239 -0.105202 0.079366 -1.314007 -0.374016 0.220491 -0.198444 -0.295448 -0.586166 -0.038905 -0.354118 -0.426441
hsa2557 0.227689 -0.640501 -0.474094 0.404778 -0.700811 -0.529317 -0.036229 -0.196821 0.525876 -0.121603 -0.737401 -0.878572 -0.506469 -0.938102 -0.542560 0.026563
D00303 0.117913 -0.094983 0.549938 -0.120218 -0.152388 0.368803 -0.124308 -1.180577 0.074613 -0.153741 -1.124707 0.309447 0.012654 -0.148104 -0.075517 -0.259136
hsa2559 0.233323 -0.756227 -0.541337 0.739818 -0.391861 -0.317276 -0.006922 -0.383467 0.837268 -0.070670 -0.839920 -1.025298 -0.659118 -0.891045 -0.494687 0.150750
hsa57053 0.330919 0.246570 -0.096422 0.195287 -0.992046 0.239425 0.557461 -0.426169 0.081321 0.807192 -0.054596 -0.449516 -1.166947 -1.241233 -0.369105 -0.040011
D00711 -0.064877 -0.848585 -0.302371 0.962313 -0.863908 -0.566085 -0.847726 -0.722329 0.552173 0.303081 -0.336701 -0.881391 -0.536049 -0.632221 0.192226 -0.181468
D01450 0.210314 0.321014 0.053392 -0.249820 -0.048680 0.368724 -0.209666 -1.470158 -0.017082 0.369729 0.151570 -0.167400 -0.562919 0.016261 -0.447784 -0.284224
hsa8913 -0.127274 0.837124 -0.084868 0.478119 -0.446392 0.196316 -0.062980 -0.597066 0.097521 -0.256167 -1.461885 -0.516220 0.144086 0.262323 0.177687 -0.002427
hsa3758 -0.259182 1.247676 -0.498305 0.526507 0.562820 0.526144 -1.127005 -1.000685 -0.385654 -0.073886 0.151896 0.137653 -0.920635 -0.645716 -0.412195 0.417162
D00638 0.114548 -0.037071 -0.118162 -0.314298 0.682091 0.439906 -0.024013 -1.369099 0.297998 0.490081 -0.204398 -0.652472 -0.016573 0.045658 -0.522297 -0.289752
hsa773 0.054530 0.871371 0.226992 0.301976 0.134311 0.664178 -0.479859 -0.147440 -0.089404 -0.234556 -1.128196 -0.944264 0.175779 0.019896 -0.202590 -0.581709
hsa6263 -0.279115 0.656127 0.228215 -0.771038 -0.062548 0.623997 -0.270105 -0.314419 -0.301410 -0.672884 -0.796444 -0.849878 -0.630037 -0.314484 0.129744 0.313622
hsa3736 0.508316 -0.092740 -0.885527 0.232693 0.784146 0.399785 0.045191 -0.612358 0.697483 0.166382 -0.519782 -0.801826 0.015888 -0.297088 -0.432467 -0.395790
D00528 -0.285253 0.731722 0.015077 -1.326386 -0.043284 0.900870 -0.561088 0.013520 -0.161969 -0.256714 -1.329975 -1.009372 -0.823788 -0.753365 -0.437622 1.100320
D00738 0.281007 -0.128415 0.164277 -0.070833 -0.305995 0.223320 0.005319 -1.467600 -0.262303 0.248166 0.011771 -0.143896 -0.728379 -0.188367 -0.052358 -0.366355
hsa55584 0.150789 0.370409 0.156396 0.156736 -1.098079 0.057945 0.498435 -0.401187 -0.025750 0.838799 -0.068052 -0.577924 -1.177390 -1.340525 -0.220196 -0.245496
hsa6530 -0.856737 0.060177 1.123785 0.379274 -0.028643 -0.727329 -0.655519 -0.637307 -0.173764 -0.384717 -0.276548 0.048874 -1.261911 -1.368694 -0.132097 -0.445755
D00735 0.096759 0.126631 0.401230 0.045930 -0.229780 0.184381 -0.183327 -1.380488 -0.217991 0.738464 -0.135496 -0.465174 -0.706344 0.174036 -0.107490 -0.276859
D05453 0.069304 0.555726 0.200669 0.479380 -0.746672 -0.481112 0.317662 -0.430422 0.079714 0.997917 -0.095182 -0.766183 -1.137944 -0.874173 0.056013 -0.023390
D03991 0.008849 -0.303258 0.236037 0.465830 0.010956 0.490638 -0.423383 -1.477895 -0.712929 0.200329 0.052604 -0.282259 -0.288027 -0.273038 -0.232248 0.011944
D00649 0.116722 0.513478 0.180352 0.538809 -0.313359 0.411457 -0.096333 -1.318307 0.142617 -0.055207 -1.477079 0.677137 -0.101578 -0.266617 0.743821 0.154335
hsa776 -0.460989 0.659766 0.026835 0.170212 0.270253 0.685321 -0.242469 -0.206433 -0.183320 -0.163559 -1.136518 -0.768547 0.272748 -0.205433 -0.192929 -0.736954
hsa3778 0.113978 0.840573 -0.727471 -0.371711 -0.209912 -0.628803 -1.047518 -0.089208 -0.022452 -0.014853 -1.125872 0.209121 0.360655 -0.779620 -1.189204 -0.494876
hsa2560 0.103766 -0.337206 -0.304504 0.559324 -0.260221 -0.187025 0.388702 -0.155082 1.068159 -0.442340 -0.850267 -0.786304 -0.916663 -0.943730 -0.612674 -0.153572
D03878 -0.288743 -0.517939 0.058131 0.780793 -0.420238 -0.026622 -1.389229 -1.008382 0.753507 0.319506 0.001981 -0.736128 0.462716 -1.219338 0.458970 -0.263904
hsa1134 0.477602 0.152895 0.266542 0.179268 -1.080033 -0.005490 0.688149 -0.514396 -0.294690 0.780962 -0.196917 -0.692183 -0.946354 -1.326719 -0.214871 -0.131496
D03580 0.324795 0.434973 0.111746 0.104785 -0.676189 -0.188791 0.850059 -0.227404 -0.316156 0.926111 -0.292020 -0.887286 -1.159469 -1.083968 -0.395335 -0.248076
hsa3741 0.202417 0.221192 -0.258951 0.068120 1.115486 0.462616 0.233476 -0.841093 0.121878 0.669498 -0.328404 -0.469794 -0.152680 -0.313700 -0.739000 -0.302285
hsa2741 0.497285 -0.588217 -0.941719 0.311810 -0.085525 0.442194 -0.404421 0.076018 0.341985 -0.674560 -0.846234 -0.442748 -0.806669 -0.864299 -0.411911 -0.691982
hsa2566 0.124826 -0.344055 -0.365701 0.757254 -0.416598 -0.223813 0.339302 -0.293770 1.067358 -0.349722 -0.806823 -0.760326 -0.876002 -0.837998 -0.705520 0.169541
hsa3781 -0.247165 0.087907 -0.023446 0.228136 0.029152 -0.219595 0.162312 -0.754374 -0.573900 -0.128549 0.030273 -0.831549 0.549801 -1.524708 0.020606 0.335525
hsa1137 0.281159 0.443249 -0.178692 0.215079 -1.179494 -0.153286 0.545955 -0.350882 0.107524 0.627182 0.013023 -0.809169 -1.173809 -1.132089 -0.209430 -0.196381
hsa3763 -0.192508 0.389619 -0.177173 0.322249 -0.025868 0.053944 -0.875879 -1.269190 0.265175 -0.069522 0.818812 -0.656400 0.381812 -0.842885 -0.231927 -0.225509
hsa3757 0.750797 0.527698 -0.078094 0.536603 -0.087570 -0.245958 -1.068389 -0.752067 -1.002364 0.302946 -0.599760 -0.928186 0.438000 -0.353760 -0.029970 0.467736
hsa2561 0.167645 -0.461368 -0.187101 0.736327 -0.264164 -0.151104 0.403800 -0.212695 1.134594 -0.402750 -0.940661 -0.773092 -0.787621 -1.064340 -0.506636 -0.072197
hsa781 -0.136760 0.784260 -0.269413 0.297574 -0.103008 0.636891 -0.445137 -0.418914 -0.552539 -0.434014 -1.115962 -0.524240 0.347462 -0.062436 -0.314875 -0.443602
D00732 0.146912 0.068670 0.469662 -0.531194 -0.332280 0.536542 -0.023083 -1.359831 -0.128272 0.376309 -0.352888 -0.226473 -0.715893 0.077705 -0.203499 -0.241964
D04048 -0.009071 0.199466 0.046784 -0.243394 -0.263976 0.105776 -0.023128 -1.496615 -0.236573 0.430121 -0.255356 -0.144139 -0.707764 0.212965 -0.272772 -0.452078
D00648 0.714380 0.889310 -0.468506 1.001322 0.126236 0.327183 -0.702483 -0.581313 -0.802664 -0.476042 -0.641107 -0.545965 0.504947 -0.158455 -0.756287 -0.113895
D00741 0.121806 -0.006684 0.401326 -0.529976 -0.150821 0.335581 -0.130589 -1.420968 0.069434 0.360604 -0.321597 -0.186040 -0.631518 0.071399 -0.216338 -0.147762
D02088 0.156019 -0.195631 0.063178 0.076592 0.035941 -0.005217 0.315453 -1.739684 -0.353166 -0.189875 -0.510400 -0.038384 -1.181620 0.190531 -0.322168 -0.231979
D00640 0.211788 -0.284711 0.662007 -0.004429 0.366850 0.183922 0.110553 -1.398775 -0.214788 0.384297 -0.360157 -0.049886 -0.257141 -0.373117 -0.385460 -0.438671
hsa786 -0.067507 0.779749 -0.333078 0.167896 -0.114627 0.593629 -0.438991 -0.250335 -0.466594 -0.485680 -1.137001 -0.600052 0.347933 -0.216944 -0.218243 -0.338323
D02087 -0.644637 -0.288046 0.086650 -0.522316 0.461880 0.151212 -0.039472 -1.627775 -0.412079 0.255912 0.113721 -0.457936 -0.576382 -0.423729 -0.471144 -0.142256
D00349 -0.600383 0.772038 -0.215392 0.357553 -0.085971 0.917523 -0.240791 -0.421071 -0.217173 -0.184867 -0.993756 -0.845678 0.421061 -0.076892 -0.252804 -0.616933
hsa3743 0.897797 0.596572 0.054197 0.048785 0.593448 0.217423 -0.015299 -0.979696 0.397948 0.510173 -0.125484 -0.861528 0.220144 -0.179034 -0.550286 -0.273435
hsa1139 0.519094 0.598391 0.086842 -0.015969 -1.235972 -0.294082 0.611791 -0.407722 -0.213016 0.669691 -0.067132 -0.797117 -1.145695 -1.271365 -0.198072 -0.320946
hsa93589 -0.620700 0.912809 -0.158322 -0.031834 -0.192824 0.774320 -0.357088 -0.382809 -0.378817 -0.287212 -0.937454 -0.727728 0.340595 -0.177455 -0.108080 -0.459758
hsa2569 0.212241 -0.531907 -0.378045 0.618879 -0.442234 -0.100090 0.385074 -0.336618 0.964563 -0.628828 -0.936845 -0.825186 -0.757399 -0.958375 -0.552965 0.016503
D02173 0.327874 0.164569 -0.007832 0.267004 -1.282856 0.351948 0.270314 -0.379588 -0.362465 0.513914 0.049290 -0.673144 -1.141474 -1.187748 -0.187569 -0.351887
hsa285242 0.117868 -0.399425 0.369845 0.295199 -0.410739 0.823804 -0.376092 -0.437301 -0.693888 0.322322 -0.476561 0.497397 -0.868433 -1.592727 -0.994411 -0.069344
hsa783 -0.598972 0.873093 -0.295795 0.077990 0.037172 0.491039 -0.370827 -0.283162 -0.274771 -0.367919 -1.089038 -0.798080 0.112870 -0.109255 -0.067488 -0.597340
D01287 -0.019680 0.313856 0.135287 -0.366107 -0.347052 0.197592 0.188848 -1.531660 -0.367563 0.353063 -0.000760 -0.256336 -0.768241 -0.022608 -0.312674 -0.483404
D02086 0.103564 0.098952 0.314620 -0.327218 -0.024251 -0.109662 -0.046668 -1.515617 -0.238971 0.111818 -0.292227 -0.105728 -0.797004 0.122489 -0.541037 -0.462815
hsa782 -0.134517 0.852678 -0.158074 0.215001 0.055625 0.534124 -0.367180 -0.267699 -0.286576 -0.781840 -1.116133 -0.669525 0.127212 -0.045273 -0.306912 -0.373459
D01243 0.279693 -0.001080 0.162353 -0.236880 0.198104 0.093857 0.242977 -1.488873 -0.308813 -0.022802 -0.412560 0.189734 -0.756999 -0.155477 -0.540567 -0.614692
D00799 -0.603873 -0.439593 0.109687 -0.350094 0.250488 -0.176551 -0.300593 -1.180250 -0.488274 0.064534 0.350128 -1.070922 0.087058 -1.131211 -0.803687 0.374257
hsa2567 0.162102 -0.544470 -0.514076 0.492991 -0.231387 -0.271963 0.296349 -0.303440 0.966161 -0.386283 -0.975729 -0.714113 -1.010881 -0.910966 -0.573534 0.025863
hsa2563 0.358431 -0.526544 -0.433117 0.529842 -0.298627 -0.110965 0.444354 -0.374433 1.076856 -0.541182 -0.919803 -0.712300 -1.012945 -0.974894 -0.645014 -0.196863
D03365 -0.430557 0.230339 0.323652 0.331005 -0.774641 0.547549 0.214443 -0.479939 0.323121 0.940172 0.024873 0.026384 -1.284966 -1.350031 -0.149553 -0.191273
hsa785 -0.348917 0.839605 -0.119207 -0.063514 0.008361 0.365851 -0.347358 -0.279641 -0.199662 -0.589553 -0.979096 -0.848524 0.112353 -0.187035 0.016008 -0.506219
D02101 0.486832 0.237241 -0.105735 0.158853 -1.257250 -0.277755 0.525836 -0.359726 -0.104577 0.861749 -0.259266 -0.787294 -1.115172 -1.314542 -0.244196 -0.233035
hsa9311 -0.024456 0.322488 0.243347 -0.023730 -0.083716 0.376783 -0.310384 -1.148019 0.194071 -0.349217 -1.299559 0.470706 0.069023 -0.287804 0.424800 -0.191238
D00195 0.328389 0.227522 -0.001851 0.282732 -1.293508 -0.130077 0.318229 -0.269947 -0.350896 0.916250 -0.154298 -0.786914 -1.075952 -1.422247 -0.194595 -0.289736
D00477 0.163675 -0.066967 0.462280 -0.516810 -0.309905 0.413395 0.090643 -1.337782 -0.189167 0.553872 -0.479950 -0.108465 -0.636017 -0.014972 -0.572406 -0.155819
D03830 0.194860 -0.024006 -0.305181 0.797322 0.755429 0.790714 -0.040048 -0.475158 0.493215 0.393041 -0.671301 -1.071324 0.506759 -0.314584 -0.293962 -0.295816
D02098 0.249049 -0.035225 0.540618 -0.597710 -0.409979 0.266346 -0.176856 -1.304183 -0.047189 0.317993 -0.422004 -0.399046 -0.805107 0.272611 -0.298170 -0.274032
D02041 0.443088 -0.700289 0.074661 0.590929 -0.126921 0.838340 -0.615080 -0.085366 -0.289339 -0.349822 -0.491055 0.251115 -1.335815 -1.418824 -0.639566 -0.474669
hsa1141 -0.467587 0.036255 0.392884 0.386000 -1.175137 0.813600 0.719636 -0.397658 0.718186 0.675089 -0.709669 -0.239667 -0.977932 -0.928896 -0.402424 0.011310
hsa2890 0.061934 -0.110178 -1.498734 0.050778 0.184195 -0.040241 -0.336603 -0.463481 0.615319 -0.098598 -1.200833 -0.014468 -0.316960 -0.638081 0.321327 -0.738354
hsa3737 0.597325 0.405255 -0.448423 0.220909 0.913307 0.416619 -0.045444 -0.862421 0.622260 0.476198 -0.336039 -0.811395 0.179499 -0.259530 -0.299347 -0.337865
hsa2564 0.233960 -0.357270 -0.333239 0.550236 -0.349644 -0.317530 0.216116 -0.300102 1.276452 -0.356817 -0.969104 -0.758720 -0.933406 -0.958881 -0.607723 0.183829
hsa3738 0.637903 0.502055 -0.154715 0.703272 0.934062 0.364404 0.271149 -0.641612 0.275184 0.789838 -0.335656 -1.004840 -0.128282 -0.208391 -0.380914 -0.450201
D00739 -0.162905 -0.279696 0.269950 -0.341555 -0.227331 0.108611 -0.278229 -1.531939 0.115419 0.854461 -0.249068 -0.483365 -0.441634 0.059326 0.034744 -0.236410
D00639 0.109142 -0.317111 0.173800 -0.177962 0.113570 0.078595 0.245919 -1.482666 -0.113150 -0.172460 -0.462801 0.007141 -0.831842 0.075178 -0.675680 -0.223590
D00524 0.152164 0.298974 0.190600 -0.099545 -1.278298 0.548736 0.641112 -0.573590 0.314328 0.828826 -0.264660 -0.468630 -1.203509 -0.768730 -0.275849 -0.071329
D00809 -0.019123 -0.232350 0.630718 0.521566 0.169214 0.063460 -0.358673 -0.804607 -0.178626 -0.047905 -0.171676 -0.282996 0.636108 -1.929949 0.111046 -0.118016
hsa55879 0.204145 -0.404102 -0.183339 0.722300 -0.308221 -0.258502 0.457989 -0.244919 1.109096 -0.332046 -0.996487 -0.710722 -0.737173 -0.895050 -0.491316 -0.182555
D00616 0.375948 -0.105915 -0.154569 0.553216 0.955573 0.814448 0.141552 -0.572609 0.503267 0.256905 -0.632062 -0.900727 0.339964 -0.384151 -0.410407 -0.407870
hsa777 0.242073 0.838072 0.093079 0.246416 -0.122226 0.368730 -0.313732 -0.203627 -0.053534 -0.462980 -1.146075 -0.812034 0.094619 0.031371 -0.041290 -0.419162
hsa6340 0.041122 0.677818 0.311123 0.053852 -0.252753 0.382663 -0.187465 -1.130182 0.083923 -0.515467 -1.144108 0.391296 0.154705 -0.269271 0.410750 -0.082795
D00136 -0.527898 -0.587268 0.219760 0.621493 -0.282011 -0.196575 -1.476239 -0.996800 -0.247022 0.569825 -0.559148 -1.114528 -0.007442 -0.136001 0.201613 0.287561
D05156 0.358637 0.732714 -0.269877 -0.533573 -0.670587 -0.201807 0.113144 -0.346128 0.347995 0.896122 0.335156 -0.567876 -1.015511 -1.206497 -0.198663 -0.097319
hsa3767 0.369199 1.165103 -0.295753 1.314585 0.184502 0.329373 -1.196800 -1.329383 -0.255238 -0.675386 0.225478 -0.050660 -0.141999 -0.662572 -0.818705 0.392673
hsa3783 0.150502 0.858286 0.275889 -0.650593 0.369339 0.181575 -0.117546 -0.220980 -0.157629 -0.585266 -0.306668 -0.804258 -0.383441 -1.398996 0.251332 0.861568
D03826 0.528790 0.476150 0.301179 0.224145 -0.803506 -0.144022 0.852492 -0.290203 -0.212696 0.998600 -0.224338 -0.950747 -0.917189 -1.246616 -0.685742 -0.367331
hsa59284 -0.366691 0.870480 -0.204053 -0.014423 0.092185 0.221372 -0.378238 -0.204001 -0.229541 -0.391306 -1.221892 -0.777702 0.072379 -0.072150 -0.060948 -0.431568
hsa9177 -0.010924 -0.207796 0.865720 0.040363 -0.489544 0.771417 -0.331171 -0.513459 -0.654123 0.497155 -0.494450 0.412057 -0.601280 -1.636812 -1.148583 0.137336
hsa51802 0.022354 0.474478 0.254877 -0.123094 -0.212969 0.413460 -0.359870 -0.912392 0.237218 -0.286254 -1.300080 0.329789 0.201663 -0.248950 0.366414 -0.276218
hsa27092 -0.205637 0.899109 -0.094190 -0.019163 0.067835 0.227650 -0.404595 -0.304429 -0.289698 -0.640609 -1.052070 -0.778360 0.091130 -0.110778 -0.045956 -0.589931
hsa55515 -0.063626 0.464748 0.315817 -0.047084 -0.145335 0.272284 -0.216079 -1.170832 0.311947 -0.297123 -1.274458 0.444470 -0.001358 -0.154289 0.353551 -0.525511
hsa6337 0.169867 0.601817 0.367171 -0.047776 -0.136668 0.178480 -0.357915 -1.084128 0.268410 -0.296076 -1.213636 0.367600 0.098772 -0.232445 0.457013 -0.273016
hsa6339 0.042353 0.739722 0.211221 -0.124314 -0.256880 0.106852 -0.449475 -1.002927 0.433806 -0.196862 -1.098681 0.484382 0.139871 -0.329052 0.430697 -0.197464
D00812 0.086172 -0.330678 1.199125 0.210418 0.153811 -0.256214 -0.595683 -0.964415 -0.069256 0.004579 -0.527005 -0.142940 0.660666 -1.656859 -0.213600 -0.033644
hsa2562 0.208135 -0.240205 -0.270828 0.580146 -0.501682 -0.221138 0.499476 -0.350912 1.261561 -0.610263 -0.771342 -0.728948 -1.007304 -1.184576 -0.683078 -0.071782
D00319 -0.356682 0.803531 0.192206 0.380001 0.398994 1.034438 -0.309203 -0.161411 0.081912 -0.222301 -0.967546 -1.023912 0.311185 -0.185361 -0.382594 -0.832016
D02409 0.069428 0.354082 0.079335 -0.388788 0.224407 0.659815 -0.093119 -0.089814 0.042978 -0.882299 -0.829645 -0.631397 -0.739391 -0.964610 0.010136 1.084444
D02204 0.403250 0.618754 -0.090760 -0.097986 -1.050676 0.284206 0.474241 -0.355317 0.242046 0.773164 0.077752 -0.814414 -0.704400 -1.173784 0.114174 -0.292683
D00358 0.243316 -0.126347 0.383567 -0.425839 0.041292 -0.189192 -0.197744 -1.653249 -0.145780 -0.074279 -0.419287 -0.247133 -0.853722 0.217625 -0.477953 -0.612175
hsa774 -0.163793 0.721867 -0.137197 0.222926 0.234452 0.506662 -0.337975 -0.282477 -0.229326 -0.274698 -1.260034 -0.832303 0.227180 -0.082627 0.057115 -0.714545
D00677 0.084946 -0.205402 0.027592 0.316330 -0.220779 1.325426 -0.185724 -0.635002 -0.832405 -0.018251 0.048941 0.172834 -1.217954 -1.489289 -0.508908 -0.172671
D00619 0.504320 0.787479 0.081528 0.133435 -0.051206 0.838042 -0.314106 -0.621830 0.540941 0.313161 0.211069 -1.311224 0.609544 -0.401494 -0.259588 -0.370914
hsa3708 -0.161602 0.723080 -0.164784 0.021006 0.140550 0.394354 -0.295165 -0.197705 -0.042107 -0.516665 -1.258711 -0.630844 -0.011558 -0.124161 0.130819 -0.399934
hsa6532 -0.384334 -0.057399 1.200010 0.443148 -0.014601 -0.400759 -1.053429 -0.175753 -0.063202 0.351586 -0.109684 -0.509366 -0.874873 -1.339946 -0.307375 -1.140875
D00611 0.229739 0.580385 0.044819 -0.080529 -1.383059 -0.105633 0.530019 -0.765466 -0.239906 0.563429 0.139144 -0.396551 -1.002478 -0.947292 -0.488916 -0.337098
hsa10369 -0.335363 1.013219 0.067495 0.063272 0.091777 0.323244 -0.316032 -0.284514 -0.115683 -0.670849 -1.257289 -0.735893 0.106632 -0.165453 0.231507 -0.514575
hsa6332 -0.163860 0.435560 0.002138 -0.418862 -0.198584 0.197000 -0.156865 -1.199450 0.054720 -0.350811 -0.783562 0.152584 0.007098 -0.078512 0.160041 -0.681350
D00283 -0.840579 -0.520583 0.664897 -0.027049 0.227743 0.379029 -0.568772 -0.523708 -0.186061 0.605083 -0.163475 0.020403 -0.591402 -1.815508 -1.342894 -0.119366
hsa5310 -0.240688 0.780754 -0.131112 -0.201807 0.176253 0.357375 -0.192301 -0.193216 0.095474 -0.415273 -1.319149 -0.616528 -0.020522 -0.113438 0.035377 -0.384038
D00633 -0.060793 -0.232392 0.028168 -0.175428 -0.440486 0.742806 -0.179290 -0.682717 -0.752010 -0.027031 -0.643414 1.009236 -0.645804 -1.418637 -0.886953 -0.300853
hsa1138 0.403949 0.131719 -0.104930 0.372911 -0.967377 -0.398456 0.535777 -0.350178 -0.416910 0.945448 -0.340086 -0.835452 -1.056638 -1.271256 -0.374348 -0.071207
D00394 -0.149491 -0.214572 1.356343 0.585138 0.395888 -0.292614 -0.505859 -0.692806 -0.400683 -0.275757 -0.612859 0.000944 -0.102253 -1.607374 0.064573 -0.611046
hsa9254 -0.340260 0.759516 -0.017044 0.076665 -0.065299 0.536269 -0.619685 -0.362728 -0.328046 -0.557609 -1.086673 -0.807712 0.113286 -0.007758 0.035251 -0.475016
hsa3710 -0.352250 0.589193 -0.221894 0.062205 0.058532 0.397216 -0.396034 -0.215853 -0.267862 -0.686354 -1.263400 -0.885220 -0.179207 0.024729 0.022675 -0.491239
D00331 0.297482 -0.261236 -0.272219 0.135462 -0.674580 -0.990050 -0.637468 -0.257540 0.565570 -0.183667 -1.031596 -0.049355 -0.280608 -0.687683 -0.963831 0.524755
hsa116443 0.054610 -0.622348 0.270548 0.527743 -0.916846 -0.086868 -0.950794 -0.490424 0.328815 -0.184094 -0.548496 -0.524338 0.017890 -0.806100 0.610853 -1.042076
D00110 0.037080 0.029339 1.020609 0.342964 -0.016634 0.330354 -1.131287 -0.407641 0.169278 -0.214886 0.056190 -0.147220 -1.641088 -0.647215 -0.166114 -0.860976
hsa55503 -0.107130 0.869714 -0.185256 -0.027664 -0.121379 0.315278 -0.323483 -0.293294 -0.199193 -0.416781 -0.968608 -0.825586 0.266033 -0.198070 0.227602 -0.496789
D01712 -0.024790 0.896028 0.277662 -0.654261 0.065501 0.534900 -0.340179 -0.098840 -0.091689 -0.706230 -0.776171 -0.959618 -0.751080 -0.938386 0.269482 0.935528
D00438 -0.480335 0.898055 -0.387439 0.178656 0.005240 1.122501 -0.260489 -0.298082 -0.277907 -0.153081 -1.079288 -0.948955 0.498257 -0.324629 -0.201715 -0.578676
hsa3780 0.398771 0.435859 0.232106 -0.019353 -0.280507 -0.319394 0.271148 -0.657005 -0.377130 -0.440141 0.156988 -0.747432 0.503990 -1.444052 -0.400821 0.277507
hsa784 -0.396897 0.809686 -0.481415 -0.108416 0.024879 0.495136 -0.343262 -0.308540 -0.151770 -0.464488 -1.126470 -0.973764 -0.098523 0.004812 0.123229 -0.367726
D00543 0.088537 -0.379233 -1.621611 0.292526 0.148168 0.397756 -0.143188 -0.246867 0.579966 -0.178440 -0.897169 -0.390561 -0.387329 -0.665342 -0.333421 -0.674712
hsa9312 0.154746 1.315297 0.056758 0.693729 0.378605 -0.527892 0.415433 -0.593928 -0.121531 0.843899 -0.240621 -0.504210 -0.447127 -0.707383 0.135705 -0.171116
hsa6338 -0.076110 0.223117 0.311895 -0.100205 -0.381378 0.225600 -0.090079 -1.038305 0.063812 -0.091251 -1.503310 0.423682 -0.019985 -0.295366 0.535250 -0.488267
hsa6324 0.239326 0.443385 0.128436 -0.285679 -0.244748 0.200242 -0.271407 -0.965396 0.167258 -0.414806 -1.130353 0.219124 0.152625 -0.233512 0.325619 -0.639883
D00336 -0.051790 0.731502 -0.337969 0.619803 0.244947 0.461299 -1.397594 -0.937501 -0.500698 -0.214918 -0.333559 -0.472150 -0.866157 -0.613168 0.036826 1.517570
D00227 -0.086745 0.692773 0.305756 -0.597979 0.132300 0.710056 -0.265305 -0.238663 -0.184690 -0.880985 -0.667584 -1.050092 -0.517135 -0.956027 0.128013 0.985194
D05461 -0.106577 -0.891930 -0.822370 0.047813 -0.446817 -0.801065 0.048695 -0.447847 -0.058045 -0.170857 -0.528530 -1.382108 -0.480293 -1.118582 -0.512056 0.193203
D00617 -0.143513 0.732668 0.027957 0.365605 0.447081 1.057550 -0.137542 -0.099966 -0.222370 0.221749 -0.992982 -1.116228 0.176983 -0.157261 -0.307887 -0.734826
D00326 -0.112653 -0.093304 -0.070731 0.183861 -0.182607 -0.202451 0.012996 -1.188287 -0.435695 -0.415565 0.348506 -0.712645 0.617023 -1.257551 -0.631520 0.144714
hsa3765 0.043405 1.436152 -0.522303 0.308260 0.261682 -0.161216 -0.755679 -1.337852 0.272194 -0.418041 0.327693 -0.315309 0.341495 -0.609630 -0.251004 -0.101203
hsa2742 0.610955 -0.927125 -0.198722 0.425652 -0.338830 0.468851 -0.411760 -0.139589 0.362537 -0.878023 -0.736279 -0.139702 -1.315431 -1.149913 -0.580719 -0.719154
D00678 0.093975 -0.298303 0.692120 0.005270 -0.045103 0.911984 -0.215956 -0.402108 -0.567380 -0.090125 -0.516147 0.260575 -0.363509 -2.221446 -0.451058 0.479862
D00546 0.104243 -0.372763 -1.387768 0.380115 0.047563 0.308245 -0.094544 -0.233628 0.651514 -0.079643 -0.927855 -0.555192 -0.276746 -0.521083 -0.498217 -0.815500
hsa3784 -0.801760 0.635453 0.245165 -0.364949 0.710609 -0.764699 -0.464413 -1.078205 0.338684 0.488564 -0.694234 -0.705803 0.575078 -0.543047 -0.296285 0.481731
hsa3744 0.896193 0.617220 -0.333546 0.238724 0.495016 0.357616 -0.272070 -0.814385 0.500032 0.708701 -0.296326 -1.221933 0.329776 -0.189893 -0.006005 0.025704
D00228 -1.050868 -0.139548 0.563408 0.119667 0.188685 -0.463453 -1.032397 -0.329006 -0.135558 0.379857 -0.012048 -0.098460 -0.809376 -1.394217 -1.240303 -0.847608
hsa8989 -0.355035 0.881250 -0.016048 0.054174 0.204123 0.096006 -0.165233 -0.381733 -0.256712 -0.498385 -1.102713 -0.738461 0.231275 -0.188713 -0.036562 -0.433528
hsa3746 0.531398 0.465619 -0.402249 -0.223390 0.872552 0.865509 -0.033510 -0.901339 0.630699 0.204727 -0.419083 -0.623740 0.476680 -0.498067 -0.328752 0.224713
D00367 -1.167490 -0.400741 0.818792 0.349158 0.334589 -0.319303 -0.674434 -0.100905 0.362505 -0.098925 -0.597117 -0.370756 -1.002919 -1.162948 -0.790823 -0.357468
hsa83795 0.963886 0.941998 -0.314423 -0.241887 0.543200 -0.334052 0.019686 -0.920814 -0.587229 0.072646 -0.484476 -0.295410 -0.216117 -0.311794 -0.198790 -0.162402
D01118 0.274464 -0.811252 0.810156 0.598091 0.122611 -0.489913 0.039324 -0.914250 0.077360 -0.413234 -0.679329 -0.604611 0.446193 -1.169445 0.113509 -0.688021
D00544 0.127985 -0.338178 -1.393153 0.222118 0.266859 0.322966 -0.090320 -0.259061 0.478567 -0.145024 -0.991527 -0.413529 -0.300306 -0.491542 -0.417486 -0.551755
hsa3759 0.038254 1.536187 -0.354568 0.325124 0.327517 -0.100676 -1.040678 -1.299440 -0.103698 -0.209256 0.285611 -0.189779 0.069521 -0.556319 -0.288771 -0.084406
D01453 0.157925 0.948189 0.051855 -0.526736 0.253626 0.535541 -0.108828 -0.122632 -0.312582 -0.880675 -0.990259 -0.913338 -0.766939 -0.879555 -0.032396 1.199929
hsa6330 -0.066447 0.553739 0.226193 -0.417267 -0.118907 -0.031179 -0.526701 -0.911261 0.289550 -0.478267 -1.072451 0.304145 -0.170147 -0.297105 0.422739 -0.469611
hsa55800 -0.219888 0.265609 0.409818 -0.476725 -0.139798 0.145894 -0.488551 -0.950782 0.460451 -0.527208 -1.258765 0.291033 -0.180648 -0.136932 0.090486 -0.640501
D00823 0.081088 0.028474 0.034112 0.089024 -0.383634 -0.165635 -0.103510 -1.407089 -0.470623 -0.458092 0.405682 -0.829642 0.722545 -1.083044 -0.569391 0.373165
D02914 -0.169592 0.775567 0.128419 0.148361 0.296550 1.079998 -0.365892 -0.092310 0.222268 -0.056746 -1.081970 -1.069191 0.404407 -0.287070 -0.266687 -0.831020
D00798 -0.716061 -0.126103 0.047759 -0.161876 0.409083 0.026230 -1.024584 -1.346831 -0.533404 -0.245325 0.739879 -0.999117 -0.384064 -0.754439 -0.706632 -0.242748
D00539 -0.383346 0.736661 -0.022525 0.766253 -1.315463 0.343441 0.255374 -0.272003 0.646797 -0.202491 -1.087425 -0.941481 -0.279064 0.227529 -0.047189 0.036224
D02546 -0.521282 -0.025589 -0.663456 -0.509828 -0.301101 -0.399650 -1.192274 -1.022889 0.562800 1.056599 -0.757262 0.213525 -0.561670 -1.287762 1.140465 -0.844575
D00816 -0.063370 -0.489885 1.073472 0.094643 0.064673 -0.032736 -0.901075 -0.881782 -0.046583 0.188605 -0.292957 -0.274791 0.439811 -1.928100 -0.079193 -0.135866
hsa2891 0.226762 0.284725 -1.332946 -0.305397 0.317292 -0.371392 -0.907631 -0.736797 0.620068 0.187742 -1.081386 0.527715 -0.104068 -0.759444 -0.074734 -0.374451
D00451 0.363559 0.085908 0.566679 0.716964 -0.184977 0.568410 -0.836938 -0.384165 -1.105168 0.343069 -0.549343 0.607454 -0.350001 -1.505926 -1.122754 0.124016
D00658 -0.047360 0.598995 -1.019601 -0.707851 -0.682087 -0.797587 -1.257751 -0.389523 0.006462 0.053329 -1.340040 0.226213 0.431237 -0.899164 -1.290692 -0.849161
hsa6833 0.440494 0.666089 -0.230527 0.272212 0.468275 0.428126 -1.236860 -0.712534 0.106084 0.018438 -0.608868 -0.022540 -0.723595 -0.404582 -0.425037 1.418362
D00791 -0.495197 -0.332097 0.238006 -0.499190 0.588894 -0.507621 -0.614716 -1.332175 -0.618627 -0.033624 0.291444 -1.447926 -0.034272 -1.148550 -0.457045 0.291619
hsa3739 0.462531 0.699379 -0.185960 0.252878 0.885347 0.200907 0.246358 -0.635838 -0.134072 0.690102 -0.431304 -0.785209 -0.130354 -0.001447 -0.682210 -0.523353
D00219 -0.228504 1.493857 -0.331783 1.092293 0.230052 0.626624 -1.226983 -1.124687 -0.455654 -0.312508 0.041255 -0.046752 -1.011391 -0.812635 -0.724138 1.035007
D05024 0.490955 1.145084 0.591566 0.294932 -0.640189 0.173575 -0.150514 -0.279810 0.258514 -0.244503 -0.925066 -1.072430 0.397127 0.156901 -0.287029 -0.390664
D00354 -0.029045 -0.073616 -0.078101 -0.424194 -0.025712 0.300182 -0.364284 -1.624621 0.004752 0.179638 -0.762394 0.279724 -0.542335 0.084288 -0.115028 0.339074
D00379 -0.099653 1.259501 -0.260447 1.218517 0.165400 0.642500 -1.540139 -1.206758 -0.378063 -0.274571 0.264234 0.126449 -0.825293 -0.880932 -0.921087 0.550903
D00647 0.821226 0.330140 -0.012963 0.245445 -0.115218 0.042908 -0.738779 -0.530548 -1.331635 0.074031 -0.554810 -0.178409 0.513549 -0.657229 -1.034666 0.076108
hsa3762 0.107412 1.193201 -0.622131 0.075484 0.203687 -0.227603 -0.746464 -1.395624 0.253719 -0.290541 0.411576 -0.576856 0.382421 -0.534508 -0.201637 -0.187348
hsa3768 0.068221 1.594967 -0.355832 0.259582 0.359192 -0.185289 -0.818752 -1.080971 -0.023624 -0.271217 0.199473 -0.096618 0.047420 -0.673572 -0.507665 0.122191
D02163 -0.515418 -0.380939 -0.023644 -0.693649 0.393563 -0.624171 -0.178427 -1.183562 -0.367220 -0.182154 0.345284 -1.348891 -0.377962 -1.434181 0.064156 0.147344
D00380 0.199687 1.123402 -0.159651 0.711120 0.138050 0.701283 -1.376249 -0.849153 -0.265940 -0.227826 -0.132323 0.363543 -0.793311 -0.909230 -1.063013 1.145079
D03742 0.000742 0.027082 0.644456 0.684357 -1.314343 -0.377633 -0.519688 -0.133138 0.257646 0.823005 -0.148755 -0.924957 -0.790444 -0.958495 -0.075530 -1.007819
D00519 0.236302 0.798864 -1.049144 -0.317964 -0.440653 -1.110256 -1.161255 -0.246362 0.152484 -0.197932 -1.198716 0.145567 0.353092 -0.932111 -0.929738 -0.069647
hsa3752 0.496065 1.225690 -0.362009 -0.575962 0.012258 0.052969 -0.310729 -0.619414 0.396741 0.549357 0.418234 -0.611717 -0.375336 -0.441995 -0.357902 -0.306893
D00733 0.705732 0.056418 1.290276 -0.421367 -0.552390 0.422552 -0.099453 -0.934127 0.140873 0.363713 -0.594732 -0.090310 -0.180947 -0.192774 -0.789723 -0.216935
D00513 0.321652 -0.192477 0.937683 0.273340 -0.399085 0.827799 -0.574153 -0.878268 -0.492623 0.745003 -0.413001 0.602925 -0.479122 -1.325281 -1.310015 0.122485
D00335 -0.110801 1.202571 -0.534861 0.996364 0.113909 0.283814 -1.359348 -1.321972 -0.647643 -0.382840 0.211236 -0.038570 -1.123838 -0.634059 -0.261496 0.890391
hsa1080 0.151718 0.785914 0.014146 -0.075639 0.147784 0.787225 -0.679247 -0.329862 -0.122437 -0.852774 -0.757479 -0.719882 -0.843251 -0.909627 0.168337 1.608744
hsa27133 0.868244 0.701278 0.107909 0.055243 0.481395 -0.198280 -0.616592 -0.742099 -0.814474 0.481882 -0.575224 -0.419826 0.098434 -0.285866 -0.446992 0.030287
hsa55799 -0.257436 0.745956 -0.217725 0.166812 0.191629 0.560405 -0.362356 -0.421874 -0.314777 -0.474445 -0.940515 -0.760664 0.232171 -0.308012 0.293139 -0.448989
hsa170572 0.239752 -0.506633 0.297735 -0.045007 -0.069250 1.014545 -0.192671 -0.551457 -0.794169 -0.107476 -0.419490 0.367697 -1.078788 -1.882745 -0.695925 -0.196837
D01599 0.064014 1.390472 -0.161670 1.125663 -0.080035 0.657022 -1.501401 -0.993081 -0.095450 -0.569169 0.186196 0.377204 -0.880550 -0.903793 -0.813656 0.396624
hsa200909 0.387357 -0.437707 0.046968 0.109461 -0.287327 1.031425 -0.407385 -0.632652 -0.652740 -0.260587 -0.403171 0.626935 -1.025599 -1.879522 -0.642955 -0.127730
D02253 0.215762 -0.613792 -0.700365 0.808199 -0.940177 -0.139986 -0.035635 -0.240259 0.714859 -0.042952 -1.188237 -0.803180 -0.288891 -0.715179 -0.803578 0.068978
hsa2743 0.647747 -0.847318 -0.354133 0.209579 -0.289659 0.194519 -0.273248 -0.239834 0.907094 -0.887285 -0.781903 -0.557222 -0.932037 -0.833339 -0.812457 -0.781825
hsa2905 -0.398857 -0.755107 -0.082676 0.986329 -0.889688 -0.295648 -1.365250 -0.748792 0.348423 0.573580 -0.338366 -1.195415 0.051318 -0.796512 0.122074 0.047466
D01111 -0.315231 0.689094 0.086956 0.940375 0.428553 0.811234 -0.969055 -0.707456 -0.433318 -0.284171 0.147964 0.423645 -1.362674 -0.812032 -0.248700 -0.492318
D04999 -0.402921 -0.397349 0.692426 0.484284 -0.299597 -0.091271 -1.020889 -0.272525 0.052656 0.035420 -0.200243 -0.269515 -1.684956 -1.316108 0.280539 -0.295829
D02360 -0.610566 -0.172185 1.424513 0.067074 0.115700 -0.220485 -1.062922 -0.243671 0.577125 0.472128 -0.285332 -0.299337 -0.160719 -1.790016 -0.795063 -0.331633
hsa6531 -0.791218 -0.034609 1.092155 0.730824 0.291675 -0.275622 -0.774663 -0.060903 0.286736 0.164143 -0.531074 -0.346969 -1.598355 -1.349880 -0.114985 -0.563568
D02566 -0.834289 -0.249251 1.266304 0.416289 -0.298404 -0.316395 -0.874877 -0.952001 0.167538 -0.061732 -0.143169 -0.004610 -0.075299 -1.961610 -0.081685 -0.224997
D05077 -0.830693 -0.270433 0.175743 -0.433590 0.576370 0.066026 -0.458790 -1.343185 -0.283683 -0.010590 0.271835 -0.556585 -0.603172 -0.517329 -0.831328 -0.019561
D00615 -0.137465 0.854702 0.278932 0.417627 0.424951 1.212177 -0.500212 0.011047 0.279489 -0.255364 -1.000008 -1.047519 0.200166 -0.236843 -0.415846 -0.753821
D00536 0.581462 -0.865177 0.175803 0.096129 -0.335928 0.405187 -0.749654 -0.437378 0.401147 -0.927461 -0.622278 -0.419668 -0.918252 -0.498623 -0.054379 -0.935353
D02262 0.602038 0.964230 0.260108 0.576805 0.687289 -0.186378 0.786051 -0.757216 -0.097956 1.298912 -0.253468 -0.710022 -0.613717 -0.561544 -0.398479 -0.325123
hsa3776 1.297807 0.419610 -0.224284 -0.355497 0.244550 -0.141172 0.037934 -1.085247 -1.075803 0.304931 -0.600821 -0.185270 -0.090506 -0.388924 -0.567849 -0.147305
hsa9424 0.798325 0.995797 -0.464454 0.175360 0.536199 -0.232719 -0.304669 -0.892995 -0.649025 0.012758 -0.356827 -0.409296 0.201912 -0.342940 -0.395270 -0.526462
hsa2898 0.122657 0.004277 -1.196197 -0.352129 -0.038011 -0.420546 -1.300931 -0.908140 0.643228 0.850007 -1.095337 0.277296 -0.387625 -1.026225 0.742905 -0.875035
D00234 -0.029880 0.439171 -0.125254 0.972168 -0.242017 -0.133818 -0.738904 -0.442570 -1.300074 0.238056 -0.983445 -1.186555 0.335350 -0.397945 0.266500 0.700591
hsa2892 0.173788 0.362366 -1.125656 -0.147404 0.414634 -0.291469 -0.813811 -0.760097 0.645837 0.242856 -0.972368 0.304017 -0.026169 -0.720660 0.333511 -0.568307
hsa2893 0.391649 0.277983 -1.158274 -0.183679 0.346636 -0.125717 -0.710881 -0.911658 0.572299 0.132872 -0.795561 0.415516 -0.014012 -0.806273 0.309739 -0.723942
D02461 0.560933 -0.390479 -0.259685 1.086553 -0.058461 0.134131 -0.015204 -0.639596 0.426591 -0.217405 -0.631124 -0.500239 -0.082937 -0.239963 -0.912179 0.456592
hsa3756 0.923122 0.686833 -0.015787 -0.189483 0.368314 -0.336794 -0.497317 -0.848478 -0.541637 0.619318 -0.543699 -0.600793 -0.073005 -0.017771 -0.303846 -0.020416
D01253 -1.136525 -0.336664 -0.692228 0.309740 -0.767553 -0.281480 0.206790 -0.984427 0.735853 -0.832518 -0.375759 -0.852180 -0.183806 -0.566883 -0.931257 -0.104243
D00480 0.180577 -0.495581 0.849959 0.291676 0.793740 -0.036417 0.197324 -1.004622 -0.108668 -0.239612 -0.519868 -0.557286 0.354207 -1.359095 0.301281 -0.672508
hsa2904 -0.160058 -0.885401 -0.162274 0.919145 -0.665653 -0.357910 -1.528863 -1.009594 0.416900 0.551954 -0.316104 -0.912285 -0.091219 -0.629364 0.074459 0.011433
hsa2903 -0.237800 -0.893636 0.087302 0.885462 -0.550759 -0.319273 -1.427285 -0.933808 0.479691 0.345434 -0.478371 -1.071327 -0.053019 -0.784369 0.483558 0.170729
D00563 -0.923483 -0.153682 0.782858 0.179746 -0.172295 0.462434 -0.564189 -0.450106 0.323217 0.489774 -0.016402 0.195681 -0.530852 -2.137835 -0.941066 -0.207364
D00656 0.098844 0.746599 -0.921278 -0.602074 -0.588736 -1.065684 -1.163944 -0.258317 0.105508 -0.103881 -1.312264 0.126057 0.240283 -0.875508 -1.310556 -0.485179
hsa9132 -0.219675 0.878885 0.378381 0.178734 0.922882 -0.247693 -0.422011 -0.878985 -0.033593 0.360460 -0.644372 0.084214 0.617769 -0.804171 -0.868612 0.385557
D06172 0.050725 -0.215892 0.253563 0.250901 0.303569 -0.598232 0.113685 -1.636336 0.048190 -0.478731 -0.512069 -0.037399 -1.372252 0.205743 -0.653249 -0.530018
D00338 -0.472318 -0.332051 -0.467070 0.927267 -0.679995 -0.145118 0.309386 -0.965012 0.271783 -1.326932 -0.030053 -0.900587 0.108522 -0.852132 -1.074052 0.119328
hsa2897 -0.220854 -0.260527 -0.668330 -0.625574 -0.180137 -0.149349 -1.342136 -1.169751 0.533685 0.731586 -1.196451 0.220417 -0.358833 -0.931898 0.979399 -0.897543
D00464 -0.603563 -0.248977 -0.387919 0.521686 -0.651025 -0.029944 0.178047 -0.708866 0.728338 -1.087455 -0.566117 -1.025190 -0.277627 -0.304413 -1.113954 -0.275943
hsa3742 0.598711 0.649686 -0.546616 0.354790 1.068495 0.139206 -0.106336 -0.821289 0.488397 0.592968 -0.391718 -0.588221 -0.057161 -0.312445 -0.264043 -0.111705
D00373 -0.816829 -0.074123 -0.096124 0.090459 0.471968 -0.078122 -1.162177 -1.145649 -0.273817 0.129835 0.809426 -0.671435 -0.429959 -0.963489 -0.932799 -0.369006
D01256 0.017876 0.633851 -1.241381 -0.554244 -0.439075 -0.875022 -1.059475 -0.483782 0.439411 0.277932 -1.251559 0.511545 -0.024792 -0.836281 -1.063084 -0.656847
hsa1145 0.017283 0.252311 0.202465 0.446072 -1.187268 0.787210 0.710716 -0.497773 0.866035 0.690062 -0.433595 0.017487 -1.134162 -1.161333 -0.618860 0.228874
D00340 0.080432 0.924388 -0.988264 -0.694003 -0.619239 -0.638835 -1.069016 -0.024371 0.125620 0.009859 -1.381252 0.243571 0.294411 -0.997419 -1.311777 -0.762462
D00593 -0.183922 1.325395 -0.263715 0.945894 0.109719 -0.159385 -1.198350 -1.001004 -0.453674 -0.349701 0.074022 -0.154167 -1.335873 -0.880574 -0.209867 1.053125
hsa3761 0.184251 1.729876 -0.599332 0.096024 0.485188 -0.318545 -0.607421 -1.202655 0.250315 -0.151839 0.120128 -0.402986 -0.029281 -0.407009 -0.310055 0.152627
hsa3766 0.027269 1.332777 -0.713894 0.140435 0.932291 0.095778 -1.029512 -0.666282 0.118662 -0.161029 -0.091935 -0.149210 -0.202859 -0.706873 -0.317447 -0.018779
hsa3788 -0.096531 1.590863 -0.316294 0.166138 0.383899 -0.276288 0.426661 -0.943384 -0.211671 0.628704 -0.513305 -0.211504 0.408321 -1.159629 0.279819 0.289989
hsa5025 -0.676220 1.265705 0.390441 -1.789741 -0.202679 1.054592 -0.897855 0.168147 -0.243217 0.205121 -2.037611 -1.211062 -0.952506 -1.065249 -0.911313 1.235598
D02630 -0.414717 0.384764 -0.078004 0.298515 -0.430115 -0.014156 -0.672242 -0.932291 -0.231065 0.091071 -1.057614 -1.399605 0.414267 0.566251 0.169465 0.257960
hsa3775 0.779311 0.951993 -0.797583 -0.043166 0.572416 -0.201758 -0.462244 -0.861344 -0.713856 -0.133565 -0.506924 -0.591915 0.145038 -0.261007 -0.337599 -0.283119
D00631 0.149593 -0.022000 0.806137 0.808074 0.494580 0.040367 -0.484685 -1.482891 -0.350619 0.432445 -0.393496 0.479664 0.581682 -1.073644 -0.832576 0.334753
hsa27012 0.050186 1.506676 -0.442110 0.124927 0.763562 -0.055247 0.284199 -0.670531 -0.155165 0.326032 -0.540520 -0.107932 0.184606 -0.942540 -0.113083 0.143154
D03274 -0.147972 -0.236520 0.096792 0.693653 0.239510 -0.422318 -0.076344 -0.887490 -0.916736 -0.134712 -0.426069 -0.908771 0.484333 -1.634441 0.532174 0.113135
D00274 0.055367 0.347069 0.072541 1.048604 0.017496 -0.285386 -1.476684 -0.777024 -1.064936 0.065568 -0.837187 -1.068779 -0.154074 -0.327258 0.223692 1.092002
hsa3773 0.122607 1.779779 -0.537730 0.287765 0.246620 -0.331412 -0.711321 -1.141239 0.059836 0.019899 -0.020424 -0.408644 0.277271 -0.391959 -0.310146 -0.034832
hsa2902 -0.176970 -0.776781 -0.317620 0.590340 -0.675908 -0.294991 -1.432467 -0.817362 0.387023 0.608409 -0.446549 -1.097198 -0.006804 -0.863699 0.628060 -0.097679
hsa81033 0.867849 0.968380 -0.205141 0.313870 0.118501 -0.130121 -0.916206 -0.684952 -0.566434 0.255458 -0.582224 -0.446280 0.444328 -0.200385 -0.450671 -0.098791
hsa5023 -0.328323 0.927516 0.243145 -1.907089 -0.514998 0.964563 -0.740990 -0.117171 -0.397187 0.460211 -2.129988 -1.193751 -0.738796 -1.104871 -0.743179 1.449187
D01799 -0.001523 1.390728 -0.233091 1.205169 0.029447 0.752498 -1.210193 -1.211939 -0.130244 -0.598331 0.074809 0.145778 -0.649888 -0.759336 -1.241921 0.919206
D01969 0.814338 0.994280 0.181696 -0.201810 -0.728738 0.787746 0.070436 -0.246154 0.257592 0.225356 -0.010966 -1.230066 0.473195 -0.541972 -0.242663 -0.679534
hsa54207 0.890929 0.579467 -0.147993 -0.314930 0.423650 -0.200974 -0.015636 -1.018980 -0.936442 0.537924 -0.614162 -0.493004 -0.089008 -0.199684 -0.246984 -0.498607
hsa5026 -0.518455 1.143487 0.246687 -1.846633 -0.507235 1.137667 -0.596495 0.007085 -0.158502 0.153299 -2.042209 -1.289006 -1.214845 -1.024192 -1.082085 1.439696
D00594 -0.972752 0.373740 -0.453052 0.103609 0.912049 0.362675 -1.067161 -1.197424 -0.321282 -0.040178 0.450337 -0.221886 -1.031190 -0.627590 -0.704347 0.213450
hsa5024 -0.652240 1.104851 -0.047484 -1.458972 -0.236819 1.059771 -1.067232 0.298030 -0.061893 0.334671 -1.988682 -1.331541 -0.850701 -1.076425 -0.511679 1.292836
D00345 -0.193771 0.374710 1.002807 -0.105153 0.510573 -1.135588 -0.648387 -0.569805 0.771876 0.253459 -0.793580 -0.280863 0.371464 -0.865783 -0.731252 0.348653
hsa90134 0.854850 0.869538 -0.394860 0.440398 0.357085 -0.008001 -1.031847 -0.604959 -0.669057 0.167197 -0.633650 -0.458581 0.466534 -0.284759 -0.489464 -0.083060
D04790 -1.022428 0.085903 -0.355659 -1.120169 -0.040197 -0.315010 0.091293 -1.588670 0.491632 1.272898 -0.132952 -1.476635 -0.238700 -1.376300 0.877041 -0.215291
D00553 0.350647 -0.070809 0.206750 -0.170718 0.290656 -0.471100 0.392427 -1.685309 0.124277 -0.461461 -0.408550 -0.037639 -1.185809 0.059017 -0.735857 -0.387174
D00761 0.495420 0.471625 0.469191 -0.065709 -1.112542 0.331045 0.514994 -0.067802 0.145522 0.560367 0.064984 -1.318201 -0.013817 -1.286651 -0.857203 -0.772645
D00636 0.938143 0.362860 1.244311 0.090182 -0.260633 0.094836 0.050028 -0.877043 0.320027 -0.069156 -0.085028 -1.358901 0.701557 -0.414591 -0.552298 -0.165895
D00364 -0.838359 -0.506933 0.097731 -0.035868 1.076639 0.146050 -0.205568 -0.637709 0.038483 0.587319 -0.152093 -0.521379 -0.666974 -0.807505 -1.460689 -0.160543
D00694 -0.815591 -0.247894 -0.383291 0.553305 -0.517861 -0.049195 0.203384 -0.678548 0.651000 -1.127982 -0.702206 -0.986247 -0.279366 -0.218099 -1.139137 -0.233159
D00654 -0.072754 0.602687 -0.864130 -0.793943 -0.600024 -0.798418 -1.150365 -0.383244 0.084472 0.438268 -1.506708 0.381862 0.377538 -0.705007 -1.143491 -0.808625
D00650 0.239761 0.518906 -0.616626 -0.456547 -0.544675 -1.001120 -1.003332 -0.108932 0.105812 -0.039135 -1.534353 0.345212 0.119336 -0.832870 -1.565228 -0.582804
hsa3749 0.717274 0.735702 -0.502776 -0.611655 0.453150 0.629868 -0.200458 -0.696696 0.700150 0.305792 -0.435780 -0.558170 0.763728 -0.640026 -0.664313 0.169846
hsa2906 -0.249538 -0.628033 -0.361475 1.054665 -0.594893 -0.133712 -1.214165 -0.816966 0.829921 0.390040 -0.071450 -0.914734 -0.095052 -1.112975 0.257496 -0.059949
hsa89822 0.919027 1.214013 -0.518079 -0.328190 0.561574 -0.084079 -0.250077 -0.916494 -0.626328 -0.154425 -0.188365 -0.313816 -0.025282 -0.583118 -0.410542 -0.514468
hsa2900 -0.338843 -0.201480 -0.635334 -0.629701 -0.322234 -0.253142 -1.255402 -1.018123 0.573467 0.975501 -1.359373 0.317734 -0.365192 -0.857836 0.699001 -1.125710
hsa3748 0.501265 0.961640 -0.760644 -0.708780 0.533651 0.476794 -0.263636 -1.013568 0.376365 0.445513 -0.455903 -0.496964 0.747363 -0.593273 -0.680320 0.483619
D04370 0.163351 -0.293208 0.295519 0.657433 -0.049748 1.210760 -0.844243 -0.740425 -0.448499 0.106860 0.193169 0.206158 -1.289653 -1.237211 -0.536422 -0.495070
hsa3786 -0.277908 1.051390 -0.225712 0.029092 0.980769 -0.570940 -0.496416 -0.850060 0.218726 0.288791 -0.693187 -0.405407 0.480596 -0.470311 -0.522859 0.196723
hsa3772 0.167905 1.517386 -0.584426 0.223793 0.818848 0.006839 -1.030756 -0.887647 0.002857 -0.248599 -0.150880 -0.088553 -0.230640 -0.594341 -0.191222 0.133226
hsa3751 0.681777 1.274575 -0.327063 -0.577364 0.430382 0.189824 -0.471351 -0.625788 0.534487 0.554565 0.080540 -0.535059 0.069336 -0.634906 -0.552637 -0.406560
hsa50801 0.871271 1.164362 -0.328183 -0.336419 0.582545 -0.315732 -0.138946 -1.044961 -0.588538 -0.078747 -0.250007 -0.313730 -0.021659 -0.708938 0.010460 -0.357443
hsa3753 0.209359 1.121964 0.501821 -0.047080 0.932631 -0.671183 -0.736525 -0.513543 0.782391 0.038921 -0.495221 -0.351149 0.210230 -0.723404 -0.481563 0.091796
D00533 -0.296445 0.008094 1.489898 -0.207496 0.445874 -0.479294 -0.294067 -0.871081 0.056395 -0.168557 -0.953667 -0.103664 0.290242 -0.796819 -0.247926 -0.423445
hsa2899 -0.216452 -0.116504 -0.782237 -0.954465 -0.127591 -0.163839 -1.247068 -1.041386 0.577624 0.514266 -1.080421 0.283169 -0.618996 -1.042832 0.963292 -0.939871
hsa60598 0.642111 1.123510 -0.980103 -0.462177 0.839178 -0.163917 -0.326475 -0.899221 -0.430092 0.093074 -0.426729 -0.444013 -0.001050 -0.498783 -0.238037 -0.260860
D01350 -0.835273 1.094373 0.419219 -0.509502 -0.277462 0.148770 0.249227 0.000563 -0.705186 -0.663883 -0.752822 -0.859411 -1.262714 -0.362065 -0.233822 0.096273
D01275 -0.465238 0.357997 0.078982 -0.502459 -0.092711 0.999870 0.042244 -0.122755 -0.823873 -0.402630 -0.152122 -0.831206 -0.784292 -0.800573 -0.140370 0.029054
D01108 -0.081761 0.560672 -0.669324 -0.062425 -0.384063 1.046530 -0.640139 -0.281245 -0.532895 -0.047134 -1.249318 -0.269960 0.962459 -0.438318 -0.694288 -0.627567
D02261 0.335227 0.982222 0.155387 0.806223 0.758315 -0.028238 0.341091 -1.054343 -0.375862 1.121061 -0.167675 -0.513393 -0.528665 -0.436980 -0.035872 -0.466999
D00456 -0.204498 -0.408229 0.780139 0.607093 -0.041435 0.658307 -0.388441 -0.504421 -0.361343 0.283497 -0.477645 0.288347 -0.237911 -2.240022 -0.207573 0.366324
hsa3747 0.781539 0.759587 -0.407794 -0.416324 0.243103 0.956486 -0.102151 -0.829697 0.677992 0.206949 -0.107907 -0.682797 0.592657 -0.579834 -0.468847 0.094572
hsa3764 0.280438 1.076589 -0.625768 0.355723 0.130075 0.120279 -1.000685 -1.309551 0.142620 -0.265490 0.307749 -0.363456 0.324025 -0.504188 -0.265963 0.207780
D02092 0.458491 0.331872 -0.015135 1.095713 -0.098980 -0.077417 -1.145608 -0.924272 -0.867201 0.343281 -1.012691 -0.697606 -0.180333 -0.301520 0.771915 1.135752
hsa3755 0.339703 1.628155 -0.450940 -0.094473 0.125156 -0.134434 0.132609 -0.932781 0.119901 0.551924 -0.522382 -0.340625 0.495896 -0.698706 0.139734 0.094448
D01768 0.708113 -0.075655 1.118205 -0.818819 -0.295495 0.550556 -0.581146 -1.107319 0.174860 0.221906 -0.713625 -0.454752 -0.811785 0.295306 -0.423322 -0.076761
hsa6534 -1.053380 0.377187 0.665258 0.683295 0.319017 -0.222985 -1.028180 -0.100377 -0.017723 0.300396 -0.760286 0.003742 -1.821891 -1.394647 0.410591 -0.912447
D00574 -1.303489 0.299435 0.082899 0.122948 -1.252266 0.321851 0.657369 -1.146484 1.065881 0.092638 -0.649944 -0.410249 -0.430179 -0.259636 -0.249293 0.152943
hsa3750 0.815824 1.293334 -0.412249 -0.391416 0.377420 0.259932 -0.455646 -0.736449 0.486281 0.253294 0.159676 -0.428257 -0.090648 -0.489626 -0.540123 -0.203922
D03180 -0.185249 0.123050 -0.817856 1.113248 -1.504700 0.316488 0.253041 -0.344358 0.571303 0.041346 -1.187473 -0.812350 -0.410281 -0.198977 -0.662980 0.255697
hsa2901 -0.142038 -0.040528 -0.568709 -0.577214 -0.250721 -0.216525 -1.226696 -1.110962 0.693585 0.890023 -1.360475 0.468524 -0.617682 -0.839727 0.831245 -0.806282
D00651 0.726411 0.361815 -0.577584 -0.369565 -0.692166 -0.924984 -1.059869 -0.611317 -0.032363 -0.346002 -1.471460 0.474442 0.326022 -0.418629 -1.127769 -0.034160
D00521 -0.182804 0.066822 -0.026901 0.336970 -0.336890 -0.189340 -1.077051 -0.622219 -1.250569 0.136071 -0.976375 -1.237376 0.532410 -0.348727 0.283613 0.300834
hsa6529 -0.524902 0.291182 1.221972 0.502495 0.135154 -0.071122 -0.990433 -0.226392 0.432669 -0.099694 -0.286523 -0.134142 -1.886415 -1.238433 -0.060219 -1.034337
hsa3754 0.020264 1.664101 -0.370198 -0.333044 0.456745 -0.200636 0.286909 -1.075321 0.014906 0.155643 -0.390284 -0.220177 0.406187 -0.942374 -0.125138 0.103281
D04034 -0.324572 0.026245 0.062063 0.642304 0.250728 0.025000 0.209710 -0.793505 -0.856345 0.016150 -0.366350 -1.185137 0.846054 -1.370503 0.297071 0.158499
D02485 0.487336 0.076842 0.611730 -0.104406 -0.364455 -0.553498 -0.512191 -1.030217 -0.737234 -0.102713 0.020950 -1.598119 0.655290 -0.652890 -0.662054 0.437115
hsa3745 0.084680 1.622032 -0.165546 -0.144865 0.563957 -0.421479 0.240349 -0.884974 -0.230804 0.392786 -0.290782 -0.339965 -0.074844 -0.853774 0.175367 0.086213
D05458 -0.839488 0.092769 0.625778 0.700385 0.003446 -0.751078 -0.089008 -1.565882 0.176308 -0.853431 -0.453690 0.500155 -1.316451 -0.321659 -0.293879 -0.403581
D00537 -0.565606 0.121919 -0.653193 -0.254356 -0.629804 -0.863843 0.293296 -0.452429 -0.501252 0.106438 -0.677350 -0.342428 -1.083417 0.015885 -1.141496 -0.446433
D01242 -0.149450 -0.418586 0.698987 0.481719 0.778299 -0.433422 -0.176149 -1.056259 -0.414800 -0.460497 -0.394689 -0.513930 0.268477 -1.777955 0.380595 -0.482712
hsa93107 0.146479 1.465353 -0.678510 -0.259769 0.262100 0.046212 0.015680 -1.060543 0.021245 0.232698 -0.478184 -0.283440 0.254878 -0.578569 0.156353 0.365971
hsa27094 0.688463 1.302132 -0.189043 -0.593144 0.623575 0.068211 -0.968079 -0.585582 0.074081 0.110990 -0.272576 -0.578538 0.181785 -0.886227 0.259087 -0.348572
hsa3790 -0.019060 1.753419 -0.310273 0.154794 0.334981 0.111475 0.511471 -0.854974 -0.271238 0.514173 -0.364256 -0.292890 0.196386 -1.002250 0.124868 0.232362
D00351 0.590065 0.038414 0.026938 0.326961 0.002394 0.365574 -0.772597 -1.167786 -0.437494 0.940886 -0.436035 -1.385295 0.168783 0.232449 0.051907 0.444897
D04985 0.076281 0.128784 -0.855821 1.394354 -1.493501 0.413050 0.511122 -0.277204 0.195081 -0.250753 -1.247756 -0.621531 -0.508144 -0.418233 -0.663399 0.315126
D03037 -1.376927 0.044576 0.126222 -0.386836 0.004110 -0.524811 -0.543661 -1.104819 0.314079 0.436529 -0.241554 -1.267357 0.301663 -0.831841 0.111722 0.915732
D00697 -0.671038 -0.603179 -0.705996 0.551503 0.395587 0.032318 0.050187 -0.425184 0.550791 0.198833 -0.695400 -0.667515 -1.039501 -0.415414 -1.472280 0.676443
D01448 -0.117351 -0.320011 -0.143401 -0.620636 0.155188 -0.713144 -0.424396 -1.084327 -0.239997 -0.109201 0.801932 -1.480195 -0.713996 -1.455077 -0.462757 0.232045
D00708 -1.110350 -0.065389 0.283023 0.451916 -0.703415 -0.170977 0.200327 -1.451705 1.097916 -0.226412 -0.257300 -0.410134 -0.634960 0.169311 -0.693003 -0.430264
hsa56479 -0.312728 1.039583 -0.140252 -0.142779 0.926854 -0.472057 -0.393717 -0.702877 0.003882 0.495749 -0.704211 -0.345567 0.333031 -0.542184 -0.570350 0.231166
hsa9992 0.333862 1.242735 0.023617 -0.273666 0.630220 -0.464517 -0.693622 -0.901403 0.536347 0.105109 -0.390478 -0.370477 0.175371 -0.551098 0.143542 0.096063
hsa8001 0.810085 -0.990582 -0.477902 0.360182 -0.301756 0.714729 -0.832659 0.130763 0.064093 -0.660796 -0.734303 -0.278146 -1.100774 -1.203034 -0.711920 -0.608326
D00760 0.318164 0.404021 0.247837 -0.004796 -1.357287 0.329916 0.407450 0.208846 -0.124009 0.638490 -0.070176 -1.506387 -0.042540 -1.292703 -0.963303 -0.610209
D00474 -1.107685 -0.561995 -0.397341 0.690987 -1.145987 -0.038268 0.015094 -1.175026 0.967355 -0.121861 -0.367731 -0.696416 -0.575138 -0.175981 -0.626605 -0.408760
D02237 -1.000196 0.970361 1.087962 0.455674 -0.425793 -1.179548 -0.252045 -0.431386 -0.458307 -0.269562 -0.232134 -0.337963 -1.472570 -1.106554 -0.115593 0.234058
D02347 -1.546659 0.192089 -0.215096 -0.568293 -0.405683 0.005644 0.199013 -0.736681 0.878625 -0.728621 -0.505540 -1.259237 -0.180597 -0.782816 -0.113800 0.712538
D03450 0.021563 0.635954 0.271776 -0.569472 0.276285 -0.501274 -0.356444 -0.196306 -0.383549 -0.072643 0.209161 -1.066642 -1.126460 -1.642209 0.561058 0.483362
hsa51305 0.809635 1.090126 -0.848825 -0.507894 0.915362 -0.253571 -0.188481 -0.802948 -0.286206 -0.024317 -0.570388 -0.117681 -0.027473 -0.796493 -0.238837 -0.057222
hsa3785 -0.273137 0.933917 0.009762 0.130599 0.732542 -0.224748 -0.626740 -0.895948 0.162274 0.466420 -0.712664 -0.329324 0.580759 -0.557966 -0.131200 0.464241
hsa3787 0.056742 1.566398 -0.443087 0.244681 0.403461 0.106887 0.174617 -0.832022 -0.154852 0.628253 -0.570287 -0.108668 0.552539 -1.024936 0.070204 0.119851
hsa1181 -1.052377 0.273198 -0.520874 -1.132392 0.146631 -0.123583 -0.199946 -1.373066 0.374255 1.485742 -0.117646 -1.800782 -0.453425 -1.602225 1.208040 -0.290601
D00779 0.217733 0.188884 0.378323 0.113555 -1.105505 -0.325396 -0.427276 -0.745210 0.162661 1.362896 -0.071760 -0.576038 -0.854913 -0.291842 -0.295728 -0.874295
hsa57657 0.741066 0.971627 0.080729 -0.083513 0.394429 -0.407236 -0.606136 -0.746471 -0.272060 0.220305 -0.527352 -0.489982 0.501003 -0.437075 -0.284487 -0.032524
D06106 -0.127333 0.014584 -0.707531 1.269727 -1.365425 0.442948 -0.005951 -0.155391 0.574321 0.035832 -1.054508 -0.745902 -0.797313 -0.190648 -1.116168 0.359824
hsa10008 0.574682 1.232565 0.146670 -0.344847 0.625295 -0.460451 -0.645642 -0.724478 0.356476 0.084410 -0.468273 -0.470418 -0.106598 -0.294085 -0.017103 -0.064861
hsa56659 0.582713 0.959212 -0.776248 0.243973 0.831336 -0.466524 -0.495518 -0.159519 -0.307731 -0.446725 -0.741006 -0.698596 -0.407177 -0.275485 -0.128269 -0.524369
hsa41 0.397890 0.624864 0.425752 0.261013 -0.125452 0.656884 -0.169400 -1.364324 0.509473 -0.384215 -1.503922 0.598088 -0.051308 -0.510717 0.828224 -0.082017
hsa40 0.320259 0.424531 0.260463 0.497468 -0.195952 0.832028 -0.176560 -1.428187 0.145337 -0.416281 -1.413121 0.392838 0.053425 -0.396447 0.937735 -0.092922
D00495 -0.142780 0.873539 -0.080414 1.029157 -1.389603 0.233913 0.286631 -0.412341 0.224786 -0.153455 -1.382143 -1.049909 0.106482 0.234053 -0.392245 0.224016
hsa22953 -0.330013 1.368290 0.092872 -1.915240 0.005029 1.315053 -0.645911 -0.261241 0.052966 0.261647 -1.783701 -1.207968 -0.902164 -0.872207 -0.923978 1.395101
hsa1144 0.422862 0.231560 0.579430 0.205094 -1.185065 0.704018 0.606946 -0.712504 0.603421 0.881284 -0.708832 0.368573 -1.048413 -1.085218 -0.722322 0.326223
D00831 -0.746569 -0.012186 0.173967 -0.453529 0.765125 -0.653834 -0.421459 -1.442414 -0.072555 0.316804 -0.446130 -1.302228 0.341232 -0.151250 -0.651285 0.474666
hsa23630 0.484523 1.195262 0.054552 -0.228355 0.829517 -0.622261 -0.567215 -0.491335 0.346999 -0.058185 -0.684349 -0.808888 0.243609 -0.559915 -0.011115 0.024942
hsa5027 -0.650831 0.700715 0.042953 -1.398872 -0.519789 1.011757 -0.646018 0.006355 -0.117674 -0.223265 -1.867352 -1.308720 -0.674206 -0.888040 -1.126663 1.583886
hsa26251 0.013786 1.856737 -0.642525 -0.050090 0.004724 0.403921 -0.217518 -0.899134 -0.068979 0.793949 -0.753100 -0.045508 0.437381 -0.646421 0.177352 0.317405
D01575 0.729182 0.258217 1.131304 0.404941 -0.006343 -0.301454 0.283309 -0.932068 0.067854 -0.555418 -0.136457 -0.704224 0.879145 -1.548810 -0.597606 -0.139195
hsa8514 0.333746 1.674753 0.054957 -0.372344 0.567930 -0.077637 -0.719215 -0.490175 -0.136541 0.612309 -0.686582 -0.028337 0.120045 -0.584016 -0.397115 -0.230131
hsa3779 0.385729 0.967926 -0.151875 -0.287918 0.870669 -0.284097 -0.610764 -0.754498 0.005641 0.180037 -0.460079 -0.467163 0.283193 -0.839096 0.177415 -0.074920
hsa2570 0.072580 -0.457147 -0.463362 0.660362 -0.564017 0.079886 0.291144 -0.476628 1.409274 -1.238373 -0.832799 -1.097501 -0.611417 -1.151119 -0.415970 -0.345750
D00963 -0.485916 0.218531 0.719925 1.343308 -1.766036 0.594308 0.012792 0.085162 0.487993 0.492162 -0.978574 -0.867551 -0.991986 -0.385212 -0.414178 -0.430098
D00392 -0.043491 0.908203 -0.599298 1.223699 -1.317940 0.345321 0.199364 -0.726173 0.453093 -0.035596 -1.536290 -0.780874 -0.020026 0.483397 -0.115400 0.312757
hsa3760 0.060983 1.377211 -0.586656 0.119072 0.227268 -0.291459 -0.747771 -1.285773 0.256542 -0.361034 0.571738 -0.620962 0.372205 -0.938049 -0.117808 -0.111634
D00418 -0.484800 1.035757 -0.403541 0.393064 -0.245081 0.921334 -0.547713 -1.149405 -0.181660 0.686603 0.342281 0.136596 -1.218818 -0.078148 -0.329197 -0.036335
hsa3769 0.049029 1.276725 -0.918311 0.067959 0.917703 -0.098009 -1.122586 -0.862683 0.402953 -0.160977 0.015405 -0.252715 -0.341264 -0.567186 -0.610038 0.179726
hsa169522 0.054332 1.646735 -0.440279 0.067863 0.523683 -0.078143 0.267037 -0.977784 -0.133209 0.343221 -0.588698 -0.424725 0.418551 -0.607466 -0.243629 0.334058
D00607 -0.827747 0.788006 1.014089 -0.052950 -0.639251 -1.266697 -0.170309 -0.344458 -0.446618 -0.358951 -0.492845 -0.156620 -1.372914 -1.261389 -0.225949 -0.343195
hsa23704 0.392126 1.038495 -0.092211 0.012252 1.132939 -0.743503 -0.988226 -0.562462 0.446741 0.319634 -0.322512 -0.755138 0.121070 -0.883585 0.018958 0.146529
D01828 -0.058646 -0.005590 -0.403834 -0.131101 0.424887 0.157351 -0.924581 -0.971638 0.257385 -0.396004 -0.714691 -0.067541 -1.008036 -0.045195 -0.611780 1.398844
D00709 -0.869856 0.168744 0.023617 0.050861 -0.323188 0.110497 0.329884 -1.464586 -0.226734 0.766658 -0.656572 -0.472820 -0.689196 0.622980 -0.477751 -0.537733
hsa1140 0.489774 0.252972 0.597843 0.553510 -1.241517 0.857047 0.647461 -0.565554 0.349031 0.791559 -0.902009 0.313401 -0.966735 -1.284773 -0.423954 0.533084
D01071 -0.608663 0.438459 -0.540411 1.440644 -1.428287 -0.014538 0.351153 -0.112863 0.816615 -0.071920 -1.313181 -0.789713 -0.511453 -0.351621 -0.564043 -0.074224
hsa9127 -0.629106 0.885907 0.492225 -1.770112 -0.407286 1.177599 -1.126507 0.004217 -0.142384 0.297109 -2.201592 -1.239790 -0.650214 -1.418901 -0.856561 1.614626
D00759 0.299534 0.186508 0.081256 0.159020 -1.197571 0.408621 0.565225 0.011997 0.159163 0.934893 -0.101793 -1.403375 0.076190 -1.491779 -1.220039 -0.919056
D02234 -0.218610 -0.159692 -0.378009 0.487743 -0.480412 -0.579093 0.241143 -0.291242 -0.811695 -0.149608 -0.724997 -1.066830 0.368682 -1.463385 0.338162 0.391625
D00960 -0.469361 -0.787577 0.289485 -0.012090 -0.635632 0.611872 0.815934 -0.128846 0.540586 0.511338 -1.730788 -0.439158 -0.824983 -0.952119 0.153585 0.079863
D00771 -0.197116 0.574166 -0.220586 -0.356969 0.241494 -0.441670 -0.788442 -0.221174 -0.317401 0.109905 -0.693352 0.842364 -0.064367 -1.266907 -0.837922 -0.847815
D02362 -0.920727 -0.440483 0.702484 0.380203 0.451720 -0.369753 -1.505221 -0.405309 -0.278780 0.229683 -0.037680 -0.981026 -1.012410 -0.878548 -0.516654 -0.651432
D01854 0.394900 0.425766 0.066197 1.741335 0.336412 0.234549 -0.516766 -1.569059 -0.025160 -0.450779 0.208011 0.396309 -0.243855 -0.592843 -0.946255 0.219169
hsa11280 -0.018099 -0.074808 1.117911 0.224464 0.030671 0.496170 -0.851731 -0.829688 0.006813 0.150617 -0.685524 -0.095320 -1.268512 0.048321 0.194495 -0.689509
D00035 -1.117424 0.785617 -0.161960 0.431677 0.037102 0.346947 -0.950304 -0.067338 0.022448 0.727589 -0.479633 0.145948 -1.603194 -0.976680 0.782131 -0.763426
hsa10060 0.497029 1.015202 0.150080 0.192939 0.694361 1.172324 -0.921968 -0.662734 0.261198 0.002926 -0.839316 0.062654 -0.215623 -0.389380 -0.120166 0.879964
D00765 0.102151 0.389292 0.547739 0.967774 -1.260519 0.451748 0.065029 -0.017286 0.155177 0.766765 -0.073405 -1.123589 -1.646539 -0.556499 -0.601080 -0.757500
hsa27345 0.945382 1.129728 -0.191586 -0.291779 0.696092 -0.062648 -0.843412 -0.727787 -0.001217 0.310534 -0.038183 -0.705497 -0.092384 -1.137858 0.702581 -0.224282
D01603 0.136343 0.057114 0.537986 0.544262 0.138153 0.483214 -0.796603 -0.920127 -1.003583 0.026555 -1.208375 0.821649 0.552178 -0.837269 -0.961521 -0.165575
D00704 -0.530118 -0.653937 -1.136711 0.785517 -0.644076 0.462988 0.121606 -0.244436 -0.183032 -0.230731 -1.321257 -0.113854 0.044407 -0.816408 -1.169199 -0.117428
hsa11254 -0.980126 0.124164 0.866505 0.516532 0.212317 -0.418481 -0.844914 -0.054742 -0.046896 0.077945 -1.035722 -0.098438 -2.100697 -1.367293 0.371619 -0.761161
hsa56660 0.703606 1.189440 -1.171622 0.425079 0.464336 -0.184958 -0.112243 -0.283565 -0.539042 -0.749807 -0.979240 -0.606624 -0.686198 -0.089919 0.043152 -0.874641
hsa116444 -0.267260 -0.557860 0.125088 0.809169 -0.915064 0.338368 -1.459087 -1.063263 0.650414 0.031736 0.004076 -0.823557 0.459611 -1.220127 0.327228 -0.601811
D00964 -0.473243 -0.005327 0.127588 0.209609 -0.140529 0.102096 0.827370 0.346189 0.411980 0.084406 -1.963322 -0.933072 -0.431191 -0.866010 0.463534 -0.024532
hsa2895 0.149485 -0.337577 -0.784314 -0.336171 0.118794 -0.396892 -0.739833 -1.120388 0.557795 0.173798 -1.269987 0.441005 0.107273 -0.912034 0.448975 -1.181802
D00504 -0.509346 0.338138 0.127491 0.825052 0.476657 -0.438042 -0.069402 -1.605467 -0.162937 -0.670239 -0.222003 0.727455 -1.851843 -0.302966 -0.499705 -0.727037
hsa7881 0.234005 1.666787 0.568591 -0.495220 0.396998 -0.082478 -0.569642 -0.396655 -0.000892 0.690187 -0.612712 -0.215581 0.055365 -0.633575 -0.282446 -0.079330
hsa57192 0.449801 0.914626 0.223980 1.065107 0.051531 0.129939 0.079040 -1.067284 0.650096 -0.033903 -1.641647 0.474424 -0.529214 -0.109375 0.896334 0.200012
hsa7225 0.152518 0.832133 0.347262 0.721301 0.280650 0.587858 0.227816 -1.515955 0.882867 0.281578 -1.278456 0.579383 0.086428 -0.693763 1.017992 0.117036
