D02356 -0.690484 0.408245 -0.130092 0.222919 0.665937 0.083763 -0.326324 -0.458401 -0.246839 -0.066969 -0.835057 -0.136701 0.467899 -0.029995 -0.002001 -0.455550
D00294 -0.144978 0.739809 -0.278198 0.194654 0.890117 -0.362707 -0.320589 -0.652403 -0.298422 0.081587 -0.748406 -0.307905 0.461868 -0.267090 -0.514126 -0.538028
D00332 -0.743446 0.282857 -0.032137 -0.221421 0.050206 0.909959 -0.464474 -0.291182 0.092292 -0.414679 -0.647077 -0.049506 0.000256 0.420566 0.214847 -0.615512
D00512 -0.743176 0.169187 0.027870 -0.066012 0.322092 0.730959 -0.315095 -0.254731 0.268346 -0.592405 -0.672987 -0.132391 -0.278817 0.358839 0.359056 -0.607864
D00542 -0.761106 0.262435 -0.166130 0.154781 0.033497 0.603052 -0.672238 0.245364 0.426513 -0.640181 -0.689262 -0.658409 0.257377 0.407882 -0.669097 -0.500512
hsa6331 0.069661 -0.091207 0.236769 -0.433719 0.192284 0.300102 0.495181 -0.815995 0.119925 -0.190716 -0.787693 0.046101 -0.492718 0.327322 0.153203 -0.760231
D00629 -1.122826 0.397547 0.315981 0.252457 0.043197 0.557438 -0.533760 0.145256 -0.116145 -0.776928 -0.958331 -0.424162 0.426632 0.380288 0.061134 -0.610690
hsa6328 -0.037416 0.006430 -0.128552 -0.306308 0.389567 0.546191 0.381920 -0.848502 0.010472 0.083319 -0.909778 0.093051 -0.340895 0.430730 -0.126890 -0.561348
hsa6329 -0.118530 0.000657 -0.034750 -0.365013 0.162967 0.546385 0.453977 -0.825748 -0.203697 0.018576 -0.908279 0.146383 -0.400494 0.446505 -0.016335 -0.588979
D01295 -1.105100 0.167630 0.075413 0.104516 -0.098487 0.592013 -0.514569 0.113634 -0.287145 -0.582402 -0.788842 -0.592210 0.038092 0.406800 0.081543 -0.617705
hsa2554 -0.073395 0.148398 -0.058734 0.313956 -0.636317 -0.234170 0.015626 -0.244468 1.050485 -0.616849 -0.446677 -0.989449 -0.292596 -0.147350 -0.795095 -0.580210
D00560 -1.073246 -0.003443 0.112550 0.203794 -0.281803 0.498115 -0.695743 0.099433 -0.374028 -0.486812 -0.854353 -0.576357 0.112711 0.283396 0.199360 -0.623343
D00618 -1.037587 0.274712 0.185073 0.148890 0.029455 0.690876 -0.620761 0.194141 -0.045654 -0.695281 -1.059663 -0.466462 0.200632 0.363763 0.049518 -0.505178
hsa6323 0.100292 -0.121407 0.121619 -0.543171 -0.036994 0.204079 0.595864 -0.970660 -0.047390 0.102489 -1.101563 -0.012142 -0.474039 0.388185 -0.008620 -0.499028
D00775 -0.109867 0.579049 -0.616275 -0.559804 0.345418 0.671495 -0.547162 -0.833895 0.807597 0.182733 -0.485272 0.174378 -0.294943 0.194840 -0.303273 -0.796244
D00437 -1.091706 0.438322 0.219442 0.163828 -0.064289 0.678799 -0.521919 0.146209 0.042241 -0.702584 -0.994699 -0.579887 0.223659 0.401996 0.147071 -0.355119
hsa6326 0.050618 -0.159869 -0.081372 -0.209937 0.173487 0.453433 0.760506 -0.976508 -0.229022 0.079174 -1.091108 0.000988 -0.347299 0.431207 -0.037999 -0.530133
D00499 -0.406842 0.286009 0.245663 0.590280 -0.817784 0.049002 0.513162 -0.138918 0.774728 -0.090408 -0.499890 -0.660197 -0.748996 -0.732566 -1.084046 -0.335876
hsa6335 -0.096098 -0.180590 0.070299 -0.319566 0.296036 0.451887 0.721728 -0.914356 -0.198100 0.127036 -1.002253 -0.010081 -0.451716 0.368600 -0.283982 -0.426508
hsa6336 -0.097119 -0.047829 0.000971 -0.063902 0.261394 0.886386 0.167756 -0.839520 -0.077567 0.080469 -0.772867 0.228909 -0.481357 0.581433 0.047987 -0.684598
hsa1135 -0.431827 0.559432 0.765629 0.974090 -1.014613 0.268103 0.674601 -0.361155 0.143588 0.741365 -0.757143 -0.035645 -0.639938 -0.407860 -0.584378 -0.617696
D00293 0.044328 0.062618 0.453663 0.851700 -0.319993 0.150776 0.120957 -0.452285 1.025742 -0.951905 -0.315126 -0.855242 -0.755964 -0.728002 -0.596891 -0.590263
D00547 -0.084491 0.171144 0.132572 0.636081 -0.219156 0.112016 -0.042880 -0.604546 0.889083 -0.813062 -0.363563 -0.297623 -0.229417 -0.616274 -1.341728 -0.329666
hsa6334 0.071378 -0.194781 0.127738 -0.180064 0.153438 0.425334 0.636056 -1.038779 -0.366556 0.233711 -1.063540 0.089375 -0.396358 0.442135 -0.199647 -0.545888
D02207 -0.265987 -0.127740 0.410268 1.044734 -0.592003 0.012249 0.163585 -0.181840 0.181102 0.658901 -0.655253 -0.610585 -0.442137 -0.843025 -0.707752 -0.403891
D00545 -0.163405 0.278769 0.206762 0.704057 -0.368444 -0.009260 -0.228867 -0.456578 0.925953 -0.820762 -0.497085 -0.465298 -0.219598 -0.489410 -1.249974 -0.231983
hsa2558 0.086289 -0.045168 0.238960 0.720693 -0.607440 -0.227883 -0.223925 -0.550667 0.734955 -0.353585 -0.704593 -0.573600 -0.507120 -0.664445 -0.949196 -0.196288
hsa2556 0.146510 -0.206958 0.044767 0.766313 -0.718970 -0.163180 -0.268869 -0.489772 0.718652 -0.372615 -0.700988 -0.559164 -0.558390 -0.689217 -0.973360 -0.339736
hsa2559 0.101206 -0.076356 0.286055 0.851215 -0.692981 -0.249327 -0.206804 -0.501031 0.744476 -0.326729 -0.653222 -0.527471 -0.676377 -0.745225 -0.887194 -0.403821
hsa775 -0.725784 0.117162 0.366716 0.402760 -0.018711 0.282854 -0.411923 0.219156 0.115896 -0.582684 -1.305506 0.000974 0.613078 0.294782 0.024378 -0.562369
hsa779 -0.871534 0.129262 0.673520 0.389419 0.017113 0.282431 -0.447908 -0.004363 0.080752 -0.551819 -1.070044 -0.119571 0.778343 0.268847 0.083945 -0.644466
D02272 -0.245016 -0.014834 0.221393 -0.217419 0.320977 -0.363633 0.663795 -0.412752 -0.339820 0.472496 -1.324313 0.166058 -0.101912 0.257585 -0.683860 -0.515518
hsa6262 -0.773363 0.351042 0.265089 -0.106618 -0.060762 1.121183 -0.553460 -0.321523 -0.484197 -0.394218 -0.844909 -0.755699 -0.068600 0.067548 0.196120 0.181618
D00740 -0.137847 -0.073140 0.378409 -0.145987 0.066981 0.895164 0.135615 -0.652870 -0.379031 -0.123198 -0.955222 -0.163460 -0.771810 0.564068 -0.219990 0.064627
D00552 -0.645879 0.070311 -0.148040 -0.198292 0.436314 0.564999 -0.130503 -0.855740 0.417258 -0.250479 -0.543819 0.409909 -0.780036 0.020883 0.167817 -0.485219
D00225 -0.035523 -0.039056 0.307575 0.891101 -0.409900 0.081308 -0.008422 -0.687037 1.195161 -0.637637 -0.597154 -0.804092 -0.715640 -0.719560 -0.830631 -0.250310
hsa1136 -0.326061 0.522180 0.661617 0.622150 -0.874976 0.442740 0.804580 -0.133111 -0.005559 0.771556 -0.704280 -0.475127 -0.773012 -0.541887 -0.780701 -0.562694
D00538 -0.476586 -0.137627 -0.762080 -0.316460 0.251728 0.521503 -0.122611 -0.331364 0.575799 -0.040608 -1.074708 0.130582 -0.462699 0.210978 0.103643 -0.549032
D00329 -0.117854 -0.395688 0.342630 0.796727 -0.477018 -0.244844 0.236207 -0.597753 0.984851 -0.769144 -0.726827 -0.404136 -0.172759 -0.950070 -0.801919 -0.386206
D00252 -0.512540 -0.292016 -0.224042 -0.415004 0.512729 0.892236 -0.280302 -0.780942 0.346728 0.019862 -0.705836 0.321044 -0.318337 -0.223853 0.403593 -0.732396
D00550 0.077685 0.156167 0.486827 0.770369 -0.578911 -0.065174 -0.148860 -0.408810 1.184439 -0.818168 -0.736566 -0.449097 -0.768514 -0.990822 -0.605944 -0.390425
hsa8913 -1.230668 -0.028761 -0.216417 -0.230743 -0.423838 0.380985 0.134007 -0.067239 0.134002 -0.500759 -0.814606 -0.604435 0.081659 0.643010 0.179391 -0.717415
D00642 -0.157627 0.226410 0.245722 -0.467090 0.433910 -0.239646 0.640817 -0.501012 -0.441698 0.384435 -1.291429 -0.073179 0.081183 0.224337 -0.660449 -0.365523
hsa6261 -0.811844 0.332676 0.379369 -0.151840 -0.053932 0.957593 -0.456319 -0.205872 -0.454709 -0.380080 -0.711068 -0.852632 -0.326476 0.127814 0.135162 0.062666
hsa8973 -0.440508 0.549643 0.541947 0.433955 -0.958806 0.341397 0.630703 -0.422201 -0.119591 1.064747 -0.689720 -0.323605 -0.697925 -0.710309 -0.713165 -0.566627
D00303 -0.484642 -0.291126 -0.554144 -0.037846 0.146551 0.800275 -0.205415 -0.767335 0.458508 -0.101168 -0.868062 0.494784 -0.467448 -0.116498 0.237556 -0.353842
hsa778 -1.047544 -0.067058 0.532078 0.084512 -0.013136 0.367771 -0.339931 0.111557 0.083314 -0.914800 -1.189247 -0.211682 0.459462 0.242884 0.126180 -0.496456
hsa8645 0.037508 0.167689 -0.110886 -0.285817 0.253011 0.253732 0.559566 -0.863810 -0.496815 0.248392 -1.123590 0.054134 -0.318123 0.490849 -0.409607 -0.392770
hsa6263 -0.487152 0.336452 0.235147 -0.167976 -0.169144 1.189218 -0.489943 -0.364852 -0.506136 -0.478196 -0.898045 -0.668589 -0.160972 0.049014 0.214343 0.207856
D00549 0.336684 -0.135186 0.152887 0.626644 -0.252059 0.294733 0.347221 -0.808142 0.901516 -0.958113 -0.698946 -0.059339 -0.860018 -0.519908 -1.127919 -0.246501
hsa2557 0.071887 -0.047672 0.079768 0.880436 -0.451361 -0.098057 -0.151439 -0.290141 0.801123 -0.395843 -0.806016 -0.544083 -0.650498 -0.642437 -1.007999 -0.197699
D00530 -0.469207 -0.250246 0.258828 0.909316 -0.583113 0.295496 -0.217994 -0.640205 0.667145 -0.654112 -0.580295 -0.202184 -0.859088 -1.083225 -0.901820 0.005631
hsa2555 0.178015 -0.139109 0.322673 0.789494 -0.487786 0.177865 -0.289166 -0.269714 0.814119 -0.252998 -0.698380 -0.674570 -0.682043 -0.744969 -1.011637 -0.228547
hsa776 -1.063813 0.265931 0.493402 0.007588 -0.031051 0.460698 -0.615396 0.148365 0.165248 -0.688064 -1.098966 -0.238424 0.437205 0.330468 0.140496 -0.622104
D00726 -0.366844 0.335249 0.270537 0.138149 -0.447614 0.953118 0.847030 0.026855 -0.251267 0.650121 -0.582338 0.037292 -1.048686 -0.699090 -0.793302 -0.720839
hsa57053 -0.260909 0.626481 0.415572 0.379299 -0.845087 0.469553 0.684264 -0.480949 -0.107598 0.851715 -0.477736 -0.381040 -0.724920 -0.835314 -0.737144 -0.521623
D00649 -1.447136 0.222004 -0.858874 -0.468757 0.055217 0.354163 -0.077031 -0.315167 0.131030 -0.211263 -0.613111 0.181586 -0.442672 -0.222066 0.266268 -0.808956
D00548 -0.189195 -0.074934 -0.102505 0.616593 -0.540467 0.288484 -0.188617 -0.553205 0.929164 -0.656740 -0.753537 -0.474375 -0.758075 -0.770125 -0.721190 0.175407
hsa3736 -0.223668 0.075847 0.379903 0.184555 0.328310 -0.342671 0.075676 -0.830977 0.309543 -0.733512 -0.635586 -0.125911 0.707636 -0.095207 -1.144480 -0.222011
hsa3782 -0.178357 -0.601778 0.033188 0.196932 0.260501 0.025600 -0.371981 -0.885379 -0.488360 0.188971 -0.576371 -0.513326 0.451936 -1.419506 0.312491 -0.990504
D00735 -0.157391 0.116556 0.070767 -0.173206 -0.224885 0.389905 0.746958 -1.236428 -0.260402 0.246832 -0.949630 0.051131 -0.361112 0.386296 0.014863 -0.269831
hsa3758 0.397036 1.483063 -0.138812 0.663320 0.299433 0.073762 0.023364 -0.648354 -1.090680 -0.661704 -0.895175 -0.300157 -0.044674 -0.253251 0.158813 -0.477449
hsa1137 -0.195250 0.522813 0.348597 0.381009 -0.870519 0.470587 0.645430 -0.313257 0.159641 0.987172 -0.727992 -0.596001 -0.559334 -0.618584 -0.925733 -0.434498
hsa55584 -0.372939 0.547516 0.443736 0.400719 -0.870562 0.427329 0.646584 -0.530801 0.224074 0.957769 -0.639509 -0.489609 -0.736558 -0.786488 -0.823315 -0.354716
D00528 -0.696177 0.486659 0.514527 -0.963456 0.045665 1.196133 -0.430697 -0.296741 -0.412871 -0.800141 -1.391241 -1.157188 -0.357973 -0.450481 -0.161127 0.616003
D00638 0.037807 -0.283040 0.535611 -0.239979 0.645864 0.099736 0.598751 -1.132077 -0.004126 -0.129165 -0.844449 -0.233995 0.287935 0.227332 -0.438359 -0.459619
hsa3778 0.557298 0.825828 -0.680882 0.234365 0.624646 0.158369 -0.907141 0.309327 0.814877 0.239440 -1.443665 -0.718606 0.105089 -0.047146 -0.360625 -0.701656
hsa1134 -0.480355 0.699308 0.727638 0.402912 -0.955483 0.406889 0.672841 -0.253283 0.085564 0.971072 -0.652137 -0.476124 -0.531425 -0.729012 -0.761531 -0.560702
D00738 0.194230 -0.035818 -0.255783 -0.167882 -0.269478 0.499258 0.746989 -0.953520 -0.290590 0.211842 -0.845909 -0.071482 -0.338465 0.360598 -0.199944 -0.654746
D00732 -0.125775 -0.155357 0.244221 -0.208032 0.178161 0.782238 0.561969 -0.699644 -0.366586 0.238458 -1.024819 0.216904 -0.633265 0.551012 -0.319384 -0.557732
hsa8911 -1.080768 0.057005 -0.297816 -0.036793 -0.195936 0.328030 0.019241 0.040147 0.370214 -0.439941 -0.771782 -0.797754 0.250263 0.480093 0.051536 -0.641674
hsa3781 -0.408553 -0.446320 0.016735 0.670188 0.105832 0.088796 -0.067671 -0.506542 -0.601170 0.373208 -0.468339 -0.714799 0.151522 -1.165468 0.171814 -0.689615
D05453 -0.474227 0.788743 0.337908 0.366220 -1.243646 0.030818 0.452641 -0.834094 -0.235172 0.859946 -0.783525 0.007809 -0.446454 -0.646399 -0.386646 -0.193598
D02086 0.110507 -0.006473 -0.037219 -0.184298 0.232965 0.485225 0.777995 -0.989597 -0.119784 -0.040024 -1.170999 0.146415 -0.671335 0.424474 -0.021948 -0.396420
D03991 0.479896 -0.123615 -0.463007 -0.247750 -0.324536 0.264363 0.470979 -0.991973 -0.834664 -0.082904 -0.894623 -0.122131 -0.045529 -0.201043 0.063504 -0.608543
D00349 -1.126300 0.032535 -0.100915 -0.123293 -0.212713 0.405486 -0.192997 0.200989 0.252202 -0.816947 -1.236994 -0.503896 0.607933 0.386027 0.244699 -0.753048
D00741 -0.042892 -0.069332 0.225976 -0.315144 0.200161 0.699070 0.470386 -0.954577 -0.298361 0.230646 -0.959920 0.215163 -0.772179 0.604208 -0.265079 -0.606229
hsa773 -1.054891 0.233886 0.212171 0.385238 -0.130523 0.639189 -0.306446 0.170188 0.027765 -0.762747 -1.074504 -0.231683 0.541368 0.373580 0.217823 -0.705743
hsa6530 0.522047 0.359942 0.732910 -0.349030 -0.587780 0.241073 -0.210117 -0.398759 0.435338 -0.275037 -1.136317 0.533195 -0.611288 -1.149569 0.781117 -1.045887
D02173 -0.174739 0.735806 0.499168 0.552606 -1.278820 0.755489 0.629239 -0.266407 0.012594 0.783809 -0.590651 -0.575910 -0.381922 -0.371216 -0.680711 -0.613904
hsa1139 -0.211982 0.620511 0.547302 0.456434 -0.927703 0.328839 0.585476 -0.317714 0.169750 1.124362 -0.798893 -0.308961 -0.519622 -0.589329 -0.862982 -0.586839
hsa8912 -1.275038 0.070480 -0.237533 -0.311116 -0.240367 0.360196 0.066937 -0.085497 0.073961 -0.333646 -0.720136 -0.610902 0.483489 0.476384 -0.001381 -0.872756
hsa3359 0.506512 0.548175 0.301671 -0.422231 -0.630826 1.000759 0.534536 0.181336 -0.612025 -0.042549 -0.620627 -0.072170 -0.574541 -1.226790 -0.752715 -1.194669
hsa1138 -0.184116 0.577963 0.533306 0.657302 -0.966775 0.461868 0.606201 -0.400696 0.133224 1.184462 -0.823695 -0.404154 -0.399321 -0.743961 -0.711654 -0.513979
D00648 -0.532294 0.089409 -0.335889 0.416584 0.171573 -0.577204 -0.422373 0.234691 -0.831633 -0.860488 -1.465179 0.179539 0.073473 0.186401 -0.389939 -0.668792
hsa3763 0.243695 0.346928 -0.607211 0.795961 -0.067725 -0.347998 0.230857 -0.900383 -0.262466 -0.026483 -0.502959 -0.593606 0.812455 -0.156893 0.301134 -1.297596
D00711 -0.109687 -0.025263 -0.028897 0.415034 -1.554934 -0.609358 -0.324023 -1.162268 0.350172 -0.187075 -0.251347 -0.210662 -0.370657 -0.144159 -0.359826 -1.073003
hsa786 -0.867512 0.225390 -0.154790 -0.013900 0.090306 0.302526 -0.480403 0.436436 0.011037 -0.875463 -1.194878 -0.064601 0.222660 0.172012 -0.039056 -0.625241
D02087 0.453341 -0.387803 0.307250 -0.150670 0.301419 0.166048 0.688123 -1.095693 -0.352323 0.117165 -1.037046 -0.674680 -0.386355 -0.050441 0.489280 -0.607855
hsa1141 -1.081717 0.159528 0.449724 0.074819 -1.106365 0.476550 0.557823 0.083280 0.003108 0.159999 -0.608183 -0.247803 -1.489162 -0.560870 -0.620285 -0.523903
hsa2562 -0.244742 0.078181 0.435335 0.907607 -0.378726 -0.009360 0.138515 -0.662964 1.081347 -0.969862 -0.570875 -0.326842 -0.635338 -0.980952 -0.999625 -0.220251
hsa2564 -0.165677 0.157497 0.237919 0.790575 -0.530916 0.102445 -0.037287 -0.550048 0.944456 -0.807352 -0.551626 -0.443344 -0.765294 -0.903679 -0.866486 -0.133970
D00136 0.088594 -0.107364 -0.043030 -0.366015 -1.216009 -0.605316 -0.832524 -0.973071 -0.585029 -0.395766 -0.559463 -0.777800 -0.167856 0.295828 0.004475 -1.281914
D01243 0.320795 -0.161849 -0.327052 -0.444786 0.148162 0.514949 0.850561 -1.038870 -0.082481 -0.135147 -1.049572 0.210323 -0.524590 0.355219 -0.369097 -0.682742
hsa2563 -0.213641 0.074946 0.390576 0.650414 -0.433670 0.035307 0.294347 -0.542163 0.976077 -0.968484 -0.561702 -0.302954 -0.515427 -0.976361 -1.007562 -0.271333
hsa782 -0.932791 0.325052 -0.135842 0.138015 0.230169 0.371826 -0.614711 0.187441 -0.285779 -0.814117 -0.913299 -0.440745 -0.000123 0.439477 -0.078107 -0.569135
D01287 0.119800 0.204832 -0.159616 0.047627 -0.003132 0.518582 0.696966 -0.925248 -0.094377 0.355691 -1.018258 0.043854 -0.435055 0.646882 0.164164 -0.656988
hsa783 -0.934282 0.238622 0.132897 0.096662 0.101096 0.631783 -0.626109 0.094542 0.105207 -0.728968 -0.873403 -0.336727 0.404053 0.357629 -0.019008 -0.641722
hsa3743 -0.155091 -0.088830 0.493429 0.476743 0.650686 -0.014329 0.145070 -0.691361 -0.083602 0.245718 -0.960887 -0.023889 0.792521 0.114388 -0.907227 -0.494404
D03365 -0.129404 0.993804 0.442013 0.239937 -0.943317 0.475820 0.727703 -0.040516 -0.331567 0.334741 -0.456339 -0.082764 -0.919571 -0.882218 -0.296165 -0.880394
D00739 -0.060357 -0.098662 0.238682 -0.351486 -0.095013 0.192723 0.484825 -1.350151 -0.199383 0.377867 -0.809634 -0.204329 -0.450255 0.613704 -0.008108 -0.661726
hsa2560 -0.168993 0.160603 0.257298 0.669509 -0.520652 0.115111 0.218146 -0.604438 1.119183 -0.917771 -0.728359 -0.282604 -0.657368 -1.187750 -0.939288 -0.050799
hsa774 -0.936681 0.271996 0.372829 0.123322 0.082290 0.629433 -0.644983 0.051293 -0.137573 -0.568255 -0.886616 -0.312411 0.176721 0.384540 0.067360 -0.557320
hsa3757 -0.476903 0.070162 -0.301545 0.371524 0.095837 -1.000589 -0.782953 -0.079779 -1.072565 -0.015371 -1.136089 -0.575336 -0.278962 0.000879 -0.119388 -0.932969
D03580 -0.210022 0.562109 0.661936 0.242946 -0.925122 0.164563 0.568746 -0.149472 0.248991 1.025028 -1.206407 -0.160208 -0.460047 -0.609573 -0.644829 -0.293372
hsa2890 -0.346889 0.708021 -0.149338 0.011899 0.301023 -0.063878 -0.498543 -0.734562 0.816465 -0.614861 -0.099446 -0.145419 0.003192 -0.154149 -1.284223 -0.370574
D00640 0.140376 -0.631061 0.092629 -0.510480 0.033009 0.239597 0.302991 -0.968983 -0.429260 0.202530 -1.208749 0.495478 -0.032227 -0.215610 -0.233205 -0.639281
D02088 0.005052 -0.068193 -0.125326 -0.269614 0.250348 0.318287 0.937828 -0.952024 0.120100 -0.500936 -0.966200 0.280114 -0.725522 0.257525 -0.178416 -0.461460
hsa51802 -0.841393 0.147768 -0.438590 -0.329894 0.479548 0.493509 -0.224294 -0.446215 0.430520 -0.089822 -0.730200 0.320171 -0.194558 -0.080617 0.253233 -0.704589
D00611 -0.077089 0.709771 0.105317 0.458444 -0.763173 0.668742 0.856107 -0.480461 0.331069 1.127141 -0.837402 -0.381523 -0.631104 -0.286906 -0.411267 -0.476085
hsa55879 -0.276890 -0.089421 0.084832 0.814515 -0.443965 0.205474 0.092915 -0.571953 1.025106 -0.772662 -0.616541 -0.346850 -0.513744 -1.009591 -1.011532 -0.199037
D02041 0.745388 0.535609 0.238436 -0.218218 -0.461596 1.066349 0.458587 -0.208957 -0.000021 -0.861705 -0.185424 0.067996 -0.346573 -1.038811 -1.037103 -1.176319
hsa3741 0.180207 -0.205744 0.487686 -0.316178 0.548961 -0.424140 0.523451 -0.459401 0.097801 -0.157727 -1.356964 -0.191177 0.833357 -0.231106 -0.477569 -0.436316
hsa2567 -0.130204 -0.074977 0.154335 0.827852 -0.480097 0.103382 0.110430 -0.655558 1.050703 -0.683446 -0.668664 -0.554739 -0.664599 -0.946898 -0.933860 -0.153070
hsa6337 -0.746687 0.123516 -0.500730 -0.301710 0.443658 0.514945 -0.339698 -0.491270 0.477413 -0.151279 -0.870753 0.380558 -0.301093 -0.038663 0.367208 -0.668024
hsa2566 -0.241898 0.059328 0.012385 0.759614 -0.578130 0.112436 -0.098541 -0.607884 0.942553 -0.742129 -0.610209 -0.587573 -0.439374 -0.812768 -1.029332 -0.026697
D02204 -0.444639 0.868740 0.851623 0.737714 -0.662601 0.462820 0.549136 -0.390831 0.015697 1.106625 -0.493761 -0.517236 -0.278795 -0.389927 -0.537303 -0.617106
hsa785 -0.766453 0.192893 -0.037776 0.060183 0.141652 0.565341 -0.764874 0.025162 -0.022082 -0.578107 -0.809607 -0.384173 0.098899 0.501851 0.084745 -0.746107
D00477 -0.084864 -0.104589 0.250970 -0.190898 0.282004 0.778507 0.812518 -0.748408 -0.173018 0.315533 -0.988132 0.143593 -0.559161 0.320327 -0.163874 -0.495297
D00619 -0.409494 0.273877 0.546930 0.814304 0.066972 -0.046871 0.022269 -0.472114 0.014010 0.252505 -0.827153 -0.231055 1.152122 0.380286 -0.074034 -0.925263
D00195 -0.337096 0.530200 0.423429 0.699665 -1.346780 0.532943 0.436410 -0.432777 0.061756 1.100433 -0.709809 -0.260794 -0.575066 -0.539299 -0.775671 -0.763583
hsa2561 -0.375564 -0.012116 0.516132 0.867667 -0.383909 0.134915 0.189796 -0.619136 1.149235 -0.689998 -0.462827 -0.399473 -0.601226 -1.135597 -0.932550 -0.365636
D05156 -0.208866 0.798382 0.647591 -0.003170 -0.637143 0.207871 0.581802 -0.756433 -0.097903 1.204041 -0.464638 -0.620783 -0.496578 -0.752158 -0.622574 -0.589514
hsa3738 -0.381234 0.194669 0.482565 0.201413 0.157730 -0.423952 0.171362 -0.654498 0.075086 -0.121630 -1.103794 -0.035672 1.167447 -0.091131 -0.618469 -0.343511
hsa5310 -1.275116 0.264109 -0.112592 0.043704 0.019328 0.496673 -0.499506 0.003974 0.018229 -0.420832 -0.773561 -0.185546 0.012946 0.126433 0.217768 -0.524762
hsa93589 -0.925142 0.246514 -0.022831 0.116106 0.138224 0.647021 -0.634805 0.005237 0.125459 -0.723600 -0.833268 -0.419556 0.247731 0.331821 0.090275 -0.576670
hsa285242 0.734439 0.170648 -0.037145 -0.209852 -0.133667 1.090712 0.400866 0.160904 -0.661254 -0.050623 -0.652932 -0.049568 -0.589400 -1.130877 -0.908063 -1.271252
D00524 -0.534109 0.337366 0.789220 0.361593 -0.603746 0.613478 0.774579 -0.579363 -0.219172 0.788548 -0.665769 -0.157365 -1.065111 -0.146091 -0.714435 -0.332958
D02101 -0.175687 0.498252 0.491753 0.620982 -0.961936 0.500055 0.635056 -0.246730 0.300384 1.153153 -0.882222 -0.504202 -0.431787 -0.630925 -0.845987 -0.603246
hsa2569 -0.305428 -0.023138 0.349942 0.750512 -0.281017 0.034459 0.349289 -0.413477 1.008862 -0.884647 -0.551621 -0.219247 -0.871494 -1.089515 -0.899621 -0.443133
hsa27092 -0.969489 0.638909 0.063591 0.134325 0.155958 0.762180 -0.426548 -0.049944 0.111711 -0.633867 -0.624340 -0.357837 0.344035 0.493088 -0.065354 -0.623124
D03878 0.139690 -0.057500 -0.220425 -0.115260 -1.208504 -0.517372 -0.727097 -1.338011 0.112408 0.005273 -0.269654 -0.138856 0.543306 -0.464203 -0.261724 -1.519116
hsa2741 0.411894 0.278107 0.236790 0.242084 -0.491431 0.506926 0.077736 -0.464416 0.464894 -1.264912 -0.257169 -0.001331 -0.073657 -0.429731 -1.584162 -0.716975
hsa10369 -1.134823 0.399410 -0.008271 0.202753 0.114244 0.785414 -0.495549 0.085875 -0.075906 -0.517794 -0.636826 -0.362528 0.280769 0.144448 -0.020221 -0.543048
hsa784 -0.894818 0.093846 0.118204 0.092388 0.093165 0.767042 -0.587654 0.069500 0.000692 -0.856507 -0.736640 -0.527540 0.011809 0.452007 0.092933 -0.694139
D04048 0.211111 0.145181 -0.321554 0.150266 -0.060317 0.679227 0.675892 -0.993268 -0.177706 0.357422 -0.932729 -0.044925 -0.278618 0.647770 -0.051663 -0.655540
D01450 0.325458 0.337194 -0.288739 0.706863 0.034452 0.520402 0.812720 -1.117634 -0.148509 0.389261 -0.797801 -0.015933 -0.065962 0.648214 0.033792 -0.779145
hsa3783 -0.477042 0.383654 -0.111076 -0.069407 -0.237038 0.634989 -0.234008 -0.929714 -0.449387 0.135658 -0.533811 -1.103892 0.782181 -0.558874 0.051793 0.234128
hsa6338 -0.776218 0.154769 -0.486550 -0.221290 0.342993 0.596086 -0.472881 -0.685932 0.437275 -0.195257 -0.489731 0.194002 -0.327604 0.016756 0.274471 -0.702877
D00110 0.668287 0.556918 0.951732 -0.119527 -0.503179 0.832089 0.325725 -0.724985 0.240049 -0.631549 -0.539045 0.505131 -0.189273 -0.600647 0.443395 -1.178715
hsa777 -0.983737 0.557227 0.156226 0.160314 -0.046459 0.513871 -0.630589 0.213767 0.083228 -0.565673 -0.858941 -0.477922 0.275765 0.365967 0.068380 -0.593767
hsa9177 0.584840 0.283302 0.197354 -0.323151 -0.210914 1.019935 0.415599 0.201632 -0.518165 0.071828 -0.654149 0.073532 -0.493203 -1.146466 -0.811215 -1.252733
hsa55515 -1.011744 0.164798 -0.643035 -0.577038 0.674434 0.518861 -0.235097 -0.667002 0.433650 -0.168059 -0.642479 0.260267 -0.432496 -0.360064 0.116481 -0.533148
hsa781 -0.942186 0.138619 -0.195357 -0.050726 -0.065185 0.409767 -0.446531 0.566670 -0.262678 -0.853184 -1.367419 -0.238608 0.206870 0.299029 0.069336 -0.647462
hsa6340 -0.782293 0.147393 -0.588652 -0.247905 0.290548 0.508583 -0.409807 -0.758994 0.524218 -0.142614 -0.747345 0.341437 -0.193748 0.018149 0.317772 -0.616876
hsa6324 -0.469114 0.184896 -0.480721 -0.191736 0.451300 0.817923 -0.428109 -0.696245 0.571847 -0.202876 -0.828585 0.263538 -0.201677 0.115185 0.318042 -0.508993
D00809 0.045169 -0.638029 0.171031 -0.152268 -0.286783 0.193440 -0.544360 -0.792414 -0.417058 0.071366 -0.656619 0.075948 0.326830 -1.580295 0.109896 -1.294684
hsa9254 -0.894287 0.453089 0.016121 0.065951 0.120060 0.567868 -0.573998 0.178234 -0.005343 -0.632771 -0.871693 -0.397465 0.149682 0.312429 0.011147 -0.535715
D00616 -0.416388 -0.389010 0.689743 0.313884 0.281129 -0.194111 0.037333 -0.458627 0.506637 -0.771893 -1.172111 0.096876 0.954949 -0.336415 -0.250867 -0.320030
hsa3710 -1.151191 0.375725 -0.000903 0.186851 0.113948 0.556407 -0.655291 0.029021 -0.169054 -0.469632 -0.870982 -0.354638 0.191261 0.336592 -0.108806 -0.383144
D03826 -0.362507 0.672950 0.876185 0.506209 -0.701047 0.092187 0.831983 -0.233751 0.024967 0.995987 -0.986372 -0.206442 -0.474844 -0.438205 -1.036783 -0.545767
D00677 0.725297 0.575248 -0.029281 -0.169432 -0.727177 1.211687 0.597397 -0.070280 -0.906477 -0.257347 -0.582913 -0.217453 -0.172138 -0.523368 -0.720178 -1.031086
hsa6339 -0.811998 0.145977 -0.458348 -0.239180 0.451988 0.633380 -0.458553 -0.451206 0.520651 -0.013177 -0.805944 0.319662 -0.384809 -0.013202 0.150258 -0.552188
hsa9311 -1.124949 0.323255 -0.529098 -0.519599 0.546187 0.526108 -0.295653 -0.307168 0.396519 -0.098895 -0.633199 0.120607 -0.508210 -0.131675 0.141385 -0.629033
hsa6332 -0.341738 -0.004535 -0.260926 -0.324240 0.344865 0.670817 -0.278407 -0.657459 0.316680 0.004901 -0.934716 0.418616 -0.162849 0.274159 0.102281 -0.545391
hsa55800 -0.685448 0.229997 -0.483660 -0.173585 0.400490 0.759344 -0.498779 -0.647848 0.529043 -0.027502 -0.566108 0.248851 -0.290124 -0.085937 0.158926 -0.504025
hsa3767 0.108446 0.916826 -0.626064 1.035151 -0.170597 -0.482075 0.098513 -0.374020 -1.065808 -0.998935 -1.212278 0.266798 0.372035 -0.511590 0.013442 -0.837106
D00799 0.306081 -0.365225 0.336095 0.284302 0.420338 -0.013464 0.468380 -0.801871 -0.755916 0.181855 -0.486784 -1.263500 -0.166078 -0.765471 0.348386 -1.150157
D03830 -0.360515 -0.475938 0.457558 0.273448 -0.275436 -0.892190 -0.216377 -0.643848 0.351069 -0.638559 -1.202990 -0.044861 0.839184 -0.258819 -0.473000 -0.316689
D00678 0.399180 -0.213990 -0.088253 -0.592951 -0.400899 1.325385 -0.227017 -0.244415 -0.754938 -0.119525 -0.530866 -0.283020 -0.107220 -1.755580 -0.730923 -0.891275
hsa6330 -0.582430 0.156563 -0.373748 -0.073832 0.428134 0.699531 -0.352214 -0.563840 0.520652 -0.153378 -0.624403 0.325760 -0.253302 0.047917 0.267458 -0.713926
D02409 -0.363785 0.143745 -0.199625 0.073537 -0.297093 1.206460 -0.566611 -0.566195 -0.547709 -0.847507 -0.740739 -0.832578 -0.160668 -0.715544 0.008149 0.582691
D00358 -0.034627 0.050529 -0.103031 -0.417252 0.394947 0.553989 0.829237 -0.858800 0.006856 -0.208189 -1.145781 0.150877 -0.529601 0.579323 -0.058742 -0.562769
D00394 0.313938 -0.395480 0.230448 -0.043827 -0.235853 0.682821 -0.503944 -0.591317 0.073385 -0.044229 -0.759576 0.585085 -0.041781 -1.406175 0.548497 -1.365464
D02098 -0.181221 -0.167600 0.380948 -0.167591 0.063893 0.744692 0.415253 -0.950168 -0.372061 0.504559 -0.905253 0.239903 -0.655431 0.603647 -0.519741 -0.480474
D00331 0.391338 -0.238594 -0.366774 0.322668 0.173649 -0.050052 -0.683613 -0.148761 0.880018 -0.067337 -0.929826 -0.964271 -1.052216 -0.655443 -0.842731 -0.157588
hsa3708 -0.960229 0.277145 0.010878 0.081993 0.280855 0.676773 -0.443281 0.099624 -0.026418 -0.541138 -0.883318 -0.562669 0.122536 0.434468 0.035326 -0.475763
hsa3765 -0.277928 0.954196 -0.613795 0.341362 0.509334 -0.260862 0.188741 -0.656666 -0.620798 -0.439286 -0.708651 -0.160703 0.856729 -0.379626 0.161585 -1.079971
D02461 0.170570 -0.390674 0.008325 0.781495 -0.584170 -0.468383 -0.107934 -0.426356 0.397516 -0.702360 -1.141218 -0.132445 -0.312554 -0.026289 -0.672796 -0.097867
D00812 0.145020 -0.623454 0.172166 -0.205779 -0.027147 0.450009 -0.790590 -0.813020 -0.224332 0.065569 -0.492558 0.252290 0.054582 -1.393690 -0.068783 -1.255804
hsa3737 -0.194125 -0.200059 0.438408 0.200071 0.483717 -0.256921 0.022084 -0.893229 0.202510 -0.307559 -1.092269 -0.148094 1.109788 0.070033 -0.809870 -0.251972
hsa116443 -0.274112 -0.082585 -0.352376 0.261791 -1.219389 0.401314 -0.623503 -0.946949 0.461823 0.065532 -0.104603 0.349315 0.007947 -0.041202 -0.409902 -1.183087
D00354 -0.007557 0.041129 -0.373843 -0.523035 0.259481 0.331662 0.440980 -0.876615 0.126602 -0.023324 -0.918650 -0.202070 -0.612991 0.248050 0.124855 -0.408710
hsa2742 0.491677 0.226372 0.199587 0.416748 -0.474113 0.762316 0.153861 -0.641104 0.581134 -1.184617 -0.002567 -0.097698 -0.603263 -0.732687 -1.375034 -0.923237
hsa55799 -0.718873 0.381589 0.032843 0.087079 0.270862 0.694920 -0.609258 0.146499 0.038709 -0.713086 -0.746329 -0.363514 0.017382 0.362287 0.172739 -0.718372
hsa6532 1.076191 0.331642 0.767181 -0.225871 -0.621622 0.638854 -0.467379 -0.571145 0.364510 -0.212314 -0.874350 -0.000515 -0.226033 -1.037625 0.828075 -1.682247
D00639 0.320109 0.107311 -0.023895 -0.531030 0.154983 0.414275 0.969680 -0.851077 0.316096 -0.431384 -1.018304 0.256688 -0.741504 0.102771 -0.117896 -0.503432
hsa3780 -0.244737 -0.261060 -0.301257 0.925635 0.145644 0.127816 0.019415 -0.420274 -0.159579 0.727224 -0.600893 -0.751912 0.344283 -1.096320 -0.046583 -0.455636
D00617 -0.941453 0.342307 0.819714 0.104828 -0.115627 0.327974 -0.258155 0.045350 -0.015296 -0.797419 -1.402184 0.162556 0.840147 0.504849 -0.071848 -0.493551
hsa55503 -0.913119 0.179962 0.172529 0.036688 0.143330 0.608543 -0.658662 0.039214 -0.106809 -0.683903 -0.673638 -0.378159 0.153512 0.260594 0.022007 -0.668178
D00319 -1.164386 0.276750 0.611598 0.305397 -0.100863 0.520438 -0.522928 0.185656 0.069324 -0.827673 -1.410470 0.048673 0.624324 0.373678 0.151473 -0.614864
hsa3784 0.037716 0.162243 0.630496 -0.430667 0.999065 -0.400200 -0.981409 -0.724656 -0.556169 -0.203849 -0.399940 -0.985664 -0.071725 -0.414180 -0.283335 -0.920452
hsa59284 -1.032008 0.351465 -0.000090 -0.021164 0.308732 0.735547 -0.385467 -0.089666 -0.242585 -0.658337 -0.533394 -0.330611 0.155461 0.216891 -0.138351 -0.547786
hsa8989 -0.975937 0.350354 0.050119 0.218670 0.207530 0.488147 -0.544974 0.135676 0.026687 -0.517176 -0.671245 -0.413587 0.080566 0.394398 -0.107231 -0.646811
D00438 -0.947421 0.130005 0.358233 -0.062768 -0.006099 0.240024 -0.722413 0.263530 0.148087 -0.971733 -1.401834 -0.206869 0.581949 0.217026 0.158342 -0.730369
D00546 -0.250208 0.435930 0.225178 0.165010 -0.040818 0.130335 -0.256403 -0.440880 0.860488 -0.817759 -0.174479 -0.466859 0.272763 -0.133364 -1.488143 -0.422863
D00219 0.336222 1.707381 -0.626539 0.732573 -0.225710 -0.078651 -0.113020 -0.684299 -1.430749 -0.973412 -1.144098 -0.108904 -0.271065 -0.796861 0.080614 -0.579012
D00283 1.052567 0.026836 0.634210 -0.564643 -0.012700 0.492068 0.624698 0.151383 -0.192500 -0.090060 -0.808360 -0.775653 -0.361290 -1.235737 -0.175469 -1.527837
D00823 -0.099178 -0.545165 -0.543890 0.875248 0.048574 -0.270106 0.387734 -0.670990 -0.375728 0.258167 -0.594697 -0.917778 0.342378 -0.938588 0.205389 -0.953960
hsa3746 -0.361813 0.006289 0.593556 0.369574 0.906142 -0.560570 0.076502 -1.129481 0.383401 -0.508548 -1.009965 -0.075945 0.663256 -0.147700 -0.172669 -0.300214
hsa6531 0.561672 0.618338 0.935404 -0.459821 -0.577719 0.306161 0.254111 -0.686277 0.589022 -0.788938 -0.675500 0.208558 -0.855076 -0.962239 0.758786 -1.322980
D00633 0.844019 0.588708 -0.637201 -0.812891 -0.033819 1.313886 0.530288 0.183748 0.215453 0.073774 -0.782949 -0.025963 -0.104107 -0.726751 -0.867671 -1.127650
D00367 0.787906 0.245172 0.733310 -0.135202 -0.316895 0.358157 -0.160327 0.092684 0.801760 -0.687248 -0.764644 -0.346011 -0.652526 -1.033748 0.523296 -1.241979
hsa170572 0.737037 0.349263 -0.335801 -0.585121 -0.503588 1.462393 0.381815 0.017168 -0.536834 -0.288054 -0.559189 -0.299921 -0.277947 -1.096307 -1.014918 -1.152167
hsa3739 -0.231766 0.281049 0.624320 -0.057466 0.406302 -0.166600 0.219049 -0.528668 -0.284482 -0.120304 -1.242451 0.031213 0.784905 0.250348 -0.638996 -0.222165
D00544 -0.294002 0.380658 0.169497 0.175725 0.100412 0.045971 -0.239871 -0.267149 0.780013 -0.896501 -0.264729 -0.335922 0.329618 -0.049024 -1.547190 -0.534995
D01712 -0.684593 0.353483 0.378813 -0.162113 -0.060788 1.216538 -0.474138 -0.579686 -0.741399 -0.374742 -0.858962 -1.133724 0.221611 -0.533786 0.047998 0.532753
D00543 -0.251077 0.503167 0.172355 -0.023598 -0.065391 -0.007236 -0.134898 -0.323810 0.818893 -0.960727 -0.303721 -0.276243 0.321285 -0.127900 -1.518629 -0.419661
hsa3744 -0.084795 0.226379 0.154676 0.209765 0.119366 -0.129247 -0.487065 -1.017938 -0.295083 -0.086955 -0.856503 -0.473995 1.237213 0.145940 -0.751809 -0.322572
D00336 0.097998 1.055005 -0.564139 0.039946 -0.556465 -0.055859 -0.377456 -0.838047 -1.848523 -0.872846 -1.028272 -0.471754 -0.504514 -0.251240 -0.017325 -0.182156
D00798 0.824935 -0.097536 0.127193 0.390269 0.019311 0.240101 0.498751 -0.890259 -0.516094 0.018786 -0.728311 -1.233305 0.187894 -0.303764 0.657001 -1.086761
D00326 -0.054727 -0.410815 -0.713859 0.624009 0.109445 -0.329843 0.537164 -0.506596 -0.386907 0.214512 -0.652812 -0.858989 0.181900 -1.092238 0.152394 -0.978955
hsa83795 -0.397453 0.252166 -0.352217 -0.128560 0.948400 -0.164613 0.401401 -0.332532 -0.461570 0.349853 -1.157125 -0.187557 0.170683 0.141660 -0.780919 -0.503632
hsa3759 -0.272447 1.236596 -0.452632 0.336883 0.733359 0.003240 0.181031 -0.803504 -0.558538 -0.435210 -0.650373 -0.303353 0.977946 -0.379032 0.176533 -0.894568
D01118 -0.078142 -1.049734 -0.157497 0.643720 -0.487285 0.326457 -0.323819 -0.978190 0.332659 -0.020265 -0.439881 0.485445 -0.173209 -1.000471 -0.150521 -1.115847
D01969 -0.736217 0.198303 0.557299 1.042049 -0.050016 0.295575 -0.009973 0.271129 0.165699 0.392759 -0.860552 0.079994 0.720462 0.176377 -0.058836 -0.995261
D00615 -1.001070 0.229133 0.777902 0.401074 -0.174595 0.321926 -0.426856 0.000479 0.199335 -0.866591 -1.387793 -0.028623 0.696716 0.376987 0.269824 -0.528551
D00379 0.435640 1.461061 -0.575358 1.094853 -0.012818 -0.009714 -0.126975 -0.513352 -1.365859 -1.243920 -1.133743 -0.005470 -0.057140 -0.892091 0.027359 -0.780692
D02253 0.088905 -0.280620 0.202224 0.599813 -1.101277 -0.174930 -0.177423 -0.163164 0.801168 -0.332706 -0.839964 -0.910278 -0.454974 -0.599119 -1.302850 -0.448834
hsa3788 -0.855397 0.982938 -0.358003 0.066481 0.435145 -0.257431 -0.452014 -0.603325 -0.390475 0.505912 -1.203549 -0.088816 0.631350 -0.794135 -0.177980 0.031059
hsa3762 -0.264083 0.713217 -0.745362 0.390074 0.792794 -0.357446 0.090399 -0.828410 -0.416957 -0.367902 -0.647202 -0.639674 0.827092 -0.260799 0.167476 -1.043613
D01453 -0.674595 0.434209 0.101737 0.090148 -0.105396 1.239344 -0.552907 -0.617647 -0.755356 -0.776790 -0.873399 -1.006037 -0.282275 -0.430568 0.106366 0.672060
D02914 -0.984649 0.117553 0.868925 0.403310 -0.020845 0.319110 -0.501269 0.213064 0.208596 -0.560994 -1.355712 -0.184165 0.476332 0.578772 0.242084 -0.729999
D05461 0.289221 -0.388853 0.594288 1.071657 -0.502941 -0.216382 -0.454479 -0.679030 0.126835 -0.145993 -0.673274 -1.049873 -0.589569 -0.961902 -0.767851 -0.172132
D00480 -0.232736 -0.884149 0.311816 0.247473 -0.029331 0.356329 -0.178851 -0.740153 -0.155694 -0.151196 -0.904155 0.579379 0.489976 -1.292430 0.475182 -0.979211
D01253 -0.384361 -0.167249 0.453945 0.416205 -0.177702 -0.019645 0.345213 -0.576763 1.059911 -0.869060 -0.134524 -1.510787 -1.043541 -0.154166 -0.255543 -0.766962
hsa9312 -0.953651 0.914184 0.004396 0.272422 -0.169989 -0.371700 0.094361 -0.374797 -0.222231 0.778723 -1.186420 0.375147 0.392134 -0.555397 -0.429222 0.024425
hsa2897 -0.203545 1.083940 -0.005127 -0.738222 -0.234034 0.175700 -0.714132 -1.267395 1.129162 0.752634 -0.366370 -0.224603 -0.501364 0.046559 -0.373587 -0.731776
D00227 -0.407773 0.574845 -0.154482 -0.166226 -0.337750 1.091495 -0.635817 -0.827003 -0.700504 -0.535546 -0.928232 -1.137701 0.178685 -0.311921 0.303138 0.559297
D05024 -1.155509 -0.152552 0.011419 0.606955 -0.229749 0.524935 0.401111 0.026419 0.320362 0.046982 -0.707691 -0.447812 0.880852 0.561239 0.102773 -1.227408
D00791 0.045814 -0.441429 0.724868 0.124824 0.441372 -0.115051 0.045783 -0.958601 -0.712873 0.319403 -0.551251 -1.346464 -0.116115 -0.587606 0.414568 -1.179397
D00658 0.397044 0.790368 -1.004348 0.114045 0.471431 0.172853 -1.160136 -0.057067 1.184168 0.421495 -1.835298 -0.517613 -0.122003 0.053266 -0.355864 -0.433528
D00816 0.377354 -0.580471 0.151856 -0.634921 -0.263978 0.165359 -0.594673 -0.794941 -0.217204 0.072497 -0.681838 -0.091479 0.428541 -1.408463 0.062593 -1.426191
D00340 0.488536 0.843535 -0.787594 0.169347 0.556060 0.075627 -0.873520 0.633470 1.160868 0.248533 -2.001935 -0.555182 -0.061161 -0.058118 -0.539735 -0.837564
hsa9424 -0.506665 0.204634 -0.379459 0.089459 0.736671 -0.318790 0.193855 -0.223176 -0.698116 0.052758 -1.330200 0.015432 0.102031 0.170617 -0.765192 -0.368164
D00647 0.084623 -0.046047 -0.586427 -0.085859 0.407023 -0.575452 -0.207812 0.638204 -0.707582 0.293217 -1.313183 -0.173455 -0.347990 -0.293554 -0.406319 -1.382347
hsa1145 -0.563823 0.842315 0.445879 0.353535 -0.565340 0.569318 0.903503 0.137024 0.018335 0.352671 -0.446189 -0.347403 -1.565259 -0.623726 -0.906432 -0.795108
D02546 -0.354565 1.520163 0.251402 -0.811319 -0.219124 0.037451 -0.532599 -1.269554 0.711029 0.990762 0.062391 -0.267638 -0.438043 -0.165707 -0.228367 -1.471537
D00380 0.556053 1.499746 -0.571136 0.719492 0.438739 0.365484 -0.051680 -0.110650 -1.337160 -0.904567 -1.238712 -0.071625 -0.336430 -1.180104 -0.195768 -0.523966
D00228 1.278135 0.393453 0.387554 -0.411843 -0.104789 0.338498 0.023036 -0.146610 0.582779 -0.046295 -1.157492 -0.691763 -0.200638 -1.062542 0.713293 -1.343048
D02163 -0.072799 -0.372503 0.705444 0.157222 0.181942 0.055276 0.074563 -1.314518 -0.540817 0.533527 -0.476658 -1.155375 -0.269184 -1.110368 0.538006 -0.630673
D00335 0.367991 1.675795 -0.551127 0.769211 -0.288718 -0.167066 -0.220742 -0.864021 -1.349601 -0.927737 -1.148680 -0.169191 0.137189 -0.446277 0.078952 -0.539620
hsa2898 -0.321130 1.420054 0.004624 -0.750301 -0.118222 -0.002538 -0.945578 -1.326204 0.950728 0.485971 -0.040265 -0.198589 -0.279777 0.002427 -0.742409 -1.131321
D01599 0.450699 1.757390 -0.503151 0.920579 -0.253219 -0.097059 0.310173 -0.525576 -1.225926 -1.360253 -1.342305 0.240337 -0.161922 -0.735618 -0.029911 -0.704233
D00451 0.631220 0.372805 -0.323240 0.055982 0.067117 0.407745 0.096822 0.381902 -0.795989 0.028834 -1.007615 0.651866 -0.635131 -1.353918 -0.722682 -1.359180
D02630 -1.024892 -0.381193 -0.053012 -0.549304 -0.414260 0.106366 -0.311596 -0.574974 -0.321607 -0.453290 -0.486782 -1.225431 0.399557 0.513172 0.308596 -1.083506
hsa3747 -0.398337 0.621172 0.526540 0.840863 0.998861 -0.244569 -0.025623 -0.705552 0.278403 -0.120127 -0.860937 0.127365 0.737691 -0.039696 -0.220777 -0.565686
hsa3790 -0.921978 1.015612 -0.320530 0.237626 0.528050 -0.045745 -0.396599 -0.608481 -0.326714 0.472360 -0.976517 0.125827 0.708984 -0.680608 -0.592167 -0.146828
D06172 0.149456 0.020964 0.036577 -0.264581 0.260631 0.194101 1.071929 -0.949626 0.325228 -0.996356 -1.028662 0.356932 -1.019677 0.138194 -0.089536 -0.448552
D00539 -1.585782 -0.153344 0.030981 -0.117425 -0.934824 0.084719 0.464819 -0.016289 0.671211 -0.424382 -0.550288 -0.838475 -0.201074 0.439921 -0.337851 -0.658887
D00656 0.789708 0.833015 -0.961060 0.508330 0.417679 0.263522 -1.143064 0.359073 1.031132 0.129785 -1.944427 -0.455945 -0.094250 -0.185745 -0.612591 -0.671427
hsa5023 -0.878465 0.828412 0.738985 -1.653974 0.343892 1.241314 -0.590191 -0.221859 -0.470536 -0.927532 -2.208140 -1.462192 -0.685330 -0.499990 -0.735377 0.750115
hsa200909 0.716428 0.358708 -0.269961 -0.523842 -0.594019 1.454906 0.478036 -0.242907 -0.288417 -0.196945 -0.489506 -0.125301 -0.031310 -1.211261 -1.059111 -1.083833
D00519 0.421982 0.506670 -0.749958 0.508449 0.512594 -0.032099 -0.815469 0.436009 1.003174 0.203140 -1.610191 -0.606199 -0.095940 -0.270385 -0.501702 -0.559472
D00464 -0.347768 -0.047551 0.055839 0.774702 0.096691 0.291344 0.276787 -0.244412 1.301605 -0.831923 -0.110061 -1.292372 -0.551685 -0.445380 -0.017140 -0.767980
hsa2899 -0.278273 1.291213 -0.239090 -0.831055 -0.054074 0.547980 -0.676149 -1.446399 0.847392 0.487427 -0.169653 -0.301607 -0.399891 0.202647 -0.486259 -0.750928
hsa3752 0.073937 0.557232 -0.125672 0.998051 0.803616 0.372884 -0.112474 -1.227926 -0.131860 0.299605 -0.860139 -0.011631 0.418898 0.548799 -0.413985 -0.426257
D00636 -0.194532 -0.858174 0.387451 1.256912 0.439164 0.430198 -0.135873 -0.256166 -0.054911 0.490516 -0.610988 0.201533 0.592858 -0.008613 -0.514960 -1.627950
D05077 0.867194 -0.154187 0.224599 -0.059579 0.436692 0.201699 0.860476 -0.821495 -0.220478 -0.383618 -0.957703 -1.019484 -0.167019 -0.250927 0.495108 -0.821895
hsa3787 -0.747209 0.868391 -0.141326 0.103850 0.682335 -0.306433 -0.673266 -0.698716 -0.355487 0.246896 -1.089838 0.007474 0.596330 -0.645178 -0.283277 -0.190224
hsa3768 -0.128265 1.318429 -0.524480 0.479603 0.538413 -0.207114 0.102051 -0.550019 -0.771727 -0.398008 -0.714608 -0.173457 1.084390 -0.546921 -0.063301 -1.291402
hsa3742 -0.145054 0.338189 -0.003696 -0.002140 0.612693 -0.027066 0.102887 -0.724656 -0.041396 -0.172643 -1.180862 -0.068749 1.189912 -0.125514 -0.771100 -0.238372
hsa5025 -1.023108 0.553655 0.885249 -1.723935 0.428644 1.434987 -0.491377 -0.162498 -0.229167 -0.918747 -2.179562 -1.561502 -0.596491 -0.718268 -0.588036 0.652472
D00563 0.606264 0.267109 0.748394 -0.622625 -0.346033 0.474850 0.205358 0.112484 -0.381496 0.039329 -0.835108 -0.193553 -0.404603 -1.721470 -0.115018 -1.369757
D01448 0.156321 -0.133545 0.534984 0.729922 -0.145399 -0.034974 0.206886 -0.995950 -0.613134 0.490120 -0.350884 -1.432425 -0.340963 -0.933657 0.326681 -0.749608
D00338 -0.233869 -0.476603 -0.247751 0.821879 -0.013543 -0.186399 0.740883 -0.469924 0.727753 -0.780511 -0.218738 -1.378211 -0.363717 -0.825913 -0.121902 -0.899746
hsa3775 -0.692111 0.455292 -0.592109 0.109589 0.872525 -0.262309 -0.052728 0.001053 -0.777369 -0.426778 -1.203867 0.025050 0.369495 0.037673 -0.745696 -0.667712
hsa90134 -0.662595 0.127145 -0.546432 0.300634 0.631613 -0.762652 -0.626810 -0.155034 -0.702106 -0.278123 -1.299852 -0.035351 -0.010500 0.169875 -0.247468 -0.836288
hsa2904 0.041561 -0.069394 -0.286890 0.007410 -1.538717 -0.537962 -0.727992 -1.294622 -0.055730 0.003057 -0.398328 -0.626780 0.013732 -0.223812 -0.345895 -1.330085
hsa2570 -0.168249 -0.068223 0.395736 1.002594 0.073110 0.084644 0.487532 -0.719037 0.949737 -1.021432 -0.571815 -0.197207 -0.998906 -0.878654 -1.041507 -0.392394
hsa5024 -0.865972 0.861650 0.922011 -1.523574 0.479381 1.340095 -0.489397 -0.158472 -0.313045 -0.826962 -2.127949 -1.444618 -0.783749 -0.535901 -0.327867 0.640700
hsa81033 -0.693628 0.284250 -0.306494 0.284362 0.704306 -1.013358 -0.455961 -0.346475 -0.729438 -0.488762 -1.333730 0.000757 0.036197 0.050785 -0.234815 -0.743307
hsa2743 0.236441 0.127159 0.243282 0.711732 -0.189022 0.636374 0.211880 -0.444430 0.896273 -1.387627 -0.253449 -0.205872 -0.670087 -0.617832 -1.315240 -0.793343
hsa2901 -0.297749 1.260760 -0.382939 -0.897070 0.036409 0.574941 -0.666477 -1.253780 1.094818 0.728191 -0.180846 -0.394294 -0.731846 0.063140 -0.381270 -1.262727
D01111 0.527492 1.141491 0.319318 0.148028 0.001875 0.361120 0.471038 -0.307998 -0.898293 -1.119709 -0.594459 0.256043 -0.280734 -0.363820 0.280332 -1.091318
D00593 0.259136 1.934860 -0.309940 0.418410 -0.480498 -0.248995 -0.112281 -0.671868 -1.405891 -0.784762 -1.363634 -0.006020 -0.418092 -0.627676 0.332154 -0.453204
hsa3761 -0.157700 0.981430 -0.401795 0.050867 0.849343 -0.015302 0.203983 -0.610999 -0.393713 -0.338117 -0.793948 -0.376698 1.115184 -0.354932 0.152006 -1.022804
hsa2905 -0.022240 -0.052077 0.070046 0.112126 -1.525097 -0.787128 -0.841060 -1.339725 -0.047917 -0.275240 -0.416618 -0.599082 -0.019261 -0.224046 -0.169249 -1.357852
hsa2891 -0.120858 1.101813 -0.689791 -0.058450 0.678632 -0.104980 -0.667802 -1.167397 0.535941 -0.098133 -0.094998 -0.039857 -0.076021 0.089936 -0.979884 -1.088543
D05458 0.160160 0.227994 0.625366 -0.778232 -0.198974 -0.065949 0.499548 -0.841973 0.555060 -0.833174 -1.124315 0.659336 -1.184092 -0.657955 0.720041 -0.816882
D02566 0.317787 -0.134077 0.691265 -0.768879 -0.517906 0.160709 -0.652893 -0.647113 -0.000569 0.105043 -0.771568 0.261827 0.073935 -1.695968 0.225157 -1.542303
D00533 -0.044518 -0.802490 0.190007 -0.599704 0.611499 0.686823 -0.460717 -0.749616 0.059059 -0.437731 -0.670282 0.203133 -0.542027 -0.661038 0.212396 -0.934608
hsa3766 -0.428941 1.400426 -0.034022 0.604813 0.750817 -0.534111 -0.124881 -0.465635 -0.719880 -0.319673 -0.778752 -0.273679 0.245710 -0.052048 -0.050372 -0.719486
D01799 0.340346 1.402892 -0.732309 1.390863 -0.202546 -0.184326 0.045054 -0.599071 -1.277205 -1.268177 -1.192164 0.304633 -0.079669 -0.888260 -0.147187 -1.021785
hsa27133 -0.142993 -0.024175 -0.025635 -0.111179 0.507204 -1.008327 0.120897 -0.077804 -0.650266 0.445146 -1.595609 -0.013525 -0.495476 0.265105 -0.697638 -0.917052
D00351 -0.101617 -0.278503 -0.459088 -0.240104 -0.642577 0.215992 -0.373347 -1.362392 -0.710820 -0.038669 -0.874462 -1.029964 0.941778 0.227308 -0.332482 -0.046075
D02360 0.992722 -0.084558 0.908935 -0.681018 -0.213536 0.356944 -0.714679 -0.225117 0.254075 -0.249276 -0.721105 -0.456781 -0.361532 -1.405756 0.043368 -1.606476
D04999 0.326812 0.877237 0.644820 -0.502933 -1.199862 0.392400 0.466525 -0.791663 0.217860 -0.416521 -0.387561 0.144107 -0.375250 -1.318966 0.466868 -1.119736
D00364 1.217106 -0.230304 0.685995 -0.439407 0.201255 -0.258384 0.789062 -0.139371 0.253535 -0.548630 -1.568864 -0.983411 0.174629 -0.632256 0.099598 -0.700699
hsa3764 -0.206886 0.744819 -0.779548 0.594106 0.560944 -0.206994 0.093275 -0.649077 -0.562426 -0.610254 -0.776825 0.151280 0.686827 -0.164014 -0.144947 -1.047772
D00651 0.408778 -0.074455 -1.102562 0.159930 0.549344 -0.120154 -0.803650 0.383016 0.968275 0.360982 -1.670310 -0.678142 -0.528914 -0.344066 -0.485540 -0.820214
D00373 1.059316 0.246648 -0.010566 0.268949 0.338635 0.207848 0.474952 -0.717189 -0.472409 -0.144373 -1.007338 -1.059422 0.284250 -0.504951 0.870251 -1.203241
hsa2893 -0.228972 0.909269 -0.671904 -0.350116 0.762472 -0.295500 -0.557889 -1.248226 0.462841 -0.101351 -0.225865 -0.080907 -0.078933 -0.069545 -0.954181 -0.904262
D00537 0.491269 0.756761 0.208118 -0.363345 -0.684628 0.180094 -0.143032 -0.885590 1.239854 0.464202 -1.037304 -0.477403 -0.634655 0.403980 -0.389891 0.064402
hsa1080 -0.250067 0.759886 -0.570306 0.147275 -0.259341 0.842884 -0.763128 -0.827656 -1.338225 -0.934510 -0.973535 -0.801804 -0.348170 -0.453807 -0.122585 0.561876
hsa3745 -1.019675 0.922077 -0.197179 0.228836 0.491660 -0.305494 -0.434448 -0.469049 -0.362365 0.555843 -1.098343 -0.007831 0.716828 -0.613063 -0.488937 -0.140498
D02092 -0.575914 0.307003 -0.994133 0.252036 -0.558549 -0.746444 -0.940631 -0.675569 -1.327262 -0.411815 -0.877390 -0.596957 -0.787910 -0.014541 0.063431 -0.747858
hsa3756 -0.590660 0.334680 0.182300 -0.145867 0.804238 -0.752571 0.385910 -0.208776 -0.486171 0.136982 -1.279996 -0.177185 -0.221699 0.227510 -0.493886 -0.474196
hsa3751 0.028437 0.399797 -0.010540 0.855795 1.052307 0.227463 -0.460912 -1.115776 -0.170979 0.041187 -0.959974 -0.339501 0.852465 0.142876 -0.654254 -0.312810
hsa3776 -0.157175 0.226814 -0.458429 -0.384409 0.700749 -0.434739 0.269135 -0.004446 -0.993564 0.668082 -1.366415 -0.268860 -0.165594 0.279306 -0.865753 -1.098803
D00574 -1.305021 -0.310568 0.609342 -0.430867 -0.685338 -0.092272 0.285210 -0.598104 0.351362 -0.055013 -0.377359 -0.698425 -1.643199 0.245623 -0.351043 -0.524595
hsa116444 -0.161926 -0.239202 -0.017747 0.166841 -1.463585 -0.436597 -0.849877 -1.296976 0.014615 -0.356568 -0.227132 -0.293155 -0.058667 -0.161128 -0.275358 -1.442152
D03274 -0.635299 -0.945623 0.066879 0.603585 -0.335840 0.058669 -0.512095 -0.441489 -0.729855 0.187612 -0.538493 -0.597229 0.272979 -1.372938 0.043661 -1.071386
D03180 -0.862988 0.023555 -0.260075 0.189490 -1.153518 -0.008327 0.477776 0.129055 1.012461 -0.651270 -0.630582 -1.180869 -0.324164 -0.336507 -0.807098 -0.437553
D03742 -0.578017 0.218803 -0.097489 0.477086 -2.008038 0.486924 0.173911 -0.968729 0.265412 0.527500 -0.288493 0.250345 -0.068215 -0.259178 -0.604223 -0.967459
hsa3760 -0.404367 0.773594 -0.710751 0.246031 0.597654 -0.272186 -0.024529 -0.815575 -0.336657 -0.404349 -0.843256 -0.559550 1.024791 -0.240338 0.334831 -0.842131
D00631 0.474510 -0.245714 0.296024 -0.243398 0.323974 -0.076258 -0.677321 -0.733105 -0.983819 -0.121924 -1.094283 0.845607 -0.181175 -0.998571 -0.379845 -1.043274
D00654 0.527248 0.841437 -0.864915 0.140332 0.631803 0.176792 -0.797626 0.081106 1.239557 0.446803 -1.803877 -0.508820 -0.142790 0.196146 -0.410428 -0.764464
D00234 -0.908130 -0.333551 -0.118731 0.513151 -0.443263 -0.338263 -0.745794 -0.050190 -1.315212 -0.289483 -0.789245 -0.873546 -0.330410 -0.013513 0.040359 -0.915345
hsa6833 0.165951 0.892824 -0.641073 0.421675 0.930291 -0.012486 0.006882 -0.521280 -0.686038 -0.764040 -1.291053 -0.514417 -0.285513 -1.008505 -0.166399 0.361731
hsa3749 -0.450312 0.525703 0.368978 0.698363 1.185885 -0.457810 -0.010365 -0.938532 0.410665 -0.456484 -1.034355 0.011826 0.540578 -0.370911 -0.168552 -0.149389
D00553 0.208802 -0.354458 -0.220631 -0.183065 0.081470 0.685836 1.182623 -1.064064 0.287550 -0.766782 -0.972605 0.260343 -0.699949 0.109587 -0.321205 -0.454693
D00513 0.771015 -0.289142 0.159720 -0.095844 0.018404 0.906095 0.296039 0.143984 -0.834769 0.293000 -1.137598 0.518120 -0.413303 -0.819889 -1.065186 -1.372021
hsa56479 -0.303163 0.729609 0.534752 -0.140747 1.277050 -0.186435 -0.906851 -0.624880 -0.811897 -0.262545 -0.703942 -0.126050 0.268768 -0.335537 -0.361339 -0.821911
hsa2903 0.178702 -0.121461 -0.241541 -0.097731 -1.516505 -0.491444 -0.967870 -1.213477 0.012659 -0.264257 -0.466986 -0.482884 0.144960 -0.052577 -0.261873 -1.447001
D03037 0.031431 0.035086 0.881634 -0.351578 0.357146 -0.504490 -0.747108 -0.938374 -0.681348 0.149643 -0.133274 -1.606671 -0.494960 -0.317186 -0.110649 -1.123333
D01768 -0.045712 -0.293571 0.724925 0.197623 0.429665 1.137887 0.044625 -0.830931 -0.516510 0.420534 -0.881841 0.564416 -1.039399 0.532656 -0.513928 -0.656567
D00536 0.253529 0.236595 0.040503 0.358721 -0.731864 1.009851 -0.273439 -1.112255 0.433736 -0.987217 0.178731 0.470554 -0.382807 -0.052302 -0.689249 -0.893994
hsa9132 0.046207 0.653418 0.580417 -0.343845 1.078476 -0.162440 -0.989126 -0.738121 -1.068004 0.033089 -0.672153 0.306442 0.250415 -0.787559 -0.486858 -1.114153
D01275 -0.354359 0.391225 0.431098 -0.020465 -0.291409 1.426952 0.309797 -0.057395 -0.854605 -0.241900 -0.576514 -1.088524 -0.014164 -0.058512 0.019615 -0.047949
hsa56659 -0.787339 0.414998 -0.455684 0.234988 0.894205 0.309669 -0.328395 0.027829 -0.289897 -0.173755 -0.584700 -0.821418 0.533688 0.108498 -1.051980 -0.604723
hsa3754 -0.669141 0.785691 -0.498872 0.143023 0.646506 -0.087172 -0.701662 -0.509912 -0.165904 0.597605 -1.176729 -0.219837 0.834722 -0.395195 -0.309952 -0.329426
hsa3785 -0.442026 0.493382 0.299412 0.010574 1.251022 -0.091872 -1.012876 -0.590265 -0.729515 -0.034086 -0.719974 -0.201498 0.081657 -0.223945 -0.281948 -0.722749
D01108 -0.421163 0.322976 -0.379880 0.006808 -0.182127 0.460515 -0.708403 1.046695 0.202569 -0.499768 -2.033247 -0.009248 0.361436 0.255706 0.226969 -0.782363
hsa26251 -0.748315 0.960368 -0.201934 0.358691 0.798261 -0.197217 -0.589619 -0.578972 -0.304103 0.419109 -1.199558 -0.094682 0.380370 -0.558706 -0.262475 -0.036138
D00594 1.061138 0.644702 0.088039 0.455860 0.427149 0.249638 0.310875 -1.094969 -0.907627 -0.739546 -1.001843 -0.886635 -0.496176 -0.466197 0.793453 -0.524992
D02261 -0.401567 0.536245 0.161505 -0.215703 -0.370792 -0.261830 0.447615 -0.701914 -0.542844 0.550573 -1.564031 0.560525 0.851977 -0.177527 -0.432616 -0.059643
hsa3769 -0.264639 1.202969 0.113688 0.275380 0.633399 -0.392948 -0.174782 -0.669561 -0.617860 -0.389401 -0.917783 -0.223315 0.449144 -0.103160 0.226162 -0.516587
D00694 -0.393035 -0.205954 -0.034309 0.978931 0.058746 0.346845 0.044908 -0.404931 1.164899 -0.898856 -0.070124 -1.394135 -0.597912 -0.242692 0.088281 -0.933355
hsa3772 -0.291855 1.347458 0.000703 0.420897 0.665589 -0.126356 -0.294804 -0.631386 -0.838035 -0.357432 -0.605044 -0.320257 0.472818 -0.206172 0.087983 -0.751671
D04985 -0.599724 0.222189 -0.427090 0.173069 -1.028718 -0.165134 0.577019 0.337912 1.058592 -0.589158 -0.751204 -1.326014 -0.127597 -0.302811 -1.126343 -0.521983
D00607 0.493850 1.178858 1.056106 -0.159754 -1.053945 0.308208 -0.743117 -0.555540 0.147945 0.445696 -1.482492 0.312140 -0.628300 -0.823154 0.559334 0.212150
D00274 -0.333861 0.407757 -0.613352 0.265454 -0.834906 -0.843317 -1.015132 -0.465203 -1.523426 -0.508134 -1.028638 -0.658850 -0.514153 0.128299 -0.226665 -0.847808
D00474 -0.447645 -0.061384 0.377714 -0.265227 -0.741225 -0.680052 0.283935 -0.706757 1.013416 -0.610844 -0.580029 -0.834415 -1.435331 0.144725 -0.340159 -0.834384
hsa2892 -0.248802 0.952408 -0.448182 -0.359236 0.899252 -0.152621 -0.586821 -1.094155 0.639867 0.096863 -0.105307 -0.335926 0.255262 -0.251756 -1.075779 -0.983760
hsa51305 -0.775511 0.527742 -0.278212 0.270736 1.458478 0.059470 -0.116287 -0.132498 -0.584706 0.195950 -0.853225 -0.460010 0.426660 -0.171226 -0.789687 -0.773815
hsa50801 -0.417612 0.448942 -0.563440 0.021715 0.898529 -0.082411 0.104760 -0.254390 -0.569703 0.360595 -0.951519 -0.625485 0.509669 0.293327 -0.994319 -0.731485
D00650 0.480915 0.264389 -0.859189 0.200982 0.516972 -0.056542 -0.860401 0.491384 1.242048 0.034583 -1.850255 -0.958273 -0.192108 -0.190345 -0.446045 -0.666619
hsa5026 -0.877597 0.938215 0.825586 -1.636381 0.064942 1.202968 -0.602218 -0.146952 -0.412701 -0.818542 -2.101983 -1.420413 -0.439091 -0.779290 -0.440813 0.646028
D02262 -0.694283 0.617565 0.398571 -0.079758 -0.115374 -0.440056 0.815394 -0.440621 -0.325452 0.968312 -1.611667 0.566858 0.071248 -0.152699 -0.573655 -0.291374
hsa8001 0.612629 0.306018 -0.089491 0.249113 -0.304416 0.842468 -0.041738 -0.185727 0.335874 -1.265055 -0.220398 0.028469 -0.482486 -0.878760 -1.644363 -0.995481
D04790 -0.731509 0.605516 0.728215 -0.389323 0.291592 -0.083624 0.127755 -1.607972 -0.106569 1.193587 -0.034948 -1.419804 -0.794235 -0.217046 -0.001421 -1.122269
hsa3773 -0.453246 1.235181 -0.452928 0.108395 0.763787 -0.012162 0.110840 -0.395925 -0.387971 -0.287638 -0.728361 -0.618671 0.885781 -0.269052 0.155700 -0.794317
hsa40 -1.861102 0.005853 -0.452989 -0.780611 0.418792 0.542223 -0.211190 -0.435762 0.382393 -0.011480 -0.540308 0.370016 -0.560260 -0.613168 0.093132 -1.084372
hsa2902 -0.057963 0.037038 -0.359037 -0.192198 -1.124170 -0.574817 -0.878558 -1.344293 0.303943 -0.142958 -0.159455 -0.376237 -0.058512 -0.241218 -0.360251 -1.410523
hsa6529 0.699131 0.863476 1.404329 -0.454490 -0.490259 0.650394 -0.003574 -1.002043 0.770178 -0.600261 -0.652620 0.489650 -0.561018 -0.929166 0.514005 -1.437886
D04370 0.786602 0.502817 0.225478 -0.409868 -0.799924 0.809210 0.661976 -0.115039 -1.062935 -0.837469 -0.711276 -0.007817 -0.215606 -0.700267 -0.485608 -1.099218
hsa3786 -0.294668 0.515941 0.611482 0.152684 1.146414 -0.269960 -0.752429 -0.552602 -0.636789 -0.027760 -0.637859 -0.409385 0.163431 -0.265976 -0.433866 -0.659456
hsa93107 -0.695957 0.724527 -0.257365 0.410693 1.008135 -0.155001 -0.832778 -0.839137 -0.331385 0.375302 -0.999174 -0.087468 0.392745 -0.328905 -0.539230 -0.196125
D00521 -0.697727 -0.261158 -0.122400 0.157553 -0.638803 -0.384309 -0.986200 -0.059066 -1.078518 -0.141050 -0.721401 -0.953704 0.104920 0.056950 0.076589 -1.282770
D00761 -0.405049 0.374074 1.085866 1.565244 -0.708498 0.223394 0.720044 0.126317 0.271838 0.645872 -1.009713 -0.212076 -0.315260 -0.092021 -0.384327 -0.751241
D04034 -0.871235 -0.913505 0.273593 0.400082 -0.195850 -0.146956 -0.234858 -0.353065 -0.951694 -0.316722 -0.676609 -0.569176 0.547257 -1.153333 -0.073487 -0.794633
D00345 0.386558 -0.698315 0.823213 -0.532268 0.770642 0.190111 -1.233671 -0.422496 0.252748 -0.129157 -0.478107 -0.515541 -0.765106 -1.174731 -0.563856 -1.054720
hsa27012 -0.979567 1.245814 -0.422044 0.374272 0.449052 -0.222145 -0.552921 -0.596297 -0.285761 0.610301 -1.296785 -0.029323 0.552018 -0.481484 -0.254958 0.097717
D01071 -0.909202 -0.029725 -0.145953 0.099940 -1.257351 0.192033 0.581400 0.049480 1.069835 -0.623538 -0.575396 -1.146572 -0.414661 0.102071 -1.022267 -0.615365
hsa2906 0.044320 0.098434 -0.091363 0.250606 -1.507869 -0.818219 -0.698708 -1.233454 -0.249641 -0.151763 -0.359141 -0.720818 -0.429656 0.243756 -0.310531 -1.464937
D02362 1.288151 0.002684 0.180955 -0.255915 -0.974757 0.266738 -0.413504 -0.447505 0.067150 -0.441899 -0.952817 -0.915065 -0.429443 -0.596432 0.941752 -1.736160
hsa60598 -0.719198 0.565491 -0.499939 0.205033 1.177299 -0.093850 -0.013836 -0.120200 -0.745851 0.323455 -1.025789 -0.630412 0.552176 -0.154941 -0.828105 -0.580510
D01350 -0.420590 0.773025 0.738109 0.113956 -0.660797 1.030563 -0.885011 -0.524393 -0.175393 0.159878 -1.050518 -0.686447 -0.421130 0.225959 0.642491 0.394298
D01256 0.694921 0.979123 -0.736310 0.278528 -0.135588 -0.039043 -0.893808 0.286068 0.927613 0.518605 -1.712692 -0.964897 -0.162150 -0.026945 -0.574286 -0.452277
hsa23630 -0.749506 0.861494 -0.256896 0.453972 1.017615 -0.031570 -0.176574 -0.667294 -0.165057 -0.023126 -0.733521 -0.673331 0.414440 -0.306720 0.168558 -0.326230
hsa6534 0.283977 1.220433 0.981098 -0.375301 -0.650580 0.174761 -0.224960 -0.523834 0.503326 -0.457709 -0.505050 0.330610 -0.752228 -1.065231 0.782567 -1.827112
hsa8514 -0.609984 0.690892 -0.121257 0.679299 1.244861 -0.157762 -0.564654 -0.778505 -0.013473 0.200033 -0.625929 -0.488716 0.290953 -0.494196 0.232400 -0.620434
D00697 0.787112 0.197585 -0.015686 0.228290 -0.251931 -0.250339 0.373147 -0.518008 0.725894 -1.115025 -1.086290 -1.405932 -0.078717 -0.844962 -0.218440 0.200256
D00035 -0.289891 1.843261 0.806374 -0.423007 -0.391616 0.347345 -0.385517 -0.211446 0.073434 -0.227587 -0.273149 0.379065 -0.489414 -0.541365 0.766171 -1.655525
D02485 -0.128420 -0.624642 0.329588 0.934788 0.633553 -0.476769 -0.167346 -0.170378 -0.967166 0.506482 -0.840816 -0.908315 -0.174979 -0.309340 0.084673 -1.549006
hsa54207 -0.361219 0.549702 -0.255263 -0.487496 0.893328 -0.550404 0.397392 -0.296463 -0.684676 0.513071 -1.138113 -0.433548 0.340192 0.064125 -0.846529 -0.909943
D00760 -0.835500 0.437440 1.011597 1.519739 -0.757530 0.223098 0.588192 0.014589 0.313082 0.758196 -0.685056 -0.066047 -0.280951 -0.231812 -0.152146 -1.038049
D00733 -0.038644 -0.569156 0.196916 0.790658 0.453624 1.265689 0.383332 -0.013934 -0.325189 0.431758 -0.801828 0.769000 -0.537134 -0.013949 -0.520653 -1.285966
hsa3753 -1.080130 0.878665 -0.043021 0.348030 1.272202 -0.158952 0.003710 -0.467856 0.132826 0.097355 -0.620155 -0.300839 0.445293 -0.437828 0.037059 -0.675582
hsa3755 -0.457766 0.703685 -0.384178 0.166349 0.921402 -0.338363 -0.815689 -0.898310 -0.291720 0.692058 -1.507198 -0.440628 0.655071 -0.483455 -0.435082 -0.002701
hsa3750 0.035058 0.691540 0.255366 1.081184 0.903011 0.310839 -0.446101 -1.171091 -0.296598 0.222874 -1.132638 -0.255774 0.715584 0.559031 -0.474786 -0.139726
D00779 -0.519685 0.319512 0.400380 0.476687 -1.265693 0.349422 0.826503 -1.410122 -0.203072 0.626675 -0.396637 0.099601 -0.376017 -0.059288 -0.178337 -0.583367
hsa2900 -0.191358 1.178661 -0.133526 -0.973895 0.244253 0.513042 -0.778330 -1.329198 1.018212 0.602507 -0.365744 -0.409445 -0.481898 0.414787 -0.660813 -0.958655
D06106 -0.774642 0.147759 0.092282 -0.104067 -1.181556 -0.016111 0.462924 0.187349 1.097487 -0.288130 -0.659194 -1.214267 -0.191994 -0.614794 -1.119850 -0.480001
hsa41 -1.698232 0.079079 -0.636978 -0.851411 0.639328 0.879758 -0.236658 -0.149485 0.470932 0.196467 -0.873688 0.082808 -0.742283 -0.785985 0.203227 -0.713039
D01575 -0.012620 -0.756249 0.051653 0.902265 0.025330 0.599222 -0.453488 -0.387891 0.003264 0.723738 -0.645474 -0.131716 0.630121 -1.475294 -0.192932 -1.211468
D00771 1.017753 1.100959 -0.471602 -0.496742 0.727802 0.517609 -0.532406 0.079117 0.524398 0.345801 -0.916547 -0.516953 0.264902 -0.626396 -0.170060 -1.094197
hsa10008 -0.829519 1.122907 -0.275476 0.155032 0.942658 0.088671 0.125138 -0.472726 -0.245366 -0.215604 -0.557515 -0.506888 0.452401 -0.511494 -0.006150 -0.315109
D01603 0.321626 0.090816 0.062360 -0.347414 -0.174309 -0.119909 -0.463464 0.351176 -0.137846 -0.122742 -1.592788 1.143518 -0.728008 -0.877715 0.303193 -1.323614
hsa11254 0.003759 1.435157 1.182873 -0.482833 -0.331622 0.114435 -0.378028 -0.467869 0.594422 -0.695679 -0.540395 0.446883 -0.694670 -0.746882 0.783521 -1.768881
D00709 -0.686047 -0.203004 0.024447 -0.666528 -0.335955 0.407725 0.649381 -0.488314 0.222560 -0.087454 -0.893956 -0.533969 -0.411038 1.028672 -0.076014 -0.671499
D00708 -0.457505 -0.235970 0.653704 -0.313283 -0.307727 -0.516221 0.606910 -0.753493 0.555788 -0.814371 -0.671859 -0.494986 -1.516062 0.325666 0.209990 -0.849440
hsa9127 -1.011163 0.780183 0.793540 -1.546970 -0.077386 1.581983 -0.568705 -0.074757 -0.211925 -0.835777 -1.850495 -1.610214 -0.846311 -0.583330 -0.722274 0.754514
D00963 -1.311729 -0.092107 0.543174 -0.043094 -1.999459 0.608889 0.857591 -0.030514 0.575014 -0.022583 -0.543072 -0.351093 -0.640856 -0.370408 -0.617693 -0.881799
hsa3779 -0.790856 0.697856 -0.243267 0.004962 1.140143 0.035160 -0.059534 -0.515805 -0.093575 -0.129285 -0.721143 -0.358432 0.803582 -0.568386 -0.384230 -0.488065
D00831 -0.242465 -0.311708 0.718191 -0.509497 0.833530 -0.263298 -0.235376 -0.920922 -0.691349 -0.402156 -0.277353 -1.242196 0.247370 -0.032412 -0.070556 -1.348225
D01242 -0.177577 -0.673516 0.078145 0.387027 -0.007011 0.341282 -0.502719 -0.775024 0.079748 0.199260 -0.588971 0.188071 0.436536 -1.467799 0.564162 -1.419032
D03450 -0.632326 0.950495 0.700122 -0.356663 -0.861145 0.283582 0.465469 -0.964409 -0.373732 0.519049 -0.537764 -0.850222 0.425103 -1.236908 0.730849 0.020575
hsa7881 -0.675573 0.792975 -0.333425 0.624991 1.056988 -0.170453 -0.692680 -0.872902 -0.092241 -0.076417 -0.507658 -0.484326 0.393160 -0.301033 0.243871 -0.766417
hsa169522 -0.650447 1.198721 -0.226394 0.134835 0.960396 -0.462207 -0.468389 -0.846990 -0.436671 0.176689 -1.310316 0.053041 0.629870 -0.628241 -0.508799 -0.106583
hsa22953 -0.683903 0.516018 0.817967 -1.553129 0.146535 1.441914 -0.660151 -0.331809 -0.072541 -0.793055 -2.304382 -1.272936 -0.608675 -0.518283 -0.035301 0.698437
D01828 0.619015 0.429775 -0.725644 0.219247 0.583288 0.010876 0.021106 -0.776508 -0.076655 -1.042585 -1.251545 -1.008941 -0.619401 -0.858144 0.278400 0.539163
hsa27345 -0.676015 0.833827 -0.323357 0.342244 1.063189 0.120062 -0.321516 -0.700672 -0.201101 0.189437 -0.708278 -0.117509 0.288251 -0.195165 0.063002 -0.585275
D01854 0.829107 0.297861 -0.068723 0.619288 -0.317655 -0.389374 -0.252161 -0.770757 -0.924501 -0.987368 -1.168814 0.573430 0.003488 -0.508380 -0.202864 -0.663475
D00456 0.503104 -0.440119 0.321395 -0.550967 -0.387427 0.909237 -0.555063 -0.528569 -0.625864 -0.156991 -0.771209 -0.033452 -0.063650 -1.984603 -0.220157 -1.175963
hsa11280 0.391121 0.185191 0.763395 -0.342482 -0.154977 0.998360 0.496261 -0.902580 0.115311 -0.412788 -0.666540 0.368080 -0.115580 0.281046 0.546076 -1.151042
D02347 -0.649660 0.005239 1.114357 0.011385 0.095291 0.130832 -0.421244 -0.573723 -0.276297 -0.626274 0.025210 -1.638563 -1.297624 -0.079779 -0.423405 -0.253338
hsa89822 -0.254261 0.321792 -0.706448 0.149165 1.041948 -0.127492 0.304508 -0.452431 -0.636603 0.432299 -1.210354 -0.436564 0.272802 -0.121767 -0.917818 -0.415724
D00759 -0.649289 0.238015 1.186500 1.439025 -0.632091 0.085311 0.372696 -0.044807 0.195538 0.963396 -1.009491 0.005146 -0.400345 -0.588224 -0.653813 -0.808134
D00504 0.260328 0.616927 0.409190 -0.760926 0.077105 -0.106435 0.803387 -0.696811 -0.082751 -0.888146 -1.093795 0.598920 -0.912509 0.211616 0.160886 -0.905789
hsa27094 -0.575378 0.837677 -0.062464 0.083086 1.157337 0.062298 -0.199031 -0.826495 -0.208509 -0.071886 -0.570866 -0.314555 0.661905 -0.385024 -0.355452 -0.533504
hsa10060 -0.057865 0.552895 -0.691746 0.779394 0.823609 0.341744 -0.314694 -0.469531 -0.908054 -0.461242 -1.261396 -0.674350 0.103393 -0.483333 -0.196869 0.198975
D00960 -1.084060 -0.131550 -0.056662 0.358260 -1.040154 0.705964 -0.252229 0.029017 0.323147 -0.153799 -0.776023 0.159157 -1.756135 -0.704288 -0.559650 -0.145716
D02234 -0.708277 -0.451759 0.334835 1.076525 -0.400297 -0.165074 -0.461823 0.011548 -0.702482 0.101790 -0.560161 -0.817806 -0.184640 -0.869232 0.052288 -0.683279
D00418 0.134144 1.377195 -0.247791 0.698648 -0.319479 0.757698 0.641963 -0.582800 -0.989602 -0.082481 -0.581220 -0.034540 -0.613916 0.360156 0.129606 -0.460055
hsa57657 -0.482005 0.501948 -0.054488 0.155390 0.898707 -0.681164 -0.780648 -0.437349 -0.279090 -0.265694 -1.220420 0.025862 0.223954 0.118923 -0.450476 -0.510304
hsa1140 -0.774520 0.199650 0.395055 0.227388 -0.627951 0.731905 0.946264 0.471140 -0.473475 0.546736 -0.636071 -0.486566 -1.526529 -0.516062 -0.978410 -1.092887
hsa1144 -0.830948 0.118450 0.572399 0.290279 -0.828136 1.049113 1.298249 0.450790 -0.096287 0.299423 -0.798162 -0.345320 -1.484451 -0.722605 -0.954481 -0.950950
D00765 -0.466851 0.563692 1.076501 0.497012 -1.819613 0.646397 1.080429 -0.003916 0.600654 0.243315 -0.886481 -0.018405 -0.386958 -0.564659 -0.068711 -1.057097
D02237 -0.139686 1.651123 0.461256 0.295759 -1.217753 0.167626 -0.228217 -0.509387 -0.468091 0.274571 -1.501911 -0.111542 -0.494866 -1.030673 1.033333 0.331317
hsa23704 -1.406281 0.815022 -0.158377 0.705316 1.175009 -0.249890 -0.048070 -0.542714 0.227482 0.064878 -0.939762 -0.795493 0.162356 -0.347598 0.248223 -0.017831
hsa56660 -0.995303 0.310779 -0.804751 0.222273 0.818407 0.742190 -0.354148 0.313828 -0.417882 -0.429890 -1.051134 -0.995380 0.451941 0.555901 -1.457662 -0.452873
hsa1181 -1.177807 1.469378 0.657195 -0.502970 0.628952 0.156645 0.477577 -1.495177 -0.261549 1.527730 -0.082899 -1.859171 -0.460409 -0.263914 0.184925 -1.364068
D00392 -1.435882 -0.122204 -0.767376 -0.340894 -0.886546 0.235811 0.526609 0.064618 0.650976 -0.661813 -0.750917 -1.034772 -0.125344 0.365351 -0.463797 -0.554278
D00495 -1.578630 0.239678 -0.498678 0.138951 -0.671554 -0.194785 0.687259 0.122192 0.952557 -0.693484 -0.921286 -1.209201 -0.004337 0.585031 -0.277777 -0.471789
hsa5027 -0.796248 0.709018 0.824672 -1.726291 0.425079 1.660328 -0.482965 0.353073 -0.328263 -1.011767 -2.542159 -1.904975 -0.791105 -0.545707 -0.759383 0.414597
D00704 -0.095002 0.008232 -0.271724 -0.382140 -0.819398 0.575970 0.064754 0.299495 0.936695 -0.725326 -0.516907 -1.072027 0.382267 -0.097349 -1.355230 -0.802790
D00964 -1.561955 -0.143834 0.456542 0.642214 -0.934307 0.608412 -0.388964 0.354521 -0.114453 -0.407108 -0.661509 0.116845 -1.178025 -0.674027 -0.481809 -0.157901
hsa9992 -1.173205 0.905228 -0.532039 -0.166238 0.897248 -0.407322 0.378609 -0.942617 -0.072059 -0.128080 -0.456638 -0.582005 0.445114 -0.796340 0.047538 -0.399013
hsa3748 -0.407782 0.231011 0.651948 1.110912 1.097616 -0.565363 0.337064 -1.151353 0.708673 -0.307292 -1.154516 -0.094645 0.921930 0.026517 -0.219943 -0.612483
hsa2895 -0.156522 0.783495 -0.385869 -0.705453 0.323406 0.422923 -0.905018 -1.328934 1.141830 0.129898 -0.281418 -0.111585 -0.069221 0.180243 -0.591957 -0.872780
hsa7225 -1.703536 0.311624 -1.317306 -0.579421 -0.045383 0.103889 0.676346 -0.562993 0.149228 -0.738432 -0.743604 0.451718 0.033067 -0.615805 -0.013428 -0.501620
hsa57192 -1.921791 0.210214 -1.146138 -0.134084 0.326277 0.343758 0.673191 -0.601876 0.123866 -0.118012 -0.278608 0.017197 -0.572599 -0.438680 -0.093431 -0.774092
