D02356 0.307376 -0.028482 0.062069 -0.006537 -0.046059 -0.279955 -0.259603 -0.639693 0.158015 -0.202586 -1.105677 0.022680 0.180692 -0.102293 -0.106584 -0.664002
D00294 0.535926 0.071324 -0.166611 0.131241 0.393499 -0.470457 -0.357163 -1.018121 0.145949 0.169003 -0.962019 -0.092571 0.251136 -0.595744 -0.501414 -0.622150
D00512 -0.314643 -0.359958 0.239840 -0.350430 -0.520853 0.345235 -0.384372 -0.406715 0.077007 -0.846760 -0.865731 0.209402 -0.286235 0.144411 0.016061 -0.543023
D00332 -0.256715 -0.358208 0.043885 -0.210369 -0.473725 0.094441 -0.408532 -0.487354 0.082488 -0.723360 -0.750246 0.101983 -0.326122 0.005639 0.288900 -0.868176
hsa2554 -0.404728 -0.226770 0.435653 0.027221 -0.745512 -0.558279 -0.003465 -0.635231 0.899436 -0.419229 0.210223 -0.301409 -0.867815 -0.377560 -1.157505 0.109104
hsa6328 0.201014 -0.459105 0.016602 -0.410891 -0.233630 0.311599 0.331306 -0.776477 -0.042986 0.293689 -0.460889 0.165268 -0.702673 0.515284 0.073035 -0.642876
D00542 -0.190099 0.032363 0.254293 -0.362842 -0.227920 -0.566861 -0.513854 -0.316802 0.281179 -1.146822 -0.406035 -0.367512 -0.352114 -0.227999 -0.436319 -0.827551
hsa6331 0.310466 -0.384330 0.107250 -0.098082 -0.193515 0.372140 0.573256 -0.791359 -0.429960 0.197566 -0.376462 0.310092 -0.816657 0.480128 -0.001898 -0.513765
hsa6329 0.225852 -0.387675 -0.080872 -0.372513 -0.141291 0.138376 0.319880 -0.896549 0.091997 0.428237 -0.505486 0.185910 -0.751596 0.447578 0.122257 -0.673701
D00629 -0.253703 -0.374513 0.284566 -0.380585 -0.549156 0.077788 -0.353052 -0.467972 -0.198253 -0.950329 -0.998730 -0.472958 0.132568 -0.070561 -0.029978 -1.107395
D00560 -0.181406 -0.430165 0.355606 0.046988 -0.681464 -0.143440 -0.543279 -0.320111 -0.163418 -0.762111 -0.762092 -0.737601 -0.062886 -0.059955 0.087770 -0.907666
D00618 -0.383486 -0.255911 0.353725 -0.215920 -0.589042 0.085728 -0.281074 -0.480889 -0.134086 -0.993968 -0.945464 -0.269327 0.072470 0.154729 -0.121266 -0.986453
hsa6323 0.186913 -0.321126 0.002020 -0.358199 -0.124907 0.269921 0.534179 -1.065347 -0.155054 0.586417 -0.373897 -0.030517 -0.933034 0.597347 -0.152001 -0.553482
D01295 -0.261700 -0.238802 0.144317 -0.174593 -0.581965 -0.052212 -0.418575 -0.394432 -0.185630 -0.938712 -0.996103 -0.750041 -0.094427 0.119849 -0.059128 -0.967653
D00437 -0.485193 -0.356828 0.113178 -0.428094 -0.591465 0.102699 -0.447623 -0.591289 -0.062855 -0.915608 -0.957812 -0.403706 0.038773 0.088665 -0.063010 -0.839495
D00775 0.300479 -0.133584 -0.705672 -0.327794 -0.338917 -0.099724 -0.574533 -0.675976 0.775975 -0.018027 -0.445107 0.686572 -0.753613 -0.349401 0.105748 -0.521059
hsa6326 0.216384 -0.404049 -0.172756 -0.476101 -0.131085 0.278066 0.494525 -1.123234 -0.176474 0.574095 -0.472354 0.063551 -0.998448 0.454725 0.135157 -0.507966
hsa6336 0.172862 -0.052209 -0.222084 -0.451402 -0.392147 0.190198 0.255249 -0.673746 -0.239638 0.097068 -0.505388 0.573023 -0.677801 0.268899 0.230487 -0.731969
D00293 -0.142216 -0.475113 0.531936 -0.071799 -0.653866 -0.227928 0.376250 -0.606741 0.476132 -0.705639 0.048101 -0.102614 -1.062726 -0.706179 -1.226695 0.474782
hsa6335 0.289031 -0.279245 -0.082032 -0.142137 -0.190082 0.240570 0.570978 -1.224046 -0.191699 0.604432 -0.346403 0.041529 -0.773393 0.691461 -0.087572 -0.591191
D00499 -0.136294 0.401245 0.383950 0.286660 -1.206324 -0.308490 0.935210 -0.360999 0.564316 -0.584116 0.165125 -0.139931 -0.814242 -0.307850 -1.016299 -0.135783
hsa6334 0.303537 -0.469020 -0.138108 -0.465766 -0.133021 0.335666 0.562286 -1.042249 -0.079592 0.629453 -0.438982 0.013953 -0.829764 0.549288 -0.173124 -0.424971
hsa775 -0.203115 -0.703668 -0.193819 -0.223765 -0.560571 -0.253510 -0.116797 -0.162279 -0.147320 -0.677898 -1.037653 -0.194422 0.333415 -0.197409 -0.367611 -1.050876
D00549 -0.115522 -0.426045 0.023384 -0.345715 -0.496889 -0.397515 0.851956 -0.773798 0.292480 -0.692290 0.325186 0.038884 -1.395993 -0.088489 -1.128224 0.152317
D00547 -0.065475 -0.224339 -0.219919 -0.036235 -0.276578 -0.476866 0.495996 -0.623987 0.646888 -0.895748 0.208126 -0.289746 -0.827013 -0.775729 -0.943814 -0.127369
hsa2559 -0.001419 -0.258214 0.076025 -0.027225 -0.911401 -0.593644 0.504740 -0.691341 0.327381 -0.577248 0.291046 -0.512905 -0.855735 -0.364452 -1.126958 0.301162
D00538 0.334153 -0.326464 -0.205639 0.009984 -0.586634 0.297404 -0.251706 -0.658286 0.463495 -0.295644 -0.669960 0.504360 -0.372298 0.761698 0.015208 -0.656968
D00545 -0.049415 -0.163427 0.052974 -0.380170 -0.200354 -0.851961 0.499563 -0.775547 0.768081 -0.956297 0.156311 -0.110151 -0.763541 -0.661833 -0.999219 -0.129861
D02272 0.308064 -0.183913 -0.169383 -0.222335 0.171758 -0.328344 0.354792 -0.470993 -0.332719 0.959759 -0.802507 -0.128509 -0.561725 0.452751 -0.757864 -0.833402
hsa1135 -0.014809 0.550192 0.441476 -0.072629 -1.621443 -0.123803 1.017019 -0.063066 -0.105977 0.594142 -0.086119 -0.360399 -0.568394 -0.262888 -0.714421 -0.933363
hsa2558 0.113598 -0.177531 0.017630 -0.136373 -0.966028 -0.584609 0.414848 -0.803510 0.357045 -0.665603 0.378311 -0.506136 -0.868177 -0.511099 -1.177950 0.368167
hsa2556 0.181320 -0.174359 0.102182 -0.135364 -0.935239 -0.552491 0.385911 -0.668993 0.479557 -0.508437 0.275969 -0.374157 -0.746216 -0.265913 -1.211410 0.338239
D00642 0.177145 -0.440126 -0.165843 -0.174301 0.273265 -0.071588 0.473966 -0.683176 -0.329207 0.717206 -0.913566 -0.242752 -0.288289 0.420820 -0.673473 -0.897696
D00329 0.173798 -0.614324 0.140070 -0.005580 -0.695626 -0.617411 0.817767 -0.515865 0.428768 -0.677183 -0.127717 -0.180747 -0.759594 -0.491190 -1.102650 0.371482
hsa2555 0.058285 -0.233515 0.026260 -0.101303 -0.872458 -0.450711 0.338487 -0.782527 0.400699 -0.642802 0.388444 -0.293498 -0.918171 -0.579437 -1.167815 0.340481
D00303 0.384675 -0.797616 -0.345825 0.021476 -0.560026 -0.032192 0.180204 -0.358229 0.326133 -0.289471 -0.837606 0.650617 -0.759437 0.473675 0.149561 -0.221979
D00530 0.108135 -0.233442 -0.064717 -0.085632 -0.896650 -0.533154 0.716594 -0.343317 0.521433 -0.934612 -0.182751 -0.208288 -1.087114 -0.272852 -0.782740 0.490909
D02207 0.661227 0.197149 0.319127 0.182099 -1.061096 -0.526405 0.713874 -0.006077 0.110198 0.411732 -0.124072 -0.708216 -0.509571 -0.579360 -1.045263 -0.121681
hsa2557 0.215279 -0.196317 0.229371 -0.069604 -0.993991 -0.615989 0.532669 -0.743841 0.374546 -0.523640 0.367759 -0.313845 -0.746493 -0.319753 -1.223379 0.294582
hsa8913 -0.129185 -0.193965 0.182439 0.165382 -0.821017 0.068956 -0.328191 -0.799828 0.204638 -0.749118 -0.424692 -0.298920 0.130300 0.634585 0.015050 -0.982347
hsa779 -0.018183 -0.565237 0.060018 -0.414034 -0.564255 -0.195657 0.099118 -0.166996 0.125793 -0.638956 -0.918261 -0.609401 0.430166 -0.315359 -0.229006 -1.192550
D00550 -0.112922 -0.327930 0.330833 -0.057744 -0.915077 -0.528009 0.829203 -0.588899 0.396311 -0.814193 0.045506 0.125080 -0.739406 -0.818655 -1.381126 0.313681
hsa778 -0.314377 -0.691657 0.024969 -0.541511 -0.501105 0.018816 -0.351068 -0.333911 0.021602 -0.822133 -0.856237 -0.371876 0.199353 -0.166549 -0.353400 -1.025704
D00548 0.005748 -0.175505 -0.032868 0.065169 -0.700580 -0.419116 0.598983 -0.680937 0.426680 -1.052864 0.017047 -0.285614 -0.939657 -0.427356 -0.989386 0.425214
D00552 0.027496 -0.303515 -0.075514 0.198834 -0.322665 -0.008977 0.016120 -0.567925 0.533783 -0.301693 -0.701393 0.548453 -1.036603 0.384257 0.443009 -0.484016
D00225 -0.099766 -0.315274 0.265743 -0.291811 -0.983153 -0.686077 0.587593 -0.744587 0.247841 -0.905721 0.079469 -0.047097 -1.017705 -0.481146 -1.218062 0.534404
hsa8973 0.099240 0.837025 0.184270 0.252950 -1.182082 -0.095855 1.078353 -0.131685 0.123566 0.643221 -0.395395 -0.483589 -0.874118 -0.595623 -0.859342 -0.592234
hsa1136 0.266343 0.927479 0.096118 0.255311 -1.336733 0.076365 0.939702 -0.128971 0.190481 0.645104 -0.415450 -0.382548 -0.896695 -0.464158 -0.611060 -0.536971
D00252 0.873435 -0.643233 0.070883 0.005744 -0.600369 0.374224 -0.073051 -0.479672 0.454483 -0.270032 -0.612792 0.827396 -0.652078 0.338927 0.295673 -0.666721
D00726 0.586567 0.562964 -0.080349 0.447717 -1.169391 0.824423 0.910884 0.140061 0.209675 0.300919 -0.494047 -0.346252 -0.991767 -0.056589 -0.576527 -0.604990
hsa6263 -0.250114 0.160824 0.230818 -0.737006 -0.641942 0.561880 -0.026056 -0.576937 -0.174069 -0.705564 -1.214189 -0.656310 -0.155508 -0.119286 0.090465 -0.186907
D00649 0.079108 -0.087123 -0.643225 0.800054 -0.581303 0.457415 -0.360374 -0.584715 0.818880 -0.440900 -0.912147 -0.065840 -0.521387 0.444456 0.313992 -0.876090
hsa8645 0.419309 -0.125325 -0.166183 -0.655045 -0.180300 0.093268 0.419866 -0.931038 -0.301049 0.596356 -0.664349 0.039349 -0.479733 0.549619 -0.170312 -0.591965
D03991 0.123993 -0.560986 -0.204382 0.149691 -0.410649 0.566299 0.335428 -1.240361 -0.509873 0.678042 -0.570392 -0.263478 -0.455227 0.213173 -0.144436 0.176603
D00740 0.100123 -0.018075 0.008117 -0.674887 -0.308128 0.247681 0.649308 -0.612233 -0.121535 -0.020439 -0.714796 -0.226928 -0.990596 0.405913 0.361061 -0.227302
hsa8912 -0.152755 -0.155620 0.129860 0.205604 -0.793812 -0.065659 -0.145687 -0.556600 0.235959 -0.880696 -0.658162 -0.025054 0.160459 0.474934 -0.007297 -0.984853
hsa3782 1.264250 -0.766459 0.608992 0.315393 -0.357390 -0.148017 -0.066830 -0.507815 -0.356538 0.340752 -0.812035 -0.296485 -0.224888 -1.050910 0.058665 0.040504
hsa6262 -0.345952 0.278834 0.158569 -0.643881 -0.570492 0.561136 -0.132275 -0.488142 -0.124914 -0.688040 -1.190153 -0.526678 -0.132434 -0.355410 0.074883 -0.189315
hsa3736 0.270593 -0.469139 -0.065808 -0.368146 0.535443 -0.514053 0.648240 -0.980789 0.513713 -0.299950 -0.258528 -0.262904 0.097087 -0.463337 -0.863850 -0.418421
hsa57053 0.198775 0.730504 0.070366 0.080202 -1.303787 0.177291 0.931230 0.012413 0.240404 0.647822 -0.287226 -0.300066 -0.891869 -0.426692 -0.907685 -0.541853
D01450 0.152062 -0.018402 -0.025807 -0.489366 -0.212497 0.060540 0.747228 -1.167186 -0.164612 0.478341 -0.472393 0.502807 -0.148994 0.198288 -0.001585 -0.743498
hsa6261 -0.277474 0.182510 0.482761 -0.802656 -0.373949 0.365978 -0.054196 -0.689295 0.157689 -0.452112 -1.229474 -0.720342 -0.467399 -0.105227 0.258345 0.142556
D00711 -0.436513 -0.651186 -0.178834 0.156042 -1.539893 -0.501770 0.210264 -1.076717 0.070238 0.131830 0.608734 -0.250526 -0.562668 -0.515650 -0.523809 0.248730
hsa55584 0.162495 0.898430 0.116554 -0.061658 -1.351549 -0.141584 1.017657 -0.315176 0.177929 0.540297 -0.178053 -0.536195 -0.740007 -0.435886 -0.825625 -0.421111
hsa2560 -0.018187 -0.104030 0.115444 -0.301562 -0.670820 -0.602335 0.939271 -0.554787 0.315761 -0.907365 0.038299 0.012288 -1.004244 -0.565617 -1.112428 0.205222
hsa773 -0.081676 -0.270738 0.041016 -0.559939 -0.503634 -0.019059 -0.402012 -0.311655 0.003528 -0.714327 -0.711262 -0.550904 0.100817 -0.240200 -0.049017 -1.262155
hsa776 -0.088553 -0.341869 -0.145999 -0.396029 -0.582799 0.143552 -0.450874 -0.156014 0.075923 -0.845393 -0.921567 -0.556638 0.183011 -0.153567 -0.446305 -1.276579
hsa3359 0.435657 -0.087868 -0.256664 0.604271 -0.796407 1.423330 0.383756 -0.085989 -0.163780 0.204531 -0.264944 0.270767 -0.943476 -0.890834 -0.932187 -0.484911
hsa2562 -0.019288 -0.234889 0.105521 -0.090979 -0.772613 -0.642297 0.935297 -0.387867 0.409342 -1.060717 -0.084011 0.071226 -1.100167 -0.455934 -1.164627 0.178768
D00732 0.347423 -0.149686 -0.139262 -0.343922 -0.360880 0.344855 0.675019 -0.733644 -0.074444 0.512611 -0.558361 -0.003161 -1.073751 0.512324 0.239664 -0.551016
hsa3758 0.098867 0.856206 -0.359825 0.862770 0.407672 0.471482 -0.116358 -1.750802 -0.607461 -0.071749 -0.688532 -0.028527 -0.395651 -0.716294 -0.411217 -0.661190
hsa3763 0.079933 -0.561070 0.163285 0.634349 -0.107691 -0.386825 0.384481 -1.304549 -0.259768 0.295888 -0.915099 0.311797 0.128788 -0.686905 0.369588 -0.275681
hsa6530 -0.776794 -0.075393 0.668962 0.097031 -0.771977 0.332791 -0.202489 -0.459790 -1.015476 0.407074 -0.482810 0.938660 -1.213789 -0.728674 -0.853823 -0.103534
hsa1139 0.463148 0.758530 -0.019310 0.044619 -1.231068 -0.115212 0.922914 -0.291060 0.113318 0.770154 -0.268025 -0.738129 -0.851430 -0.398171 -0.823963 -0.487760
D01287 0.112659 -0.006091 -0.126555 -0.407271 -0.429534 0.312986 0.659388 -1.145941 -0.117720 0.689682 -0.308849 0.148844 -0.647921 0.517079 0.017155 -0.652064
D05453 -0.316174 0.730599 0.308520 0.187487 -1.483277 -0.100432 0.626780 -0.530044 -0.298693 0.940025 -0.403872 -0.145546 -0.336055 -0.256790 -0.630509 -0.274528
hsa2741 -0.080731 -0.269160 -0.067890 -0.383698 -0.156440 0.126118 0.126763 -0.161459 0.450822 -0.958231 0.295626 -0.223158 -0.981067 -0.965739 -1.072075 -0.528834
hsa3757 0.346524 -0.505707 -0.307688 0.789003 -0.220713 -0.629487 -0.776530 -0.814818 -0.775548 0.286594 -0.787682 -1.041809 -0.362107 -0.036468 -0.145449 -0.537256
D00528 0.239145 0.463257 0.174585 -1.258204 -0.625586 0.626460 -0.396965 -0.472134 -0.252161 -0.892559 -1.436337 -1.222413 -0.973998 -0.253064 -0.058230 0.149345
hsa1137 0.158646 0.796511 0.129366 0.101999 -1.261907 -0.044459 1.143442 -0.182426 0.204056 0.530252 -0.337609 -0.435772 -0.735430 -0.389932 -0.798102 -0.497431
D00638 0.541652 -0.623494 0.115379 -0.326390 0.399486 0.084628 0.638560 -1.184385 0.316883 0.358777 -0.143057 -0.289607 -0.244302 0.218702 -0.383482 -0.749193
hsa2563 -0.089515 -0.221787 -0.017748 -0.047616 -0.742676 -0.499006 0.806775 -0.624838 0.544521 -0.865292 0.013669 0.082580 -0.856617 -0.653304 -1.180133 0.286839
D02087 0.383458 -0.515490 0.741329 0.258702 0.249522 0.361479 0.795152 -1.242970 -0.263227 0.368943 -0.322489 -0.096020 -1.103606 0.088775 0.343300 -0.487659
hsa1134 0.305264 0.935536 0.217088 0.143110 -1.168043 -0.111745 0.892907 -0.127520 -0.005318 0.828703 -0.424226 -0.524025 -0.891599 -0.408164 -0.936783 -0.654053
hsa2567 -0.027388 -0.231066 0.242751 -0.202145 -0.665274 -0.647074 0.894050 -0.574649 0.603878 -0.694738 -0.035787 0.011255 -0.997504 -0.700811 -1.152969 0.305735
hsa3781 0.985251 -0.394036 0.740941 0.692498 -0.431209 -0.252610 0.030531 -0.302538 -0.179470 0.385908 -0.842533 -0.614393 -0.233715 -0.901457 -0.234839 0.149940
hsa8911 -0.157796 -0.131625 0.683418 0.241158 -0.791375 -0.038937 -0.297116 -0.560839 0.079849 -0.869710 -0.283297 -0.245414 -0.115621 0.532376 -0.076312 -1.030662
D02088 -0.037904 -0.247703 -0.060556 -0.402356 -0.031496 0.146756 0.641735 -1.150029 -0.155351 0.294689 -0.204953 0.394547 -1.122959 0.613390 -0.371327 -0.349679
D00735 0.044986 0.183561 -0.139612 -0.137671 -0.620220 0.154858 0.526888 -1.151948 -0.374321 0.634502 -0.406319 -0.074282 -0.559817 0.710343 0.045811 -0.423243
hsa781 -0.258779 -0.273104 0.273168 -0.145017 -0.556649 -0.197968 -0.625935 -0.230985 -0.211375 -0.916461 -1.085620 -0.073696 -0.090990 0.211181 -0.405435 -0.765056
hsa3778 0.730603 0.525817 -0.409307 -0.407963 -0.656412 -1.448996 -1.089628 -0.816718 0.277293 -0.486155 -0.678077 0.026848 -0.257749 0.098563 -0.885099 -0.356137
D00738 0.138109 -0.169017 -0.414593 -0.341425 -0.562963 0.443836 0.675701 -1.033564 -0.209383 0.740354 -0.074186 0.116701 -0.637101 0.345197 -0.275713 -0.488302
hsa777 -0.057544 -0.159617 0.408905 -0.380656 -0.536746 -0.017383 -0.327897 -0.514859 -0.070865 -1.087639 -0.728652 -0.240219 0.072402 -0.034023 -0.002059 -1.037309
D00349 -0.367929 -0.412550 -0.041167 -0.160474 -0.646806 0.069805 -0.439269 -0.438390 -0.154314 -1.111995 -1.068035 -0.096246 0.442130 0.100333 -0.585829 -1.094196
D01243 0.242253 -0.236382 -0.009778 -0.628722 -0.190609 0.654164 0.549374 -1.009062 -0.237065 0.409729 -0.433259 0.476407 -0.837751 0.605373 -0.501006 -0.467080
hsa3741 0.070534 -0.822204 0.340533 -0.200504 0.467373 -0.019814 0.680642 -0.984879 -0.040645 0.350958 -0.625898 -0.140727 0.251629 -0.001840 -0.939685 -0.818796
D02086 0.105714 -0.165667 0.004326 -0.453934 -0.241099 0.323156 0.626365 -1.324725 -0.204192 0.505969 -0.291584 0.397026 -0.807858 0.740608 -0.077133 -0.687091
hsa2561 -0.000369 -0.283418 0.122166 -0.133007 -0.782666 -0.866442 0.984510 -0.459250 0.508397 -0.954494 -0.040814 0.161739 -1.172798 -0.604730 -0.933687 0.143914
hsa2564 -0.076447 -0.163783 0.094490 -0.060189 -0.668707 -0.552876 0.883388 -0.505705 0.427665 -1.056361 -0.033224 -0.210708 -1.010992 -0.538189 -1.151541 0.211548
hsa93589 -0.244727 -0.241065 0.095905 -0.259105 -0.501861 0.040066 -0.498073 -0.375314 -0.037843 -1.049578 -0.945385 -0.153521 -0.035482 -0.040415 -0.209829 -0.989195
D03580 -0.056984 0.812656 0.074549 -0.121393 -0.973913 -0.323577 0.844367 0.065090 0.119813 1.008251 -0.637385 -0.310764 -0.906919 -0.425118 -1.095016 -0.647200
hsa774 -0.183518 -0.222074 0.289609 -0.457045 -0.514794 0.078663 -0.318169 -0.256013 -0.018476 -0.924937 -0.917982 -0.294152 -0.083055 -0.052714 -0.066018 -1.046762
D00136 -0.491855 -0.941570 -0.179768 0.321706 -1.114134 -0.035534 -0.439584 -1.412873 -0.493487 0.125079 0.309360 -0.809227 -0.204821 -0.514243 0.190499 -0.335352
hsa782 -0.272954 -0.325417 0.016474 -0.060029 -0.205240 -0.199367 -0.427235 -0.404269 -0.214447 -1.057655 -0.962355 -0.294528 -0.307036 0.007927 0.003355 -1.003274
D00358 0.196769 -0.253609 0.060683 -0.513843 -0.158932 0.277511 0.572320 -1.073598 -0.364174 0.222925 -0.406669 0.338370 -0.825495 0.706524 -0.194706 -0.412914
hsa1141 0.017593 0.337779 0.367758 0.684837 -1.520220 0.118014 1.041767 0.297628 0.579878 -0.252419 -0.432027 -0.327764 -1.233562 0.040054 -0.461939 -0.408148
D03826 0.284751 0.666488 0.129044 -0.179772 -1.207154 -0.244972 0.940010 -0.025839 -0.003373 1.101085 -0.482152 -0.481094 -0.691693 -0.207613 -1.303915 -0.703729
D00741 0.416322 -0.072142 -0.248032 -0.437643 -0.355711 0.152935 0.710306 -0.735858 -0.084502 0.415154 -0.646018 0.196319 -1.110476 0.615149 0.310799 -0.673315
D04048 0.164065 -0.036532 -0.179617 -0.302057 -0.430220 0.154670 0.622110 -1.186882 -0.105645 0.570635 -0.272810 0.169637 -0.730963 0.653935 0.003234 -0.614954
D00648 -0.275478 -0.661692 -0.312054 0.441736 0.222725 -0.669897 -0.449754 -0.369247 -0.911884 -0.337296 -1.091086 -0.405212 -0.322814 -0.171513 -0.559948 -0.876145
hsa55879 -0.111596 -0.155671 0.063256 0.092663 -0.771131 -0.703328 0.913984 -0.558554 0.584985 -0.974843 0.104054 0.072389 -0.987951 -0.710542 -1.087274 0.080142
D02098 0.414755 -0.156346 -0.195970 -0.717190 -0.296368 0.216027 0.742088 -0.736454 -0.281295 0.373880 -0.648656 -0.062415 -1.033920 0.527622 0.188078 -0.600033
D02173 -0.057445 0.893107 0.124133 -0.321824 -1.378677 0.534560 0.972220 -0.288972 0.033692 0.654348 -0.178806 -0.723773 -0.656442 -0.415435 -0.926679 -0.585468
hsa2566 -0.153377 -0.161647 0.162592 -0.104981 -0.631766 -0.705980 0.656404 -0.685828 0.415861 -0.883566 -0.003805 -0.238528 -1.119155 -0.561898 -1.252188 0.433798
hsa2890 -0.040596 0.176119 -0.382082 -0.364765 0.210197 -0.706843 -0.269801 -0.610201 0.994839 -0.619897 -0.087663 0.071872 -0.758478 -1.002248 -0.434023 -0.538071
hsa9311 0.512464 -0.375689 -0.235681 0.371641 -0.463003 0.170336 -0.406133 -0.582105 0.772218 -0.349448 -0.787833 0.410152 -0.537967 0.388148 0.296071 -0.772874
hsa1138 0.071411 0.913598 0.062076 0.015255 -1.252586 -0.065262 1.025992 -0.319460 0.119664 0.820120 -0.427934 -0.514751 -0.697858 -0.548538 -0.970752 -0.744153
hsa6338 0.157275 -0.287254 -0.260663 -0.011990 -0.371457 0.228522 -0.186093 -0.523838 0.704898 -0.464656 -0.872075 0.541593 -0.602861 0.307695 0.301239 -0.676964
D00739 0.230315 -0.257628 -0.063190 -0.500694 -0.440506 0.089725 0.460256 -1.203583 -0.156550 0.764844 -0.043206 -0.158220 -0.692289 0.399717 0.169545 -0.762676
D00619 0.246158 -0.367684 -0.220685 0.083249 -0.353376 -0.529516 0.780098 -0.639544 -0.015602 -0.184382 -0.988409 -0.394403 0.758273 -0.555652 0.030775 -1.079393
hsa3743 0.927134 -0.242223 -0.334591 -0.185559 0.216732 -0.332533 0.693006 -1.002936 -0.055303 -0.007883 -0.519410 -0.305949 0.472159 -0.118968 -0.522994 -0.852168
D03878 -0.010118 -1.170491 -0.467974 0.365256 -1.236144 -0.079710 -0.033385 -1.242561 0.335318 0.284009 0.098786 0.127914 -0.156255 -1.212196 0.294076 0.075985
D00809 1.262397 -1.025909 0.093079 0.271088 -1.084218 0.461939 -0.219946 -0.509469 -0.109237 0.261528 -0.479100 -0.017075 -0.254756 -1.173833 -0.119099 0.122723
D00477 0.466388 -0.175963 -0.099121 -0.375816 -0.393800 0.502010 0.650346 -0.745164 -0.173711 0.321234 -0.400032 -0.147712 -0.996193 0.789415 -0.038536 -0.664529
hsa784 -0.329112 -0.305558 0.238998 -0.308588 -0.522972 -0.084214 -0.593995 -0.475364 -0.136748 -1.075521 -0.941786 -0.296962 -0.080268 -0.166438 -0.021931 -0.743328
hsa3738 0.030598 -0.539650 -0.289950 -0.095709 0.138833 -0.395040 0.803476 -0.863825 -0.043428 0.224204 -0.993511 -0.207114 0.671952 -0.334164 -0.824541 -0.786787
D00110 -0.256395 -0.216411 0.164961 -0.211195 -0.630329 0.550226 0.031505 -0.455468 -1.134714 0.078700 0.114737 0.946355 -1.327976 -0.630342 -0.403173 -0.827695
D00640 0.683020 -1.023328 -0.178591 -0.509658 -0.417863 0.357203 0.360937 -0.727233 -0.387212 0.423702 -0.541982 0.441266 -0.673685 0.199519 -0.106161 -0.224018
D03365 -0.101688 0.688481 0.008281 0.737773 -1.348468 0.429411 0.772500 -0.171597 -0.063935 0.426470 -0.196251 0.180579 -0.951566 -0.707733 -0.405383 -0.532694
hsa9177 0.576035 0.033274 -0.151624 0.170529 -0.697246 1.456651 0.289507 -0.051513 0.057744 0.393673 -0.452217 0.104702 -1.010151 -0.738731 -1.083617 -0.388513
hsa786 -0.399466 -0.291813 -0.142128 -0.008163 -0.625517 -0.393172 -0.686001 -0.333663 -0.416772 -0.821841 -1.090268 -0.091096 -0.021452 0.147375 -0.276860 -0.895526
D00639 -0.061484 -0.436705 0.066285 -0.514205 -0.218873 0.392723 0.642028 -0.923512 -0.089163 0.371590 -0.394839 0.497678 -1.004534 0.581604 -0.465160 -0.288043
hsa783 -0.152203 -0.388826 0.074187 -0.126512 -0.302289 -0.080900 -0.489891 -0.539436 -0.170571 -1.188177 -0.935590 -0.281347 0.082385 0.033311 -0.254091 -0.961426
D00195 0.041871 0.940940 0.347049 0.254245 -1.376120 0.108772 0.894354 -0.235904 0.132288 0.785034 -0.231449 -0.572931 -0.687353 -0.422686 -1.061790 -0.756605
hsa285242 0.507098 -0.054650 -0.037181 0.218146 -0.580352 1.703385 0.251440 -0.071948 0.065459 0.216622 -0.591525 0.016350 -1.122495 -0.696365 -1.166139 -0.271003
hsa3737 0.404907 -0.349724 -0.196350 -0.473604 0.315791 -0.308968 0.587830 -1.174085 0.315055 0.003248 -0.687339 -0.192148 0.579923 -0.226680 -0.680825 -0.886958
D00799 0.807671 -0.549487 1.163257 0.847960 0.170072 0.265640 0.398478 -1.060005 -0.221145 0.448764 -0.341318 -0.586824 -0.677327 -0.606094 0.015831 -0.276677
hsa55799 -0.228919 -0.104874 0.400368 -0.207268 -0.413394 -0.202128 -0.393473 -0.520389 -0.066286 -1.024656 -0.753768 -0.293446 -0.148407 0.100541 -0.022181 -0.916695
hsa6339 0.243429 -0.464918 -0.223178 0.141576 -0.398162 0.210668 -0.425252 -0.461852 0.692825 -0.237991 -0.978570 0.593839 -0.364585 0.143270 0.190945 -0.761530
D02041 -0.044599 -0.096463 -0.428540 -0.182390 -0.601977 1.234434 0.172036 -0.142291 -0.133772 -0.298480 0.168707 0.118131 -1.540576 -1.017099 -1.288206 -0.524518
D02461 0.051756 -0.719895 -0.181606 -0.228691 -0.637514 -0.421072 0.328896 -0.569465 0.370767 -0.411294 0.079312 -0.368867 -0.489979 0.069052 -1.260018 0.209451
D03830 -0.094725 -1.210954 -0.259616 -0.162087 0.041234 -0.309816 0.357458 -0.679952 0.162599 -0.184404 -0.699940 -0.511471 0.532146 -0.426695 -0.808372 -0.624861
D02204 0.357970 0.982859 0.141995 0.062725 -1.211753 -0.350693 0.880429 -0.292832 0.207278 0.643441 -0.191530 -0.682303 -0.517990 -0.730398 -0.262453 -0.974802
hsa55515 0.486908 -0.228774 -0.583307 0.230413 -0.417760 0.222594 -0.384755 -0.538572 0.643563 -0.305037 -0.867938 0.371545 -0.464910 0.300956 0.294204 -0.817895
D00677 0.086501 -0.045882 -0.513944 0.016740 -0.656309 1.784504 0.352147 -0.565449 -0.254494 0.404671 -0.335811 -0.414440 -0.878101 -0.605844 -0.785138 -0.304526
D00331 0.792164 0.239616 -0.001390 -0.099686 -0.574264 -0.510203 -0.318419 -1.097880 0.500516 -0.733158 0.157471 0.066001 -0.685556 0.222572 -1.208145 0.628424
D00611 0.240185 0.850727 -0.109629 -0.199427 -1.211199 -0.065624 0.988866 -0.608491 0.380001 1.066989 -0.147573 -0.223582 -0.858221 -0.080619 -0.633975 -0.556615
D05156 0.399672 1.286569 0.466481 0.031098 -0.891512 -0.238801 0.809165 -0.523550 0.167021 0.628549 -0.387873 -0.123148 -0.502453 -0.783648 -0.245892 -0.520731
hsa5310 -0.219367 -0.165637 -0.006352 0.073821 -0.401549 0.150242 -0.344437 -0.366199 0.246865 -0.813856 -0.999567 -0.317660 -0.144260 0.123151 0.053826 -0.920090
hsa3710 -0.227178 -0.289007 0.277299 -0.429476 -0.353071 0.036628 -0.542755 -0.669554 0.145030 -0.876291 -0.807275 -0.183235 0.077275 -0.203176 0.015695 -0.833583
hsa6340 -0.057477 -0.342182 -0.274385 0.108087 -0.314070 0.056751 -0.184773 -0.538836 0.630803 -0.379886 -0.884275 0.497742 -0.697927 0.299816 0.306049 -0.578640
D00524 0.371208 0.661693 0.061822 0.018973 -1.460952 0.017251 1.146214 -0.006413 0.194447 0.271660 -0.353818 -0.335434 -1.161921 0.044211 -0.085571 -0.521663
hsa6532 -0.026499 -0.680535 1.063598 0.271113 -1.108741 0.370112 0.103404 -0.487322 -0.794752 0.397548 0.133733 0.916733 -0.680693 -1.212306 -0.522030 -0.690937
hsa55800 0.299097 -0.252289 -0.081619 -0.202803 -0.439081 0.038739 -0.216911 -0.657096 0.506652 -0.396454 -0.886479 0.756915 -0.432957 0.045408 0.413899 -0.575897
hsa2569 -0.166491 -0.412349 -0.013735 -0.240675 -0.703807 -0.734658 1.003050 -0.730526 0.142944 -0.861945 0.003364 -0.053734 -1.172422 -0.506421 -1.003640 0.384550
hsa6337 0.067905 -0.243330 -0.408143 0.156188 -0.261977 0.094980 -0.280222 -0.638481 0.766480 -0.408080 -0.982002 0.555417 -0.580504 0.220997 0.236258 -0.515655
D00354 0.197576 -0.161632 -0.371276 -0.076004 -0.015620 0.381184 0.132352 -1.364249 0.219376 0.310862 -0.432309 0.080131 -0.934195 0.775747 -0.062157 -0.251308
hsa785 -0.341298 -0.128842 0.260599 -0.363093 -0.402088 -0.119374 -0.567093 -0.550781 -0.082558 -1.022369 -0.772630 -0.381199 -0.262800 0.116480 -0.036058 -0.918118
hsa3783 0.313191 0.368069 0.379204 -0.393812 -0.736538 -0.256331 0.085686 -0.775126 -0.860199 -0.448523 -1.177526 -0.671551 0.036957 -0.404210 0.131626 0.442114
D01118 1.251989 -1.301351 -0.304141 -0.136827 -0.977897 -0.306074 0.409507 -0.184450 -0.143736 -0.359174 -0.213317 0.360359 -0.678586 -0.679989 0.108573 0.092927
hsa8989 -0.322728 -0.405437 0.491132 -0.161564 -0.294309 -0.132019 -0.488795 -0.539628 0.079068 -0.889203 -0.897030 -0.336643 -0.119925 -0.026452 -0.053976 -0.737959
hsa6332 0.292800 -0.491802 -0.222781 -0.280794 -0.382740 0.108650 -0.144790 -0.611695 0.435181 -0.151830 -0.716529 0.590091 -0.649550 0.367137 0.251456 -0.590064
hsa3746 0.517567 -0.887004 -0.260294 -0.036851 0.493922 -0.163254 0.129872 -1.134521 0.646104 -0.062867 -0.693684 -0.595326 0.315042 -0.401936 -0.596744 -0.525507
hsa51802 0.484740 -0.230568 -0.211254 0.405745 -0.279881 0.157180 -0.421471 -0.561230 0.638038 -0.462365 -0.720332 0.456610 -0.707853 0.370859 0.370784 -0.909859
D00616 0.371034 -1.233900 -0.193259 -0.341819 0.085117 -0.260092 0.613327 -0.372563 0.301617 -0.352054 -0.694163 -0.292311 0.377465 -0.311153 -0.964461 -0.513963
hsa6330 0.149757 -0.366585 -0.034942 -0.030764 -0.349166 0.028098 -0.326879 -0.586619 0.436360 -0.406555 -0.907694 0.722502 -0.585893 0.058645 0.373641 -0.508968
D00617 -0.256386 -0.653962 -0.232964 -0.696722 -0.510462 0.182485 -0.247947 -0.150586 -0.127575 -0.558914 -0.794724 -0.631371 0.364640 -0.249042 -0.564357 -1.503140
D01453 -0.203197 0.328016 0.239355 -0.679712 -0.762103 0.657888 0.054909 -0.815124 -0.308717 -0.640496 -1.296019 -0.926734 -0.248319 -0.418676 0.135281 0.341408
D00812 1.384248 -0.909844 -0.030191 0.182541 -1.312813 0.800657 -0.383147 -0.779369 -0.060406 -0.229785 -0.186762 0.537822 -0.102338 -0.800619 -0.170457 0.060564
hsa9254 -0.045940 -0.419793 0.335637 -0.044408 -0.212825 -0.171278 -0.548208 -0.480451 -0.008313 -0.996852 -0.889531 -0.279428 -0.170841 -0.112823 0.071227 -0.931602
D00823 0.898347 -0.596466 0.657423 0.956530 -0.381289 -0.506823 0.193863 -0.913113 -0.484122 0.337648 -0.906200 -0.351047 -0.270700 -0.585471 -0.149879 0.600810
D00319 -0.086482 -0.437371 -0.170807 -0.746941 -0.543065 0.137847 -0.434147 -0.228281 -0.046891 -0.797022 -1.013724 -0.605838 0.239099 -0.148066 -0.401617 -1.535424
D00678 0.857729 -0.344811 -0.431500 -0.205926 -1.193388 1.769489 -0.077698 -0.347484 -0.076726 0.089162 -0.708011 -0.129264 -0.596714 -1.177585 -0.540318 0.199944
hsa59284 -0.382356 -0.297297 0.447902 -0.173071 -0.447540 0.114518 -0.406039 -0.470938 0.078195 -0.620408 -1.032822 -0.348819 -0.061123 0.106997 0.023411 -0.958763
D00798 -0.060759 -0.518062 0.898433 0.691400 0.156229 0.348078 0.636052 -1.513182 -0.460434 0.556931 -0.508079 -0.256613 -0.544140 -0.733606 0.288578 -0.295250
hsa3765 0.173023 -0.113373 -0.107732 0.583697 0.205735 -0.538797 -0.025444 -1.595884 -0.189662 -0.103646 -1.109680 0.628706 0.421920 -0.776459 -0.034510 -0.626181
D00658 0.638676 0.451535 -0.732365 -0.457906 -0.995222 -1.416269 -1.355521 -0.958454 0.326503 -0.397197 -0.679407 0.506723 -0.665842 -0.034737 -0.780638 -0.064539
D00633 0.184144 -0.124905 -0.435353 -0.222672 -0.604103 1.704657 0.156981 -0.453952 0.837248 0.407330 -0.546816 0.434687 -0.823616 -0.299834 -0.896200 -0.390572
D00394 1.228748 -1.009846 0.164996 0.278304 -0.990888 0.433906 -0.350972 -0.258712 -0.348807 0.058032 -0.179471 0.814756 -0.753833 -1.170769 -0.249341 -0.334405
D02101 0.129429 0.880544 0.200173 0.097800 -1.140672 -0.245347 0.945846 0.010195 0.062870 0.676708 -0.439821 -0.593516 -0.887870 -0.392521 -1.086739 -0.732004
hsa27092 -0.345497 -0.154972 0.307650 -0.173921 -0.255377 -0.053245 -0.511417 -0.410496 0.088046 -0.884843 -0.910971 -0.128801 -0.163514 -0.068031 -0.217918 -0.759849
hsa2742 -0.072815 -0.562645 -0.285424 -0.136448 -0.175031 0.278977 0.296879 -0.312825 0.279010 -0.788369 0.457233 -0.088538 -1.664153 -0.824592 -1.107575 -0.196503
hsa3780 1.270792 0.073243 0.231483 0.391007 -0.643874 -0.542854 0.257455 -0.312690 -0.311751 0.034304 -0.859338 -0.233333 0.185211 -0.648039 -0.416124 0.108279
D00438 -0.101126 -0.622700 -0.049111 -0.283246 -0.602253 0.140067 -0.315094 -0.340061 -0.121884 -1.295794 -0.969547 -0.320049 0.399339 -0.204307 -0.523391 -1.311785
hsa10369 -0.515942 -0.012245 0.288163 0.046197 -0.211056 -0.039183 -0.232702 -0.420623 0.199198 -0.846286 -0.870436 -0.479208 -0.170964 0.066748 -0.131128 -1.017590
D02409 0.026078 0.285323 -0.288018 -0.501453 -0.677562 0.855060 0.337285 -0.837778 -0.262410 -1.275118 -1.065260 -0.601222 -0.181914 -0.371065 -0.377268 0.782059
D00546 -0.474508 -0.049393 -0.099103 -0.470628 -0.019974 -0.505123 -0.045426 -0.590917 0.997501 -0.870465 0.188050 -0.247970 -0.788914 -0.850446 -1.018360 -0.592295
D06172 -0.085349 -0.287475 0.178379 -0.397677 0.099991 0.257652 0.759436 -1.067189 -0.463217 -0.033791 -0.106926 0.779481 -1.353264 0.625509 -0.691046 -0.518328
hsa55503 -0.272242 -0.216673 0.245839 -0.277485 -0.597142 -0.296243 -0.432017 -0.286698 -0.083067 -0.999067 -0.826680 -0.668298 -0.196800 0.096560 -0.045393 -0.926568
hsa3759 0.557116 0.270940 0.185892 0.500707 0.228543 -0.644627 -0.200472 -1.433553 -0.214101 -0.401896 -1.109623 0.494259 0.250484 -0.710509 -0.009700 -0.567235
D00340 0.579463 0.408796 -0.912059 -0.526885 -1.157546 -1.479142 -1.519977 -0.943357 0.101397 -0.520764 -0.790929 0.195012 -0.452979 0.159260 -1.168830 -0.332037
D02253 0.013269 -0.001826 0.418114 0.229997 -1.053503 -0.540491 0.277927 -0.977258 0.466815 -0.795660 0.574943 -0.572242 -0.786496 0.008366 -1.490901 0.191202
hsa116443 0.120912 -0.956481 -0.788023 -0.094477 -0.914844 -0.194701 -0.235894 -0.798341 0.186422 -0.635556 0.227420 0.351893 -0.716724 -0.960126 0.360062 -0.258620
D00283 0.225584 -0.545194 0.922502 0.665292 -0.331376 1.482137 0.490132 -0.373987 0.043838 0.292535 -0.407477 0.236187 -0.723787 -1.022372 -0.970359 -0.309467
hsa170572 0.376442 -0.197390 -0.568434 -0.158315 -0.783399 1.821788 0.159924 -0.421639 0.107969 0.085743 -0.428771 0.027721 -1.059305 -0.974315 -1.150430 -0.097985
hsa6324 0.447184 -0.407753 -0.243194 -0.414819 -0.717668 0.056081 -0.331069 -0.345307 0.409868 -0.513812 -0.824032 0.792125 -0.620365 0.046187 0.345227 -0.460765
D00543 -0.218078 -0.208210 0.228821 -0.409430 0.262829 -0.385674 0.016890 -0.588238 0.959497 -0.776684 0.238785 -0.047960 -0.617114 -0.856490 -1.018050 -0.698690
hsa3739 0.242737 -0.375436 -0.392221 -0.354217 0.385698 -0.157255 0.376115 -0.596673 -0.179846 0.245643 -0.760800 -0.263054 0.214792 -0.038991 -0.855900 -1.152431
D05024 0.335709 -0.078816 0.323181 0.041761 -1.049243 -0.246611 0.165568 -0.660919 -0.099292 -0.759069 -0.491323 -0.179186 0.535911 0.207337 0.225006 -1.446984
D00326 0.827568 -0.754250 0.589167 0.889494 -0.298462 -0.368035 0.095851 -0.785874 -0.265206 0.459715 -0.889295 -0.365574 -0.337457 -0.526428 -0.154611 0.555361
hsa3768 0.333735 0.283841 0.049268 0.512670 0.377474 -0.420810 -0.214785 -1.517334 -0.338385 -0.430806 -1.112155 0.487341 0.281251 -0.943796 -0.218934 -0.716269
hsa27133 0.300766 -0.264311 -0.368129 0.209670 0.246693 -0.420689 -0.422830 -0.482880 -0.252526 0.857064 -0.842800 -0.408689 -0.439866 0.132738 -0.751416 -0.826222
hsa3744 0.283912 -0.196574 -0.325375 -0.039367 -0.004011 -0.820110 0.481297 -1.285889 -0.169898 -0.102878 -0.833379 -0.842344 0.631980 -0.114522 -0.299741 -0.449705
D00647 0.488939 -0.523063 -0.447518 0.620275 -0.125924 -0.308158 -0.827134 -0.207645 -0.683439 0.510449 -0.880521 -0.415886 -0.750660 0.259236 -0.971658 -0.238904
D00791 1.224087 -0.478216 1.184597 0.496099 -0.022002 0.041337 0.287014 -1.131660 -0.347432 0.447516 -0.129000 -0.742846 -0.732848 -0.711154 0.407593 -0.476395
D00336 -0.085997 0.490126 -0.745275 0.727238 0.086393 0.642734 -0.474906 -1.820679 -0.762800 -0.182510 -0.971236 -0.891270 -0.333904 -0.489177 -0.213911 0.097434
D02546 -0.027690 0.308628 -0.165820 -0.033362 -1.039274 -0.354938 -0.867087 -0.837430 0.960193 0.853355 -0.048105 0.431900 -1.339866 -1.283674 0.499512 -0.908088
hsa83795 0.782536 0.030932 0.042959 -0.158775 0.639457 -0.501184 -0.011244 -0.551440 -0.402890 0.547164 -1.160074 -0.190796 -0.394996 0.258693 -0.797673 -1.030186
D01712 -0.127545 0.439816 0.158697 -0.608553 -0.726007 0.496462 -0.003279 -0.873698 -0.450693 -0.839859 -1.394851 -0.822867 -0.266278 -0.371041 0.142937 0.452813
hsa3752 0.610723 0.911964 0.092667 -0.379870 -0.282599 -0.112452 0.506585 -1.156975 0.012758 0.340693 -0.471845 0.156293 0.521218 -0.504004 -0.304179 -0.872682
D00656 0.757881 0.567450 -0.598401 -0.344511 -1.022922 -1.507982 -1.282625 -0.912190 0.241882 -0.468035 -0.697251 0.244463 -0.610131 0.244358 -1.050068 -0.058035
D00228 -0.518717 -0.716653 1.023868 0.382262 -0.440988 0.864624 0.391646 -0.685722 -0.394649 0.370562 -0.454414 0.740584 -0.536189 -1.122650 -0.757595 -0.304815
hsa2897 -0.454011 0.296010 -0.239979 -0.314358 -0.999456 -0.459084 -0.814262 -0.862983 1.145496 0.604377 -0.399151 0.478924 -1.075467 -0.900263 0.265565 -0.423193
D00519 0.721034 0.232124 -0.443349 -0.270893 -0.754800 -1.489832 -1.139711 -0.816089 0.274552 -0.527596 -0.740783 0.225492 -0.364680 0.094247 -1.172504 -0.049677
D01256 0.446018 0.650245 -0.581281 -0.565010 -0.775073 -1.471863 -1.493740 -1.038479 0.538647 -0.244137 -0.692566 0.445746 -0.791092 -0.213145 -0.759981 -0.228274
D00816 0.994782 -1.226087 0.283139 0.202345 -1.116256 0.669137 -0.021908 -0.768857 -0.342782 0.464655 -0.475963 0.271163 -0.200566 -1.200200 -0.184301 0.204376
D00615 -0.096914 -0.550440 -0.101603 -0.834233 -0.781137 -0.055900 -0.200599 0.058376 0.070735 -0.621285 -1.086614 -0.708548 0.307623 -0.329738 -0.363739 -1.419401
hsa3762 0.200541 -0.129690 0.128962 0.283049 0.157396 -0.707687 -0.303698 -1.513117 -0.373591 -0.087308 -1.205408 0.859123 0.315951 -0.764979 -0.073829 -0.588118
D00536 -0.124964 -0.614045 -0.335206 -0.234953 -0.298965 0.037976 0.271688 -0.719829 0.038035 -0.998279 0.475200 0.120793 -1.628189 -0.914288 -0.062160 -0.295935
hsa9424 0.234959 -0.132093 -0.119731 0.036293 0.442760 -0.582925 -0.167782 -0.412768 -0.473289 0.287083 -1.015175 -0.079862 -0.259271 0.119780 -0.795589 -0.919174
hsa3784 1.193682 -0.034353 1.015298 -0.154356 -0.056014 0.260805 -0.893296 -1.721516 0.233846 0.134662 0.101183 -0.335975 0.101092 -0.442691 -0.305195 -0.414113
D00451 0.695512 -0.039545 -0.395729 0.907549 -0.385798 1.033424 -0.229937 -0.011612 -0.827461 0.306942 -0.738450 0.288691 -1.076737 -0.629802 -1.289996 -0.155854
hsa2891 0.386376 0.141806 -0.865313 -0.595418 -0.162453 -0.985195 -0.887847 -0.976510 0.989678 -0.165401 -0.512074 0.690672 -0.873753 -0.596432 -0.301875 -0.527476
hsa6833 0.372199 0.523716 -0.417882 0.588612 0.429795 0.557718 -0.381389 -1.706181 -0.276720 -0.428904 -1.094421 -0.424366 -0.093524 -0.299330 -0.933392 0.351316
D01969 0.236834 -0.305310 0.146365 -0.198272 -0.967518 -0.467162 0.456653 -0.046972 -0.047741 -0.253158 -0.780046 -0.381492 0.709162 -0.406831 -0.088160 -1.557985
hsa3708 -0.199974 -0.453928 0.504225 -0.520679 -0.220744 -0.350665 -0.460357 -0.480750 0.126971 -0.982719 -0.826328 -0.660108 -0.195174 -0.010228 -0.035105 -1.033889
D00367 -0.465195 -0.551083 1.156765 -0.045687 -0.650657 0.721723 0.267885 -0.334110 -0.346268 -0.397748 -0.423471 0.947083 -0.406026 -0.867028 -0.952653 0.011039
hsa3756 0.217772 -0.219034 -0.197350 0.088820 0.325822 -0.503748 -0.165239 -0.770034 -0.312694 0.676462 -1.011587 -0.416181 -0.284968 0.215649 -0.324655 -0.933974
hsa3742 0.491604 -0.415243 0.029765 -0.307689 0.488061 -0.281597 0.628711 -1.059537 0.251016 -0.082047 -0.711399 -0.157801 0.627875 -0.395871 -0.812636 -0.793167
hsa9312 -0.229596 0.305151 0.071321 0.375500 -0.720267 -0.570678 0.338407 -0.624968 0.232115 1.019769 -1.302411 0.071868 0.430506 0.263895 -0.754341 -0.410660
hsa3767 -0.338258 -0.125849 -0.650911 1.023344 0.368134 -0.186548 0.063923 -1.263841 -1.177469 -0.287342 -1.516371 0.182007 -0.119768 -1.229564 -0.280244 -0.736660
D00338 -0.076894 -0.684591 0.815693 0.736926 -0.408867 -0.734021 0.092710 -0.586575 0.452531 -0.384960 -0.705226 -0.459110 -0.889784 -0.628003 -0.987958 1.011062
hsa3776 0.695050 -0.107475 -0.186337 0.018925 0.426414 -0.406174 0.028140 -0.259642 -0.609989 0.721644 -1.214277 -0.353590 -0.647425 0.379834 -0.895054 -0.744898
D00219 -0.306828 0.772385 -0.771349 0.882276 0.364410 0.529615 0.006142 -1.877990 -0.967794 -0.104075 -1.198935 -0.045438 -0.589569 -1.073038 -0.597516 -0.190179
D05461 0.558634 -0.102215 0.927344 -0.010259 -0.680185 -0.513101 0.301590 -0.455767 0.204621 -0.475011 0.432711 -0.774984 -1.073023 -0.423222 -1.082136 0.115738
hsa3788 0.209011 0.325335 0.042968 0.313571 -0.259961 -0.303640 -0.384244 -0.777968 0.620627 0.444147 -1.454787 0.194982 0.511838 -0.146317 -0.710094 -0.517864
hsa1080 -0.119062 0.542043 -0.461141 -0.001609 -0.492071 0.836288 0.030823 -1.193569 -0.574486 -0.946462 -1.375355 -1.004514 -0.251841 -0.532750 -0.098968 0.574882
hsa2898 -0.128391 0.185301 -0.528316 -0.375344 -0.532082 -0.759613 -0.904864 -0.939548 1.143781 0.565827 -0.409406 0.355165 -1.221470 -1.245732 0.194305 -0.456930
D00480 1.349489 -1.574613 0.137843 -0.272689 -0.651040 0.053486 0.300621 -0.219139 -0.078741 0.116890 -0.544932 0.336160 -0.448470 -0.815015 -0.091179 -0.159219
hsa81033 0.076372 -0.376797 -0.155181 0.572030 0.154227 -0.651509 -0.692740 -0.687851 -0.404818 0.343161 -0.986076 -0.457855 -0.157930 -0.103507 -0.491526 -0.877107
hsa6531 -0.757692 -0.284104 0.675711 0.142993 -0.958935 0.490539 -0.132088 -0.595211 -0.994652 0.407400 -0.228877 0.964804 -1.815235 -0.776569 -0.334892 -0.448431
D00373 0.070979 -0.442482 0.749550 0.787042 0.056174 0.455114 0.612451 -1.780691 -0.350997 0.586106 -0.521287 0.243898 -0.364430 -0.744469 0.110932 -0.094676
D05077 0.155403 -0.715213 0.973794 0.728869 0.379016 0.497732 0.834036 -1.508319 -0.374177 0.276829 -0.496263 0.025894 -0.812836 -0.155088 0.058834 -0.437473
hsa3790 0.028634 0.371506 0.031025 0.546935 -0.196744 -0.247748 -0.475956 -0.812323 0.608995 0.419591 -1.591344 0.199474 0.655499 -0.311196 -0.886449 -0.577531
hsa3747 0.578049 -0.418327 -0.100498 0.089512 0.296964 -0.531150 0.152066 -1.005565 0.669500 -0.042651 -0.990766 -0.557425 0.494012 -0.763026 -0.082673 -0.960818
hsa200909 0.278170 -0.062994 -0.458682 -0.369844 -0.993176 2.018937 0.232576 -0.509848 0.276691 0.394209 -0.535872 -0.106457 -0.974404 -0.733918 -0.833058 -0.124115
D00539 -0.306280 0.034996 0.757990 0.620756 -1.209710 -0.250701 0.208332 -0.317509 0.638252 -0.967379 -0.152031 0.054560 -0.177272 0.463045 -0.471644 -0.887205
hsa2904 -0.395072 -0.993567 -0.434765 0.537432 -1.615344 -0.245699 -0.039886 -1.486253 -0.055264 -0.002572 0.591128 -0.288985 -0.274549 -0.774819 0.013049 -0.001798
hsa3775 0.471690 -0.222366 0.045430 0.204840 0.538966 -0.551374 -0.392277 -0.341481 -0.578035 -0.043937 -1.086599 -0.066842 -0.265311 -0.127407 -0.794384 -1.181880
D00234 0.308247 -0.597714 0.089899 0.958628 -0.673392 -0.261911 -0.916700 -0.521786 -0.445580 -0.145695 -0.515032 -1.547928 -0.204888 -0.315868 -0.046714 -0.694761
D00651 0.905376 0.184294 -0.539495 -0.013403 -0.558046 -1.018539 -1.130994 -0.671504 0.414336 -0.388631 -0.497135 -0.035257 -0.717809 0.679896 -1.206936 -0.095420
D00544 -0.266291 -0.499678 0.193831 -0.309284 0.158571 -0.333363 -0.227389 -0.567121 0.912327 -0.628773 0.168162 -0.453108 -0.579613 -0.595992 -1.201970 -0.565104
hsa3761 0.396628 0.020319 0.091568 0.320880 0.129527 -0.831889 -0.205174 -1.458300 -0.330942 -0.305624 -1.219028 0.430570 0.333393 -0.684945 -0.090541 -0.519900
D00227 0.042710 0.500845 0.092937 -0.534093 -0.683807 0.357025 0.017399 -0.940712 -0.566716 -0.933561 -1.607841 -0.739127 -0.374458 -0.260311 0.296344 0.449265
D01253 -0.518663 -0.694383 1.237272 -0.072310 -0.984710 -0.746655 -0.040355 -0.554913 0.831603 -0.357060 -0.520240 -0.368286 -1.179091 -0.400292 -0.666234 0.748572
D02163 1.095698 -0.187609 1.358976 0.203700 -0.206740 -0.325390 0.248120 -0.923226 -0.512187 0.528136 -0.157651 -0.610707 -1.017058 -0.916203 0.155675 -0.001154
D02630 0.068264 -0.514194 0.672949 0.428295 -1.012546 0.001445 -0.817847 -1.011035 -0.130885 -0.406488 -0.069981 -0.994124 0.105184 0.280905 0.171684 -0.983739
D00733 0.955741 -0.010510 -0.408218 0.114027 -0.664992 0.620666 0.942831 -0.401820 -0.443395 -0.160287 -0.468947 0.226933 -0.542217 0.392970 0.126189 -0.829981
D00380 0.068420 0.667513 -0.807338 0.977458 0.247649 0.734315 -0.290397 -1.342781 -0.922134 -0.306513 -1.092196 0.197634 -0.549124 -0.910287 -1.206179 -0.018526
D00379 -0.392112 0.506589 -0.948264 1.167318 0.547821 0.621677 -0.050132 -1.472101 -1.026406 -0.192850 -1.504106 -0.047255 -0.678242 -1.149448 -0.752024 -0.540698
hsa90134 0.169839 -0.491229 -0.179414 0.207070 0.220768 -0.699458 -0.764200 -0.648466 -0.482386 0.269855 -1.061855 -0.436253 -0.089161 -0.335621 -0.495835 -0.908340
D00464 -0.393882 -0.762767 0.926846 -0.209217 -0.739512 -0.390569 -0.136837 -0.524363 0.568113 -0.601705 -0.416889 -0.355047 -0.758112 -0.077254 -1.112177 0.704577
hsa2892 0.274086 0.049672 -0.622183 -0.361215 0.228455 -0.730877 -0.634018 -0.709660 1.034385 0.161934 -0.565071 0.396995 -0.655523 -1.024611 -0.372031 -0.580699
hsa2893 0.407014 0.188193 -0.724438 -0.281933 0.305990 -0.794330 -0.625939 -0.951528 0.846927 0.142979 -0.522629 0.467219 -0.754335 -0.992967 -0.249575 -0.448458
D00654 0.596477 0.395566 -0.926191 -0.500962 -0.929594 -1.178038 -1.442985 -0.818483 0.300535 -0.386217 -0.589301 0.294764 -0.849084 0.176388 -1.142351 -0.153576
hsa54207 0.719652 0.036004 0.022195 -0.069270 0.439330 -0.444144 -0.196171 -0.387422 -0.346731 0.537538 -1.270291 0.021178 -0.372699 0.111889 -0.693111 -0.819959
D03742 -0.291631 0.041872 1.009426 0.209235 -1.844455 0.133129 0.608717 -0.487147 -0.334858 0.628336 0.403997 0.195284 -0.329631 -0.407256 -0.787224 -0.868788
D00351 -0.025078 -0.293113 -0.079992 -0.051754 -0.638219 -0.453154 -0.040425 -1.380609 -0.975569 0.184275 -0.721429 -1.100626 0.178043 0.317766 0.044305 0.012931
hsa5026 0.467866 0.638483 0.399631 -1.801500 -0.683548 0.663807 -0.600802 -0.350096 -0.650299 -1.015991 -1.833676 -1.363172 -1.771818 -0.677855 -0.622784 0.155440
hsa2900 -0.149836 0.118448 -0.431409 -0.684088 -0.851314 -0.373017 -0.907097 -0.847565 1.166643 0.788263 -0.381387 0.551260 -1.289251 -0.862600 0.382412 -0.862031
hsa2901 -0.020093 0.092064 -0.393622 -0.342828 -0.823425 -0.165296 -0.911814 -0.829181 1.294783 0.823605 -0.448489 0.442889 -1.175807 -0.894866 0.328534 -0.667170
D01111 -0.109970 0.335171 -0.199509 0.533068 0.314137 1.219533 -0.371431 -1.173401 -0.887086 -0.098457 -0.219342 0.153392 -1.082000 -0.638806 -0.667068 -0.665404
D00631 0.971299 -1.140100 0.172956 -0.197522 -0.723763 0.739158 -0.710845 -0.977027 -0.764864 0.442824 -0.453185 0.469271 -0.353333 0.002656 -0.665236 0.270580
D03180 -0.263459 0.156173 0.866359 0.525242 -1.116067 -0.241453 0.328921 -0.536201 0.789924 -0.846751 0.363259 -0.217139 -0.440635 0.328637 -1.296574 -0.421974
hsa2905 -0.372674 -1.107813 -0.257615 0.231426 -1.722258 -0.320037 -0.263924 -1.468605 -0.128377 0.322619 0.524438 -0.233644 -0.316232 -0.765296 0.011955 -0.021161
hsa3773 0.406882 0.077481 0.133418 0.365245 0.179905 -0.735106 -0.313738 -1.313000 0.060850 -0.312345 -1.143971 0.231146 0.320504 -0.565837 0.012907 -0.608029
D00574 -0.563384 -0.167662 1.023644 0.348982 -1.297074 0.148505 0.228108 -0.291178 1.241543 -0.023799 -0.558056 -0.459099 -1.138921 0.547682 0.041076 -0.014179
hsa5025 1.000066 0.783248 0.240676 -1.818834 -0.707574 0.880313 -0.670572 -0.244392 -0.890899 -1.348990 -2.129127 -1.370404 -1.945175 -0.901386 -0.826391 -0.094355
D04985 -0.300076 0.187314 0.838301 0.416942 -1.257154 -0.286047 0.247469 -0.868008 1.186160 -0.837919 0.336869 -0.149567 -0.383841 0.252274 -1.439660 -0.366472
hsa3745 0.100531 0.185051 -0.060188 0.396776 -0.339523 -0.333982 -0.287847 -0.924110 0.444485 0.488296 -1.521266 0.171104 0.619266 -0.003003 -0.721539 -0.374926
D04999 -0.725808 0.100967 0.239461 -0.048419 -1.356402 0.491276 -0.055179 -0.551128 -1.058243 0.093623 0.008973 0.521857 -1.263470 -1.027355 -0.485497 -0.042550
hsa5024 0.631955 0.658362 0.303290 -1.596781 -0.671417 0.948089 -0.692221 -0.378465 -0.462274 -1.045555 -1.660970 -1.329363 -1.881853 -0.427957 -0.229497 -0.038621
D00594 -0.018023 0.148926 0.550880 0.937344 0.489967 0.830202 0.295686 -1.912776 -0.434864 -0.038045 -0.346444 -0.090851 -1.006666 -0.503286 0.169907 -0.104815
D01768 0.533606 0.252588 -0.306528 -0.762952 -0.507101 0.317636 0.923969 -0.616088 -0.442651 0.021837 -0.817977 0.175037 -1.141381 0.414851 0.523581 -0.585312
D00553 0.331610 -0.305538 0.103222 -0.370151 -0.102495 0.419896 1.088879 -1.106448 -0.300840 -0.318134 -0.239964 0.947094 -0.927090 0.764430 -0.797486 -0.295840
hsa3753 1.265704 0.137957 0.495423 0.052247 0.029693 0.196326 -0.606357 -0.917949 0.294118 -0.326777 -0.983508 0.223532 0.395735 -0.325421 -0.468965 -0.482482
D00345 1.648202 -0.099927 0.883853 0.080352 -0.523885 0.414471 -0.748963 -1.154787 0.464633 -0.524128 0.090350 0.725045 0.041119 -0.453243 -0.574701 -0.147890
hsa2906 -0.139827 -1.049259 -0.318364 0.270287 -1.685700 -0.350765 -0.043963 -1.386586 -0.079860 0.224611 0.514102 -0.316789 -0.089432 -0.715670 -0.171222 -0.030357
D00474 -1.140869 -0.817288 0.861542 0.443847 -1.509000 -0.275919 0.213700 -0.702211 1.161089 -0.087870 -0.100235 -0.575644 -1.247501 -0.048202 -0.456594 0.214842
D00636 1.328743 -0.524221 -0.222771 0.485323 -0.646587 -0.276794 0.782882 -0.449154 -0.710811 -0.607435 -0.378216 -0.501244 0.298014 -0.211865 0.166752 -1.036639
D02092 -0.149544 -0.413325 -0.923487 1.155710 -0.552904 0.039046 -1.005776 -1.239620 -0.393637 0.076679 -0.552079 -1.307953 -0.376470 -0.287604 0.115798 -0.550989
hsa27012 0.401167 0.421582 0.028889 0.307329 -0.379694 -0.293561 -0.478760 -0.894584 0.619268 0.439213 -1.446924 0.168795 0.784255 -0.046783 -0.935825 -0.532365
D02262 -0.208138 -0.137842 -0.168365 0.132631 -0.265446 -0.646448 0.752536 -0.520401 0.052068 1.282574 -1.093052 -0.111634 0.112653 0.258965 -1.147524 -0.651710
hsa50801 0.963223 0.172803 -0.063120 -0.092360 0.436102 -0.313847 -0.193786 -0.520234 -0.538552 0.267157 -1.450838 -0.245518 -0.186366 0.062147 -0.344557 -1.021956
hsa1145 0.297179 0.851895 0.278870 0.828107 -1.710080 0.276043 1.287361 -0.166305 0.484052 -0.185067 -0.432328 0.001221 -1.182169 -0.228222 -0.406473 -0.089097
hsa3755 0.190998 0.206412 -0.230224 0.036524 -0.043287 -0.013810 -0.854450 -1.126313 0.228375 0.525267 -1.246305 -0.161897 0.586246 -0.312649 -0.675136 -0.907147
D02360 0.443795 -0.791264 1.244882 0.237339 -1.013694 0.930943 0.005495 -0.573556 -0.249799 -0.040570 -0.031161 0.778412 -0.167962 -1.366646 -0.837784 -0.355995
D02914 -0.330276 -0.747442 -0.125829 -0.763385 -0.632967 0.026140 -0.417505 -0.458687 0.092635 -0.708397 -0.853277 -0.483982 0.370447 -0.147364 -0.386186 -1.470934
hsa2570 0.054828 -0.296102 -0.047394 -0.412933 -0.838315 -0.742251 0.959026 -0.524864 0.424967 -0.830263 -0.105100 0.224553 -1.518707 -0.122349 -1.035854 0.368440
D00364 -0.129243 -0.775685 1.234596 0.485148 0.444436 0.714652 0.983029 -1.003124 -0.254875 0.204875 -0.511536 0.224610 -0.331265 -0.337120 -1.174302 -0.233599
hsa56659 0.315480 0.294221 0.816746 0.073656 0.553183 -0.738180 -0.514558 -0.473431 0.234401 -0.416253 -0.962007 -0.184789 -0.247611 -0.050018 -0.620936 -1.120091
hsa2743 0.069945 -0.380150 -0.256473 -0.379801 -0.341663 0.169536 0.677946 -0.742410 0.237929 -1.130993 0.650774 -0.090738 -1.586052 -0.964679 -0.706875 -0.345295
D00694 -0.242928 -0.763419 0.894277 -0.422259 -0.734211 -0.399769 -0.213893 -0.434913 0.826849 -0.487753 -0.363315 -0.369660 -0.886202 -0.209311 -0.925551 0.621695
hsa3764 -0.036606 -0.153359 -0.247733 0.408444 0.159831 -0.403451 0.043871 -1.199474 -0.331679 0.032622 -1.338771 0.296136 0.281697 -0.830913 0.018415 -0.487220
D01448 0.997527 -0.217335 1.355870 0.659922 -0.253382 -0.075354 0.488524 -0.706342 -0.201923 0.285256 -0.153580 -0.735519 -0.839304 -1.020492 0.118467 -0.309866
hsa3751 0.904840 0.596286 -0.047927 -0.657956 -0.040690 -0.217237 0.063238 -1.151213 0.030768 0.016822 -0.747114 -0.061890 0.712619 -0.436869 -0.530044 -0.849408
D00035 -0.835645 0.481065 0.432798 0.667140 -0.847580 0.161553 -0.634292 -0.245090 -0.146903 0.243732 -0.280215 0.560332 -1.327675 -0.981338 0.130757 -1.450827
hsa3749 0.675677 -0.305991 -0.346482 -0.004514 0.609023 -0.511494 -0.026151 -0.866057 0.804320 0.025093 -0.949559 -0.785687 0.069543 -0.589595 -0.544897 -0.628938
D04370 -0.008120 -0.173454 -0.562385 0.325767 -0.478881 1.464455 0.269827 -0.675125 -0.660843 0.237185 0.029229 -0.224957 -1.169873 -0.625856 -0.681867 -0.483721
hsa3785 0.697857 -0.360040 0.322723 -0.100725 0.342102 0.335933 -1.055169 -1.334679 -0.091508 -0.096657 -0.797806 0.154451 0.377468 -0.399805 -0.697031 -0.671309
hsa3786 0.807782 -0.327268 0.508811 -0.265410 0.321917 0.201156 -0.805503 -1.177063 0.153959 0.199691 -0.810698 0.108675 0.302718 -0.539883 -0.504941 -0.693398
hsa3750 0.735649 0.564515 -0.124522 -0.471852 0.117996 -0.204115 0.097308 -1.263627 0.165580 0.218478 -0.661187 -0.066613 0.636677 -0.364881 -0.629921 -0.986924
D02485 1.212865 -0.593620 0.517902 1.281572 -0.350642 -0.596279 0.001739 -0.863178 -1.089022 0.061340 -0.559712 -0.853865 -0.461285 -0.144208 0.288762 -0.615133
hsa3748 0.725431 -0.113678 -0.171735 -0.023040 0.262150 -0.499178 -0.067796 -1.235601 0.827064 0.087056 -1.084834 -0.702836 0.424090 -0.285267 -0.246108 -0.508561
hsa2902 -0.340911 -0.889676 -0.345623 0.074556 -1.429696 -0.372620 -0.374242 -1.158635 0.072393 0.261266 0.424807 -0.276700 -0.519944 -1.071240 0.194341 -0.150613
D00650 0.971912 0.320024 -0.859130 -0.213752 -0.835370 -1.053192 -1.324977 -1.032279 0.163942 -0.640219 -0.360554 0.261560 -0.893048 0.271628 -1.477600 0.211068
D00335 -0.129660 0.815657 -0.883749 0.953794 0.209957 0.347116 0.019199 -1.916638 -1.143071 -0.062158 -1.212500 -0.245741 -0.300323 -0.909565 -0.271423 -0.571446
hsa56479 0.732418 -0.213159 0.477743 -0.327068 0.451203 0.258787 -0.874584 -1.361319 -0.069295 0.127941 -0.824022 0.053428 0.288002 -0.481015 -0.664000 -0.507459
hsa11254 -0.770152 -0.138696 0.792805 0.439136 -0.917519 0.038549 -0.549649 -0.085863 -0.658726 0.498964 -0.497308 0.846012 -1.584906 -1.232797 -0.089169 -1.318115
D05458 -1.024069 -0.325463 0.788695 0.165876 -0.534386 0.221622 -0.076266 -0.725522 -0.559329 0.423920 -0.442332 1.056488 -2.030231 0.283677 -0.510708 -0.133592
hsa9127 0.583943 0.683479 0.285410 -1.601030 -0.736151 0.746317 -0.572263 -0.266336 -0.248248 -1.215028 -1.731017 -1.283703 -1.503449 -0.591800 -0.548669 0.078722
hsa116444 -0.203749 -1.104193 -0.589888 0.240320 -1.452784 -0.250464 -0.034699 -1.270172 0.000285 -0.049216 0.564921 -0.482081 -0.560957 -0.801417 0.160036 0.080897
D00537 -0.953378 0.716537 -0.006195 -0.359883 -1.030866 -0.676030 -0.775152 -0.597537 0.829642 0.528550 -0.292773 0.109479 -1.248640 -0.807481 -0.773480 0.029234
D01275 -0.608533 0.109759 0.125756 -0.519178 -0.367994 1.048948 0.455656 -0.478216 0.028391 0.068520 -1.227893 -1.010611 -0.293223 -0.470954 0.141739 -0.292442
hsa6529 -0.416732 -0.226881 0.709029 -0.064688 -0.915747 0.313318 -0.133445 -0.443060 -1.216882 0.350259 -0.113616 1.087159 -1.579777 -1.245325 -0.230398 -0.874367
hsa5023 0.709188 0.955120 0.363827 -1.547769 -0.737171 0.744915 -0.996189 -0.202072 -0.770943 -1.285225 -2.037174 -1.696872 -1.933323 -0.843121 -0.794103 -0.216780
D00563 0.232497 -0.204814 0.314273 0.921890 -1.128684 1.179518 0.671752 -0.332738 -0.059931 0.420998 -0.397345 0.802871 -0.416923 -1.525038 -0.899802 -0.537384
hsa9132 0.880222 -0.837001 0.581372 -0.683097 0.104413 0.465922 -1.175086 -1.305289 -0.240999 0.137219 -0.688229 0.421319 -0.015375 -0.420774 -0.471640 -0.297197
hsa60598 0.854967 0.404412 0.175671 -0.070552 0.598967 -0.371460 -0.362144 -0.627345 -0.282215 -0.007115 -1.096479 -0.147874 -0.092066 -0.117537 -0.630734 -1.152443
hsa3766 0.582436 0.731021 -0.116235 0.360985 0.400675 -0.214720 -0.457174 -1.173691 -0.088216 -0.332256 -1.004626 0.121306 0.029935 -0.641838 -0.204902 -0.782563
D04034 0.803649 -1.058247 0.564816 0.590689 -0.436593 -0.113107 -0.336312 -0.250715 -0.055210 0.063584 -0.856084 -1.097705 -0.155441 -0.949575 0.000934 -0.318908
D01242 1.494749 -1.285241 0.200971 0.038685 -0.657383 0.060330 0.044455 -0.204724 -0.205342 -0.012909 -0.497523 0.229277 -0.857945 -1.266822 0.164628 -0.111019
D00456 1.073833 -0.483062 -0.339734 0.584668 -1.170862 1.357176 0.130660 -0.090438 -0.247229 0.081211 -0.515239 0.085250 -0.795148 -1.312352 -0.522638 -0.185274
hsa169522 0.417456 0.257191 0.061669 0.576797 -0.063525 -0.277162 -0.247231 -0.918231 0.552260 0.041075 -1.408840 0.502855 0.590858 -0.136264 -0.787405 -0.680244
D02261 -0.278997 -0.302487 -0.159409 0.076636 -0.288631 -0.265523 0.466439 -0.705358 -0.035932 1.278495 -1.451239 -0.019400 0.080154 0.525683 -0.917397 -0.398390
hsa3772 0.686020 0.958191 -0.092247 0.662264 0.523732 -0.207546 -0.266774 -1.338133 -0.143475 -0.275669 -0.973463 0.227165 -0.000881 -0.828301 -0.369640 -0.993549
D02566 0.801884 -1.056767 0.190219 0.522604 -1.237215 0.684033 0.121794 -0.699281 0.097979 0.313576 -0.218047 0.595486 0.024731 -1.510476 -0.414691 -0.175746
hsa10008 0.641315 0.072973 0.312272 -0.214910 0.141280 -0.189453 -0.522354 -0.619169 0.509719 -0.093832 -1.331297 0.310078 0.359492 -0.587104 -0.384214 -0.931121
hsa9992 0.705666 0.188890 0.027928 -0.145382 0.123769 0.052188 -0.489093 -0.804981 0.320517 -0.147009 -1.269965 -0.166233 0.272661 -0.467574 -0.114171 -0.508286
D00593 -0.397691 1.372893 -0.449160 1.074957 -0.060424 0.344799 -0.208446 -1.787149 -1.075034 -0.134857 -0.987309 -0.042317 -0.720415 -0.859872 -0.327390 -0.312293
D00607 -1.175142 0.515767 0.607582 -0.342767 -1.104672 0.076727 -0.159954 -0.058314 -0.785110 0.573681 -0.886975 0.398673 -0.833521 -1.075068 -1.038185 -0.197009
hsa3769 0.496920 0.696545 0.106019 0.537348 0.496770 -0.335603 -0.221498 -1.057096 0.025477 -0.312765 -0.989324 0.082039 0.022369 -0.434656 -0.283897 -0.995522
D06106 -0.388808 0.279960 1.000817 0.615878 -0.976057 -0.737302 0.329398 -0.824150 0.783894 -0.457249 0.328981 -0.307993 -0.667475 0.220184 -1.428992 -0.314500
hsa3760 0.090471 -0.151140 0.233763 0.468794 -0.158220 -0.775048 -0.354394 -1.527563 -0.171749 0.028955 -1.259517 0.558005 0.297261 -0.702705 0.537205 -0.652142
D01799 -0.361182 0.385673 -0.945037 1.358407 0.483212 0.486261 0.126176 -1.618100 -1.151313 -0.444635 -1.595038 0.002815 -0.454979 -1.398918 -0.961764 -0.550362
hsa8001 0.137423 -0.236217 -0.353234 -0.388658 -0.356293 0.647179 0.091586 -0.156966 -0.040947 -0.983113 0.660696 -0.097746 -1.505577 -1.061581 -1.422948 -0.539108
D01603 0.067548 -0.486534 -0.099263 0.422174 -0.896957 0.402254 -0.985616 -0.198933 -1.109949 0.381713 -0.802243 0.899587 -1.003348 -0.030732 -1.060303 0.002792
D01599 -0.048708 0.856848 -0.558325 1.117984 0.367047 0.506434 -0.403978 -1.500511 -1.281522 -0.410834 -0.954473 0.120306 -1.077511 -1.366947 -0.863254 -0.428412
hsa6534 -0.637631 -0.051767 0.784544 0.486259 -0.880812 0.289517 -0.741598 -0.515294 -0.838260 0.633365 -0.223558 0.988914 -1.633995 -0.936300 -0.214284 -1.200569
D01575 1.788434 -0.398289 -0.098564 0.112855 -1.188278 -0.225701 0.324144 -0.330306 -0.643217 -0.016509 -0.571510 0.238215 0.225372 -0.794806 -0.248280 -0.221715
hsa7881 0.427581 0.238090 0.339738 -0.176678 0.567530 -0.424177 -0.239509 -0.864325 0.431426 0.020672 -1.984325 -0.168636 0.124722 -0.548842 -0.325217 -0.419176
D01828 0.250523 0.362516 -0.175596 0.326500 0.362590 0.572115 0.140721 -1.948793 0.101443 -0.663027 -0.719007 -0.256100 -0.635728 0.250155 -0.749323 1.129695
D01108 -0.095699 -0.459754 -0.326798 -0.306048 -1.161129 -0.700427 -0.900615 0.085799 -0.556106 -0.810134 -1.113900 0.335390 0.085876 0.400047 -0.956498 -0.756774
D03274 1.117473 -1.481356 0.272337 0.476362 -0.798133 -0.233272 -0.217553 -0.016183 -0.309624 -0.067086 -0.696998 -0.786554 -0.490668 -0.875268 -0.007130 -0.186936
hsa89822 0.882888 0.084550 -0.118165 -0.133693 0.388625 -0.626103 -0.194445 -0.672410 -0.304668 0.272540 -1.227480 -0.433014 -0.112022 -0.076581 -0.260194 -1.040045
D00831 1.242258 -0.494900 1.377496 0.121068 -0.048649 0.250410 -0.534275 -1.595476 0.019201 0.154334 0.227577 -0.664524 -0.032646 0.040403 -0.158668 -0.744984
hsa41 0.469164 -0.102858 -0.939524 0.742007 -0.612316 0.542119 -0.499378 -0.686428 1.035329 -0.505165 -1.172854 -0.155836 -0.673182 0.387578 0.485581 -1.174554
D00533 1.552560 -0.488713 0.629411 0.192199 -1.049103 0.641978 -0.896023 -0.679415 0.239512 -0.633428 -0.194549 0.917327 -0.295975 -0.053469 -0.084987 -0.411521
hsa93107 0.286303 0.475613 -0.232515 0.056110 -0.234195 -0.054881 -0.681244 -1.129423 0.075720 0.525120 -0.987898 -0.101590 0.593704 -0.330416 -0.531784 -0.795579
hsa8514 0.368484 0.240463 0.280961 -0.224814 0.381238 -0.436389 -0.205256 -0.868348 0.516155 0.090034 -1.683509 -0.041067 0.171001 -0.518602 -0.250547 -0.512374
hsa51305 0.605716 0.245875 0.419647 -0.157812 0.611033 -0.486756 -0.327243 -0.614439 0.053007 0.017066 -1.507456 0.065707 -0.157356 -0.004661 -0.483021 -0.950789
D03450 0.045906 1.008537 0.937590 -0.438551 -0.945733 -0.579573 0.340758 -0.893455 -1.389160 0.370785 -0.858314 -0.228432 -0.618449 -0.940801 0.073975 0.305135
D03037 0.538106 -0.082683 1.287834 -0.144011 -0.377601 0.226361 -0.664612 -1.760510 0.231102 0.414396 0.002038 -1.174424 -0.398635 -0.807717 0.465782 0.054739
hsa23704 0.564910 0.108229 0.543227 -0.069052 0.146053 -0.197819 -0.682879 -0.785423 0.505193 0.310765 -1.428335 0.100108 0.264969 -0.231935 -0.338106 -0.715426
hsa2903 -0.607732 -0.767410 -0.496333 0.478167 -1.565895 -0.460189 -0.082909 -1.449944 -0.402745 -0.093546 0.583357 -0.493051 -0.534915 -0.599725 -0.148464 0.031529
D00274 0.146302 -0.474712 -0.844403 0.975193 -0.471372 -0.025228 -0.958420 -1.366669 -0.710207 -0.006413 -0.343113 -1.410095 -0.383129 -0.361292 -0.080828 -0.381533
D00521 0.109945 -0.987864 -0.018370 0.769154 -0.609572 -0.268755 -0.860294 -0.571041 -0.704926 -0.183529 -0.559934 -1.222446 -0.147788 -0.538464 -0.066448 -0.701571
D04790 1.040797 0.317825 1.112156 -0.401168 -0.724614 -0.398279 -0.127881 -1.101812 0.701237 1.249924 0.126073 -0.833112 -1.238278 -1.072437 0.688125 -1.107167
hsa11280 -0.093719 -0.559929 0.192538 -0.352932 -0.281484 0.295186 0.137331 -0.604978 -0.846079 0.266345 -0.006957 1.047051 -1.109203 0.010430 -0.248989 -1.262245
D02347 -0.166865 0.081324 1.275852 -0.569783 -0.694701 0.026513 0.171022 -0.932446 0.795921 -0.518990 -0.572158 -0.809211 -0.750187 -0.261332 0.378539 0.593942
D01350 -1.137078 0.483934 0.460401 -1.095572 -0.667553 0.285634 -0.130427 -0.426610 -0.179859 -0.019832 -1.407963 -0.468706 -0.517102 -0.631797 0.032047 -0.189823
hsa3779 0.340869 -0.037375 0.240975 -0.196537 0.150469 -0.472669 -0.697186 -0.728265 0.058519 0.288079 -1.295126 -0.411630 0.146185 -0.844632 -0.028117 -0.758997
D00964 -0.403641 -0.045871 0.147573 0.623525 -1.147135 -0.342671 0.597637 0.670779 0.298469 -0.761148 -1.028075 -0.794072 -1.066679 0.235667 -0.242646 -0.424902
D02362 -0.467097 -0.942862 1.037856 0.705690 -0.884084 0.483906 -0.012426 -1.287189 -0.856227 0.123003 0.233291 0.526660 -0.371344 -1.301394 -0.297265 -0.380280
D00709 -0.340659 -0.430930 0.485835 -0.211794 -0.842400 0.207038 0.298737 -1.087314 0.194307 0.021298 -0.466736 -0.492446 -0.441292 1.420766 0.189594 -0.623417
D00504 -0.745247 -0.106110 0.005676 0.183146 0.249928 0.414568 0.159447 -1.345616 -0.650299 0.154230 -0.166691 0.602468 -1.609349 0.633422 -0.548840 -0.498759
hsa40 0.567597 0.061115 -0.826302 0.499398 -0.596181 0.641731 -0.557556 -0.907111 1.316502 -0.520874 -1.039538 -0.105167 -0.479689 0.451880 0.387595 -1.015338
hsa22953 0.753898 0.556610 0.194832 -1.493000 -0.356493 0.686951 -0.583310 -0.524194 -0.499705 -0.933989 -1.785740 -1.390544 -1.604825 -0.677466 -0.436848 0.272924
D00708 -1.361863 -0.742843 1.241162 0.280824 -1.334104 0.053719 0.050204 -0.513439 0.760990 -0.062932 -0.308308 -0.242173 -1.953460 0.293606 -0.419412 0.204683
D02234 0.889209 -0.351223 0.701710 0.676054 -0.985285 -0.401665 -0.384629 0.097157 -0.009563 -0.011913 -0.577916 -1.190581 -0.006416 -0.592394 -0.420831 -0.206975
D02237 -0.967035 0.726002 0.399709 0.048547 -0.833540 -0.060588 0.144331 -0.515514 -1.320975 0.545566 -1.108549 0.545837 -0.757062 -0.856153 -0.550311 0.029207
hsa3754 0.353141 0.135913 -0.082828 0.206283 -0.068661 -0.343215 -0.899311 -1.029254 0.430783 0.751032 -1.344990 -0.081556 0.459157 -0.412247 -0.894231 -0.522830
D00513 0.996366 -0.563621 -0.464194 0.360667 -0.769485 1.359012 0.338715 -0.193595 -0.696109 0.294289 -0.344258 0.442556 -0.848850 -0.112207 -0.983682 -0.421410
hsa5027 0.498344 0.463200 0.340877 -1.971743 -0.496828 0.551742 -0.363489 -0.182253 -0.496018 -1.407260 -2.007019 -1.444161 -1.448358 -0.416535 -0.504221 -0.334572
hsa57657 0.612638 -0.121702 -0.336068 0.286347 0.160814 -0.473884 -0.908987 -0.868142 0.144236 0.543385 -1.093256 -0.224072 -0.028638 -0.330362 -0.216337 -1.096628
hsa27094 0.294236 0.045250 0.464282 0.162509 0.322213 -0.387086 -0.656893 -0.718188 0.564437 0.222533 -1.460115 -0.104354 -0.034573 -0.576987 -0.201007 -0.730505
hsa23630 0.728260 0.324986 0.293450 -0.133153 0.261026 -0.245997 -0.357496 -0.518231 0.260179 -0.096700 -1.157464 0.180036 0.179313 -0.515238 -0.434502 -0.997142
hsa1144 0.370801 0.607930 0.352855 0.981460 -1.670094 0.539480 1.367685 -0.009664 0.517278 0.025163 -0.687821 -0.429127 -1.202137 -0.069495 -0.420810 -0.185831
D00697 -0.392923 -0.401789 0.627096 0.618150 0.219512 0.188063 0.617943 -1.085363 0.356353 -0.564310 -0.102115 -0.388158 -0.759321 -0.285880 -1.372729 0.469984
hsa2899 -0.649652 0.114174 -0.296386 -0.484489 -0.675928 -0.523785 -0.701632 -0.996845 1.333346 0.734534 -0.721890 0.503638 -1.519055 -1.119421 0.215556 -0.394071
D00960 0.219495 -0.119881 -0.035688 0.429880 -1.114136 -0.327465 0.946184 0.544054 0.479475 -0.762376 -0.690073 -0.364836 -1.390181 0.249731 -0.616622 -0.088266
D00392 -0.533349 0.368861 0.645364 0.243932 -1.236182 -0.026081 0.156090 -1.076366 0.954068 -1.121319 0.037729 -0.295625 -0.013064 0.994589 -0.494927 -1.094833
D00761 0.218532 0.058597 0.533671 -0.505425 -1.626307 -0.601405 0.959513 0.360088 -0.159427 0.540820 -0.404527 -0.576677 -0.024997 -0.529260 -0.880554 -1.033814
D00704 -0.477088 0.079691 0.463734 -0.020679 -0.728455 0.443387 -0.516725 -0.460813 1.579324 -0.645017 -0.111804 -0.052389 -0.340960 -0.364209 -1.671432 -0.120129
hsa1140 0.503916 0.645875 -0.263504 0.736761 -1.734106 0.704242 1.156867 0.062225 0.600079 -0.070841 -0.776432 -0.515787 -0.974836 0.001179 -0.278624 -0.221988
hsa1181 1.059011 0.343998 1.356845 -0.537326 -0.435044 -0.638858 -0.145465 -1.038371 0.854802 0.841474 -0.267681 -0.743001 -1.267232 -1.312487 0.786994 -1.122880
D00495 -0.436746 0.125586 0.902945 0.524993 -1.119325 -0.243267 0.203957 -0.801279 0.649525 -1.167391 0.061992 -0.077823 0.033887 0.661541 -0.472993 -1.079408
hsa26251 0.371199 0.153149 -0.423328 0.211179 -0.179967 -0.050043 -0.775938 -1.146257 0.602301 0.587500 -1.374937 -0.057932 0.841208 -0.516250 -1.080371 -0.834848
D00779 -0.314171 0.177698 0.630572 -0.167816 -1.695524 -0.144176 0.925299 -0.833764 -0.559072 1.185254 0.134955 -0.429582 -0.574260 0.145012 -0.307282 -0.830900
D00418 -0.159486 1.130616 -0.383069 0.612907 -0.385414 0.525980 0.523817 -1.364503 -0.655745 0.058118 -0.334809 0.228066 -0.038996 0.089216 -0.240425 -0.897548
D00760 0.334789 0.091508 0.776849 -0.274022 -1.821907 -0.388567 0.808014 0.409402 -0.066068 0.331940 -0.243450 -0.458481 0.247110 -0.790740 -0.904687 -1.332008
hsa56660 -0.047963 0.144710 0.540115 -0.526886 0.371716 -1.434275 -0.555639 -0.391080 -0.240941 -0.853829 -0.736438 -0.200042 -0.530932 -0.009570 -0.714415 -1.409158
D00759 0.262161 0.204463 0.639412 -0.429112 -1.995190 -0.354685 1.021257 0.361585 -0.405229 0.468974 -0.414641 -0.771986 -0.133639 -0.745964 -0.999228 -1.035969
hsa10060 0.507239 0.514310 -0.085647 0.668706 0.158648 0.430950 -0.266107 -1.164687 -0.118254 -1.023388 -1.544748 -0.494007 0.367365 0.050756 -0.725931 -0.017585
hsa3787 0.295395 0.588547 -0.090933 0.834721 -0.552725 -0.065797 -0.569492 -0.808989 0.757960 0.271063 -1.974575 0.630659 0.942866 -0.215889 -1.217767 -0.668838
D00771 -0.266610 -0.208131 -0.085216 -0.159408 0.044156 1.036169 -0.097912 -0.909711 0.716275 0.561799 -0.999972 0.885923 -0.127917 -1.073050 -0.513660 -0.214282
D00963 -0.089959 0.334482 0.630049 0.588849 -2.161640 -0.208419 0.372344 0.064919 0.373415 -0.341238 0.368493 -0.073769 -0.858082 0.406032 -0.643908 -1.152189
D01071 -0.076652 0.437679 0.911227 0.464076 -1.648892 -0.306150 0.317125 -0.450800 1.049397 -1.066122 0.445248 0.086621 -0.594454 0.473144 -0.880254 -1.004081
hsa27345 0.401170 -0.191264 0.839502 -0.258392 0.369688 -0.465423 -0.255530 -0.607861 0.532896 -0.328598 -1.563099 -0.118464 -0.069788 0.019088 -0.086050 -0.614205
D00765 -0.297985 0.485331 0.145742 0.096142 -1.873640 -0.471988 0.731547 0.415922 -0.580280 0.465285 -0.089042 0.189713 -1.185384 -0.271962 -0.775664 -1.300599
D01854 0.177261 -0.794175 -0.116029 0.067088 -0.288599 0.732084 -0.377575 -1.309650 -0.865580 0.001953 0.075840 0.040753 -0.385618 0.240386 -1.391570 0.459967
hsa2895 0.124053 0.113124 -0.964454 -0.629210 -0.300307 -0.141458 -0.619076 -1.046232 0.915555 0.133922 -0.324336 1.037788 -1.228269 -0.679561 0.094301 -0.456698
hsa57192 0.314760 -0.453982 -0.639442 1.096381 -0.330728 0.550612 -0.372262 -0.609748 0.972319 -0.608863 -0.717715 -0.372224 -0.749003 0.577995 0.089040 -0.974708
hsa7225 -0.037696 -0.474232 -1.027718 1.026579 -0.382571 0.662963 -0.015711 -0.701666 1.361929 -0.145114 -1.033934 0.007583 -0.301370 0.323339 0.138335 -1.547667
