D02356 0.075251 0.770457 -0.016070 -0.151105 0.510897 -0.564267 -0.265009 0.053533 0.131960 -0.395711 -0.757153 -0.349866 0.351500 0.270236 -0.125115 -0.386101
D00294 0.407609 0.914313 -0.311268 -0.056885 0.716660 -0.818964 -0.315000 -0.235309 0.120420 -0.068704 -0.925997 -0.455775 0.515873 -0.000221 -0.195430 0.003551
D00332 -0.394618 0.480381 0.130080 0.099797 -0.267671 -0.115980 -0.490766 -0.137022 0.129875 -0.970095 -0.643967 -0.041426 0.003346 0.190748 0.429936 -0.844969
D00512 -0.392069 0.300751 0.246932 -0.108637 0.068392 -0.204673 -0.247078 -0.163663 0.166300 -0.892975 -0.822754 0.129252 -0.195642 0.281287 0.345181 -0.507134
hsa2554 0.032077 -0.091458 0.326896 0.638575 -0.568736 -0.881938 0.607092 -0.827713 0.513943 -0.791681 -0.543322 -0.419521 -0.715626 0.095915 -0.157977 0.643455
hsa6331 0.456941 0.374147 -0.126588 -0.709306 0.012333 -0.156913 0.104553 -1.059646 0.015280 -0.439039 -0.364537 0.354369 -0.356278 -0.093802 -0.088780 -0.865539
D00542 -0.078477 0.406348 0.150322 0.544235 -0.269848 -0.545712 -0.075187 0.002859 -0.072592 -1.066090 -0.956451 -0.114917 0.197860 0.614934 0.342144 0.031751
D00629 -0.522748 0.545411 0.389661 0.073897 -0.150191 -0.287271 -0.203412 -0.137049 -0.107907 -1.137709 -0.837341 -0.351074 0.307013 0.676482 0.211583 -0.457342
hsa6329 0.285729 0.497790 -0.420063 -0.402613 -0.044443 0.110373 -0.162950 -0.971004 0.137077 -0.361198 -0.551799 0.130260 -0.429099 0.242051 0.068198 -0.885531
D01295 -0.453476 0.443081 0.608641 0.332704 -0.040010 -0.426568 -0.416559 0.022152 -0.186644 -0.896511 -0.825710 -0.447524 0.095444 0.551503 0.351901 -0.597518
D00437 -0.563213 0.630340 0.612066 0.200529 0.004715 -0.334489 -0.177159 0.035805 -0.083409 -1.114043 -0.829849 -0.314527 0.137029 0.622927 0.247836 -0.535367
D00560 -0.638462 0.194126 0.742876 0.246286 0.046452 -0.358205 -0.267047 -0.057682 -0.183794 -0.782529 -0.897094 -0.597192 0.004451 0.668573 0.255195 -0.651051
D00618 -0.444493 0.514958 0.536353 0.265498 -0.084639 -0.227203 -0.162155 0.023827 -0.107763 -1.121315 -0.917180 -0.250473 0.150727 0.697984 0.128514 -0.424764
hsa6328 0.435891 0.398029 -0.455868 -0.427567 -0.011374 0.107864 -0.139956 -1.044392 0.183371 -0.331024 -0.600436 0.085349 -0.272091 0.115727 0.023173 -0.874196
hsa6323 0.360911 0.353442 -0.397200 -0.788050 -0.044682 0.045877 0.012180 -1.141153 -0.096365 -0.356101 -0.620662 0.070404 -0.697541 0.310702 -0.258948 -0.782062
D00293 0.433201 -0.138627 0.710928 0.224090 -0.624960 -0.785488 0.559976 -0.649536 0.456980 -1.229046 -0.462024 -0.243251 -0.626082 -0.498359 -0.270684 0.552927
D00499 0.470727 0.634538 0.753896 0.572769 -0.908489 -0.622052 0.765338 -0.519622 0.450903 -0.416719 -0.248204 -0.393245 -0.997016 -0.083510 -0.611253 0.375190
hsa6326 0.477612 0.456565 -0.523869 -0.564959 0.151684 -0.054199 0.150800 -1.134810 -0.041810 -0.174218 -0.585566 -0.073353 -0.397202 0.131505 -0.151713 -0.931729
hsa6334 0.524578 0.359753 -0.450912 -0.513268 0.094579 0.039478 0.084116 -1.306894 -0.184371 -0.239734 -0.503045 -0.068345 -0.467935 0.242962 -0.171145 -0.911699
hsa6335 0.450190 0.528526 -0.496513 -0.522048 0.042070 0.139583 0.079724 -1.080017 -0.080842 -0.191441 -0.477475 -0.180960 -0.478477 0.189692 -0.194477 -0.984033
D00775 0.236858 0.291097 -0.631932 0.102887 -0.502044 -0.433911 -1.048686 -0.833243 0.719540 -0.132000 -1.087166 0.436287 -0.135169 -0.048022 0.252871 -0.108732
hsa775 -0.302292 0.247677 0.522061 0.553796 0.012504 -0.261424 -0.047017 0.069709 0.182535 -0.950339 -0.893448 -0.270634 0.665713 0.557820 -0.417603 -0.717318
hsa1135 0.080003 0.793380 0.530690 0.272463 -1.325289 -0.279185 0.577675 -0.444694 -0.153835 0.697842 -0.889023 -0.529404 -0.745357 -0.364722 -0.656550 -0.772327
hsa6336 0.118131 0.526322 -0.184670 -0.517478 -0.248364 0.092539 -0.221320 -0.825542 0.105144 -0.389259 -0.508316 0.343572 -0.236615 0.014419 -0.012259 -1.042776
D02207 0.187255 0.161075 0.308766 0.538284 -0.514917 -0.491466 0.775580 -0.171690 0.234604 0.247911 -0.846494 -0.965346 -0.816591 -0.439734 -0.635937 -0.023851
hsa2555 0.553059 -0.173243 0.371443 0.547074 -0.864246 -0.720228 0.212524 -0.636738 0.402427 -0.546769 -0.541840 -0.651918 -0.739670 -0.263606 -0.615317 0.430785
hsa2558 0.485476 -0.261533 0.366019 0.409318 -0.996900 -0.759971 0.507383 -0.631323 0.210206 -0.654746 -0.544084 -0.768178 -0.743873 -0.330679 -0.397201 0.228490
D00547 0.733877 0.179837 0.334685 0.559728 -0.895838 -0.743729 0.559199 -0.501366 0.583753 -0.926048 -0.639513 -0.285273 -0.301984 -0.267824 -0.118869 0.572833
D00545 0.685235 0.025687 0.498629 0.595309 -0.787344 -0.763685 0.498746 -0.536531 0.640371 -0.907224 -0.666352 -0.448143 -0.009270 0.085146 -0.508032 0.573555
hsa779 -0.515316 0.243118 0.580114 0.317780 -0.253733 -0.353174 -0.024326 0.020440 0.098855 -0.771520 -0.997887 -0.302125 0.677383 0.569661 -0.368502 -0.768542
hsa2556 0.484676 -0.231753 0.407126 0.427886 -0.820717 -0.808843 0.230107 -0.611583 0.313395 -0.723709 -0.401926 -0.744395 -0.713354 -0.338293 -0.538652 0.327969
D00549 1.078427 -0.138412 0.062926 0.282213 -0.946844 -0.702891 0.745266 -0.654230 0.132563 -1.070518 -0.599783 -0.071716 -0.600897 -0.188498 -0.510067 0.196220
hsa1136 0.101318 1.027622 0.490224 0.304640 -0.857478 -0.104190 0.554192 -0.505320 0.357583 0.422342 -0.588072 -0.534679 -0.987956 -0.305460 -0.819871 -0.301036
hsa778 -0.279398 0.154668 0.738394 0.431146 -0.166167 -0.170975 -0.273496 -0.314644 -0.035631 -0.865714 -0.914071 -0.109247 0.701267 0.687813 -0.281048 -0.489832
hsa6263 0.023119 0.816994 0.508949 -0.216269 -0.107123 0.419020 -0.072421 0.154585 -0.354679 -1.047580 -0.812014 -0.666035 -0.300667 0.308234 0.448568 -0.377370
D00303 0.331365 0.096677 -0.170303 -0.044840 -0.057390 -0.259915 -0.383489 -0.291633 0.896651 -0.755032 -0.466294 0.328868 -0.570505 0.019132 0.129259 -0.974408
D00726 0.344769 0.797840 0.639427 0.142890 -0.476673 0.543802 0.230634 -0.374662 0.249190 0.288304 -0.734120 -0.220227 -1.130164 -0.247536 -1.016735 -0.566375
hsa776 -0.493320 0.396181 0.658885 0.375089 -0.023619 -0.176275 -0.434604 -0.294657 -0.072153 -0.919739 -1.045309 -0.025947 0.487639 0.748173 -0.188751 -0.478455
hsa6261 -0.236918 0.453527 0.556998 -0.447894 -0.013439 0.218828 -0.165251 -0.096662 -0.205252 -1.266119 -0.659412 -0.650137 -0.030622 0.162753 0.358739 -0.370966
hsa6262 -0.134623 0.786700 0.623698 -0.128043 -0.052343 0.455775 -0.112297 0.051922 -0.336565 -0.921575 -0.821607 -0.609788 -0.127157 0.323459 0.410059 -0.365249
D00538 0.204130 0.250471 0.012192 -0.275921 0.088561 -0.217435 -0.732557 -0.168991 0.693401 -0.486368 -0.673920 0.251570 -0.603197 0.538439 -0.096175 -0.649892
hsa8973 0.113463 1.106947 0.643090 0.305689 -0.845752 0.020121 0.651314 -0.619128 0.273223 0.464022 -0.605073 -0.426796 -0.940587 -0.426306 -0.718800 -0.218525
D02272 1.031450 0.637812 -0.303021 -0.092386 0.165732 -0.279093 0.482253 -0.525861 -0.283264 0.262449 -0.874500 0.022554 0.004222 0.537840 -0.173797 -0.756351
D00548 0.784479 -0.092546 0.500798 0.233030 -0.788952 -0.580017 0.235096 -0.384651 0.711980 -0.959816 -0.451994 -0.654157 -0.827497 -0.317036 -0.106520 0.330341
D00329 0.712638 -0.350752 0.596270 0.458091 -0.403149 -0.922809 0.716562 -0.521898 0.722387 -0.854507 -0.470123 -0.335889 -0.387545 -0.355800 -0.601555 0.026592
hsa8912 -0.332653 0.448172 0.704367 0.133388 0.082320 -0.481098 -0.417773 -0.244942 0.246942 -0.633467 -0.465985 -0.408063 -0.193631 1.005567 0.206602 -0.655229
hsa3782 0.040475 -0.115613 0.490936 0.003605 1.050174 -0.437210 0.000922 -0.296015 0.401793 -0.057773 -1.038703 -0.827669 -0.076238 -1.022764 0.045315 -0.485537
D00552 0.269278 0.361919 -0.089900 -0.434656 -0.306225 -0.021669 -0.459959 -0.330564 1.002059 -0.840559 -0.459267 0.398201 -0.496348 -0.002761 0.145915 -0.719784
D00530 0.880017 -0.162627 0.770009 0.334996 -0.813135 -0.671653 0.331221 -0.152211 0.743465 -0.916517 -0.481833 -0.498025 -0.797375 -0.377697 -0.246574 0.141973
hsa8913 -0.410036 0.484947 0.681181 -0.120466 -0.156297 -0.697693 -0.238663 -0.323671 0.207729 -0.695340 -0.519804 -0.220029 -0.190963 1.229728 0.242330 -0.498511
D00740 0.394288 0.461013 -0.118791 -0.694717 -0.434077 0.760967 0.224111 -0.682136 0.202844 -0.584236 -0.647260 -0.292509 -0.509332 0.241566 -0.052383 -0.602088
D00225 0.499333 0.041813 0.579554 0.233055 -0.770959 -1.110845 0.786885 -0.603336 0.656776 -1.087845 -0.470371 -0.298407 -0.634008 -0.340485 -0.544801 0.489683
hsa773 -0.356370 0.627841 0.749973 0.192154 0.025741 -0.259114 -0.151449 -0.153347 -0.099622 -0.953911 -0.943385 -0.051512 0.655990 0.698993 0.021658 -0.521039
D00252 0.025304 0.216375 -0.148006 -0.448674 0.164863 -0.184700 -0.772976 -0.284005 0.855436 -0.500486 -0.776901 0.267114 -0.347068 -0.260855 0.102772 -1.040224
D00528 -0.050002 1.141469 0.887559 -0.958969 -0.411771 0.618764 -0.729897 0.015506 -0.507717 -1.234005 -1.386826 -1.183679 -0.261436 0.177334 0.109806 0.267095
hsa2559 0.669115 -0.236413 0.341713 0.493356 -0.895951 -0.925202 0.229867 -0.434473 0.301675 -0.557941 -0.431851 -0.729292 -0.722922 -0.273180 -0.639301 0.180888
D01450 0.001743 0.683962 -0.691163 -0.486523 0.167480 -0.161512 0.023288 -1.305600 -0.055547 -0.070744 -0.442791 -0.162212 -0.046463 0.017594 -0.538122 -0.831865
D00550 0.634130 -0.069675 0.866064 0.467422 -0.791744 -1.172149 0.569991 -0.531635 0.283779 -0.821909 -0.543315 -0.000363 -0.635598 -0.539793 -0.567161 0.332573
hsa2557 0.485882 -0.084522 0.352834 0.329719 -0.913162 -0.933569 0.112243 -0.415842 0.458735 -0.668139 -0.473884 -0.600813 -0.644780 -0.187427 -0.761075 0.474463
hsa57053 0.163675 1.089784 0.479538 0.158035 -0.698059 0.120563 0.718514 -0.511713 0.256928 0.416339 -0.960488 -0.479698 -0.937012 -0.603203 -0.814148 -0.114796
hsa3736 0.653108 0.153702 0.032913 0.392929 0.015548 -0.366062 0.360874 -0.913916 0.630983 -0.362675 -0.678042 -0.435613 0.983804 0.342595 -0.457349 0.223031
D00711 0.210631 -0.338991 0.218441 0.509368 -1.110373 -1.085780 -0.280834 -1.117597 -0.053092 -0.383905 -0.096022 -0.736543 -0.623968 -0.642245 -0.099705 -0.189015
hsa6530 0.352470 0.748735 0.858121 0.005044 -0.018051 -0.729652 -0.091548 -0.495717 -0.487431 -0.240235 -0.517871 0.685698 -0.857524 -1.469691 0.410352 -0.551713
hsa8911 -0.360625 0.422541 0.650636 -0.046156 0.058418 -0.745260 -0.160752 -0.104935 0.164202 -0.572135 -0.624863 -0.292813 -0.063190 0.861738 0.355378 -0.648633
D03991 0.356432 0.253980 -0.367381 0.192583 0.679407 0.145911 0.055664 -1.280802 -0.472798 -0.339960 -0.356020 -0.371671 -0.390816 -0.424359 -0.131237 -0.959105
D00642 0.946546 0.795209 -0.372262 -0.096680 0.633600 -0.177762 0.476532 -0.463810 -0.468249 0.076832 -0.947158 -0.131810 -0.051388 0.486401 0.048666 -0.795921
hsa3781 -0.286866 -0.022324 0.463509 0.240246 1.026185 -0.495244 0.421138 -0.171939 0.221596 -0.016119 -1.008590 -0.997737 -0.464964 -0.668361 -0.134686 -0.250318
D00649 0.127088 0.750194 0.255308 0.468098 0.213324 -0.010872 -0.882697 -0.085344 1.085919 -0.432013 -0.499852 0.053337 -0.745061 0.615171 0.203524 -1.038004
hsa3359 0.486003 0.854615 0.765823 0.631653 0.082810 0.731324 -0.271912 -0.738957 -0.064439 -0.105795 -0.796910 0.128043 -0.638731 -1.348580 -1.135712 -0.452861
D00136 0.045823 -0.323835 0.389669 0.456713 -0.267452 -0.870658 -0.751206 -1.294190 -0.748929 -0.419853 -0.174863 -1.003479 -0.140578 -0.211558 0.478925 -0.712893
hsa2741 0.598022 0.044796 0.383285 0.790658 -0.851943 -0.044540 0.240833 -0.735404 0.281083 -1.292830 -0.726630 0.142380 0.121236 -0.434814 -0.278342 0.502031
hsa781 -0.459704 0.358065 0.318436 0.268894 0.133107 -0.550921 -0.217123 0.136194 -0.342989 -1.050764 -0.807778 -0.178824 0.002866 0.614654 -0.144166 -0.475378
hsa1137 0.263523 0.934192 0.442714 0.357005 -0.909772 -0.050586 0.669608 -0.446851 0.318263 0.478997 -0.723949 -0.710586 -1.018495 -0.438173 -0.478578 -0.354298
D00638 0.584984 0.068509 -0.119738 -0.519139 0.346389 -0.133824 0.015050 -1.299204 0.355563 -0.239973 -0.439981 -0.407649 0.382368 0.432138 -0.417700 -0.554100
hsa2562 0.940674 0.005134 0.657870 0.469912 -0.793052 -0.892905 0.652247 -0.249147 0.673640 -0.918507 -0.604714 -0.408700 -0.490988 -0.289626 -0.475007 0.264795
D03580 0.528586 1.038780 0.510422 0.561260 -0.760170 -0.218792 0.849046 -0.281229 0.000230 0.648310 -1.072130 -0.467686 -0.978244 -0.157026 -0.274092 -0.261417
hsa3743 0.836012 0.482815 -0.005744 -0.111349 0.268133 -0.317386 0.250360 -0.434834 0.087862 -0.175278 -0.573708 -0.718978 0.814578 0.399665 -0.503852 -0.633819
hsa2560 0.836190 0.076152 0.529381 0.290779 -0.802981 -0.756220 0.715734 -0.397773 0.590440 -1.066653 -0.518971 -0.275129 -0.590885 -0.509615 -0.364170 0.382005
hsa3778 0.081572 0.538286 -0.257998 -0.016983 0.080277 -0.937034 -1.198395 -0.022996 0.075562 -0.054330 -1.665241 -0.051101 -0.021391 0.198127 -0.879001 0.572477
D02173 0.048405 0.866976 0.657241 0.449079 -0.932831 0.334855 0.801433 -0.773570 -0.185890 0.378752 -0.887711 -0.609873 -0.779174 -0.554254 -0.508900 -0.439306
hsa2566 0.827685 -0.013961 0.650558 0.496458 -0.908244 -0.927183 0.679552 -0.518109 0.679647 -0.932238 -0.638444 -0.413379 -0.601011 -0.277744 -0.441368 0.375860
hsa1134 0.016560 1.236838 0.533101 0.155696 -0.876589 0.158548 0.433103 -0.593378 0.286681 0.747039 -0.902602 -0.646495 -0.805995 -0.376896 -0.694990 -0.369109
hsa8645 0.519316 0.572084 -0.625231 -0.773475 -0.018509 -0.302957 0.242082 -0.847760 -0.229823 -0.109302 -0.827164 0.039119 -0.046590 0.197729 -0.244537 -0.845013
D05453 0.393060 1.258769 0.545756 0.381763 -0.727457 -0.262243 0.563319 -0.486383 0.085307 0.652328 -0.354997 -0.665014 -0.542544 -0.477657 -0.178080 -0.571016
hsa1138 0.147662 1.070180 0.182544 0.333234 -0.784661 -0.052562 0.568794 -0.581701 0.068577 0.728685 -0.983052 -0.812897 -0.947361 -0.488063 -0.638845 -0.377318
D00349 -0.578814 0.372892 0.750747 0.434435 -0.097987 -0.512192 -0.215969 -0.120620 -0.137428 -0.941294 -0.825228 -0.257285 0.283477 0.936948 -0.424025 -0.694334
hsa786 -0.385839 0.529200 0.250256 0.501043 0.189811 -0.674407 -0.382685 0.256300 -0.504664 -0.998405 -0.851130 -0.069900 -0.051693 0.739625 -0.327642 -0.528405
D01243 0.537357 0.340607 -0.617169 -0.422104 -0.189288 -0.065544 0.135533 -1.193656 -0.262228 -0.445631 -0.558714 0.410199 -0.437926 0.221113 -0.431889 -0.932341
D00739 0.155811 0.209347 -0.196807 -0.817453 -0.285572 -0.127992 0.113193 -1.365968 -0.126230 -0.056661 -0.592516 -0.200003 -0.206716 0.086705 0.159443 -0.944650
hsa55879 0.719335 0.067446 0.631821 0.465444 -0.916642 -0.942886 0.839415 -0.307455 0.550132 -1.035819 -0.522846 -0.373099 -0.585807 -0.279328 -0.482867 0.321769
hsa55584 0.329441 1.124077 0.516347 0.418231 -0.756673 -0.041834 0.887989 -0.363701 0.184417 0.343202 -0.609416 -0.484875 -0.678172 -0.464825 -0.757670 -0.291140
D00738 0.157045 0.565299 -0.476664 -0.094131 -0.372488 0.294287 0.069448 -1.195885 -0.172660 -0.185387 -0.338677 -0.064929 -0.609614 -0.109983 -0.360128 -0.766080
D02088 0.628684 0.250479 -0.608808 -0.341853 -0.251167 -0.154620 0.383767 -1.123829 -0.079367 -0.568204 -0.473159 0.378138 -0.643455 0.147860 -0.330957 -0.697797
hsa2561 0.830506 0.171759 0.520365 0.460535 -0.911279 -0.793283 0.921214 -0.453823 0.650059 -1.149751 -0.612502 -0.159353 -0.586236 -0.210242 -0.508912 0.427719
D00195 0.139300 1.111576 0.672035 0.561275 -1.028480 0.058462 0.579941 -0.684570 0.360555 0.714236 -0.903382 -0.677040 -0.863245 -0.551536 -0.483783 -0.510895
D00640 0.532511 -0.023359 -0.178323 -0.438850 0.298662 -0.141349 -0.091785 -0.946788 0.227968 -0.105260 -0.667144 0.263803 -0.223906 -0.229636 -0.477660 -1.221100
D02086 0.555603 0.343948 -0.619339 -0.593571 -0.138075 -0.194470 0.210350 -1.139896 -0.093849 -0.383200 -0.554486 0.065951 -0.333281 0.162941 -0.138878 -0.957325
D00809 0.037235 -0.194784 0.491739 0.146661 0.667267 -0.409447 -0.362010 -0.448458 0.044082 0.005609 -1.043205 -0.456452 -0.270972 -1.689026 -0.388936 -0.864093
D02087 0.193365 0.222870 0.066220 -0.637468 0.729039 0.066705 0.282329 -1.732492 0.183295 -0.318594 -0.472739 -0.122972 -0.527010 -0.021455 0.149012 -0.467975
hsa777 -0.242225 0.434112 0.436092 0.006328 -0.164090 -0.570462 -0.100163 0.058814 0.101622 -0.817392 -1.002880 -0.272367 0.419344 0.727520 0.409476 -0.740085
hsa2569 0.839956 0.145028 0.625679 0.340075 -0.885687 -0.661568 0.927433 -0.602740 0.741997 -0.840341 -0.591925 -0.259903 -0.521351 -0.170689 -0.363723 0.351526
D01287 0.136082 0.622318 -0.684903 -0.533143 -0.192060 -0.061525 0.002794 -1.171701 -0.027653 -0.097510 -0.468099 -0.121369 -0.451988 0.297120 -0.333010 -1.000592
hsa285242 0.854278 0.381886 0.667767 0.499780 0.131574 0.577375 -0.535362 -0.778857 -0.350517 -0.284459 -0.980337 0.310015 -0.794847 -0.901207 -1.293386 -0.153497
D04048 0.091445 0.783790 -0.508595 -0.435798 -0.080246 -0.077823 -0.063073 -1.313584 -0.128229 -0.174966 -0.305761 -0.009731 -0.503401 0.359563 -0.270795 -1.020886
hsa3758 0.058642 1.871325 -0.305318 0.501083 0.890695 -0.710897 -0.635095 -0.549721 -0.007308 -0.735525 0.166450 -0.473025 0.102294 -0.246402 -0.287233 -0.281980
hsa785 -0.640866 0.483095 0.187347 0.229515 0.007567 -0.341414 -0.177652 0.104626 -0.007641 -0.978196 -1.019950 -0.284118 -0.069743 0.522047 0.192450 -0.344652
D00732 0.517900 0.654729 -0.167282 -0.871985 -0.283012 0.308456 0.129312 -0.931105 0.209689 -0.133853 -0.630835 0.036790 -0.617491 0.186130 -0.232204 -0.858530
hsa3738 0.571137 0.494614 0.151067 0.507512 0.380916 -0.383398 0.465361 -0.701019 0.387838 0.024969 -0.663889 -0.493505 1.062910 0.427711 -0.535862 -0.641169
D03830 0.042922 -0.218099 0.276635 0.752976 0.157406 -0.459335 0.095083 -0.620633 0.380642 -0.598822 -0.535342 -0.488126 0.882536 0.293884 -0.962468 -0.469198
D00741 0.273436 0.594840 -0.349465 -0.766545 -0.228258 0.246833 0.288035 -1.001176 0.331523 -0.304189 -0.501899 -0.085596 -0.551479 0.146281 -0.139531 -1.065969
hsa1141 -0.263892 0.781839 1.090989 0.075399 -0.833662 -0.086984 0.358769 -0.493388 0.747470 -0.122947 0.042416 -0.254134 -1.265830 0.043380 -0.793360 -0.650833
hsa9254 -0.539550 0.461176 0.279696 0.271995 -0.072229 -0.506443 -0.107237 -0.050742 -0.042960 -1.047619 -0.822152 -0.018408 0.163102 0.405801 0.390203 -0.388096
D00735 0.507600 0.537010 -0.364480 -0.459270 -0.233455 0.006509 -0.008348 -1.272905 -0.279092 0.010069 -0.275901 -0.328461 -0.461688 0.092110 0.055929 -1.020202
D02098 0.266672 0.596079 -0.280565 -0.674729 -0.092174 0.314216 0.240941 -1.117891 0.258267 -0.314003 -0.645185 0.103349 -0.423918 0.227204 -0.005993 -1.072528
D03878 -0.231099 -0.171370 0.032731 0.576556 -0.421303 -0.995919 -0.788435 -1.121573 -0.274418 -0.245524 -0.500675 -0.770945 0.448964 -1.434778 -0.009988 -0.659481
D03365 -0.124086 1.283496 0.621805 0.273408 -0.515351 0.014380 0.335394 -0.720371 0.136461 0.188593 -0.103217 -0.074003 -0.768043 -0.768895 -0.991271 -0.371262
hsa2567 0.841662 0.030726 0.702123 0.412551 -0.916410 -0.808756 0.711399 -0.546204 0.411893 -0.998986 -0.467234 -0.339935 -0.455537 -0.323126 -0.504282 0.379422
hsa3783 0.301369 0.686979 0.482096 -0.133434 0.218599 0.033146 0.002947 0.009193 -0.309548 -0.634433 -0.741686 -1.223530 0.258663 -0.447106 0.803772 -0.024029
hsa2563 0.956611 0.119050 0.597824 0.451673 -0.991863 -0.821661 0.629606 -0.506850 0.550423 -0.922900 -0.648466 -0.106645 -0.590632 -0.288166 -0.379341 0.478426
hsa9311 -0.058305 0.565988 -0.133500 0.249812 0.170048 -0.180440 -0.731345 -0.208994 1.008523 -0.590852 -0.684158 0.288156 -0.283333 0.301753 0.271399 -0.777443
D00394 0.505474 0.186183 0.883453 0.180540 0.422775 -0.516107 -0.514402 -0.268229 0.245860 -0.070305 -0.671953 0.333552 -0.453383 -1.490548 0.041403 -1.139500
hsa782 -0.445879 0.286544 0.192625 0.311136 0.148748 -0.504740 -0.306925 0.015724 -0.312735 -1.153583 -0.872821 -0.279561 0.026955 0.586265 0.063376 -0.555126
D00110 0.328364 0.801887 0.779191 -0.041189 -0.521750 -0.042684 -0.066337 -1.099466 -0.403957 -0.374098 -0.290218 0.974234 -0.193882 -0.818172 0.338646 -0.867534
hsa1139 0.215768 1.044964 0.644055 0.374740 -0.744168 -0.117216 0.579483 -0.495320 0.225250 0.752019 -0.820476 -0.685396 -0.696540 -0.538879 -0.665410 -0.254410
D00677 0.415460 0.572464 0.217126 0.542838 -0.032863 1.007576 -0.319911 -1.122151 -0.600667 -0.625042 -0.905275 0.143247 -0.542609 -0.967238 -1.048464 -0.483635
hsa784 -0.658742 0.504265 0.297597 0.088152 -0.058072 -0.388795 -0.220997 0.149944 -0.077952 -1.045785 -0.971799 -0.186400 0.107667 0.368544 0.227903 -0.569884
D00799 -0.062876 -0.190716 0.525459 -0.550889 1.313056 -0.201607 0.421300 -1.230154 -0.073199 -0.189776 -0.984271 -0.743704 -0.447633 -0.474317 -0.140255 -0.100146
D05156 -0.147058 1.273599 0.239327 0.061248 -0.441857 -0.103600 0.402903 -0.812351 0.128622 1.001812 -0.872920 -0.857657 -0.591874 -0.320902 -0.523846 -0.014582
D00358 0.644960 0.407619 -0.487215 -0.717192 0.013286 -0.208617 0.128744 -1.093909 -0.184034 -0.487889 -0.536354 0.277152 -0.603347 0.256384 -0.110478 -0.929881
hsa2890 0.460284 0.460906 -0.379656 0.586637 -0.450956 -0.732816 -0.231450 -0.629917 0.730993 -0.532494 -1.150688 0.120990 0.430713 0.130088 0.400832 0.762585
D02101 0.076796 1.127488 0.402124 0.268409 -1.002760 -0.062610 0.740469 -0.455840 0.325347 0.634640 -1.097551 -0.688858 -1.138934 -0.544808 -0.505254 -0.350436
hsa9177 0.574218 0.461219 0.675763 0.469261 0.134953 0.679016 -0.454226 -0.765502 -0.306627 -0.036448 -1.050058 0.234554 -0.922135 -0.911073 -1.238117 -0.344249
hsa3757 0.500094 0.436711 0.247908 0.806507 0.577201 -0.653210 -0.918955 -0.301533 -0.821070 0.054700 -0.699069 -1.227060 -0.246085 0.419641 0.389926 -0.746802
D00639 0.741041 0.197907 -0.636905 -0.447545 -0.209311 -0.081991 0.091647 -1.089093 -0.037342 -0.587181 -0.605105 0.436467 -0.554086 -0.004470 -0.420589 -0.600568
hsa3763 -0.526728 0.339472 -0.802949 0.053956 0.511949 -0.846969 -0.127097 -0.845200 -0.399854 -0.455682 -0.659579 -0.798571 0.355971 -0.893727 -0.180734 -0.310483
hsa55799 -0.466965 0.540428 0.366190 0.225506 -0.033899 -0.394789 -0.275894 -0.121035 0.046857 -1.004240 -0.666737 -0.229105 0.196569 0.501603 0.258640 -0.411082
D02041 0.927032 0.402328 0.622027 0.730338 -0.498636 0.664866 -0.284784 -0.926840 -0.373969 -0.695755 -1.028547 0.570233 -0.484536 -1.206788 -0.750428 0.060778
hsa93589 -0.396382 0.394155 0.391905 0.226711 -0.078453 -0.484650 -0.338241 -0.042579 -0.178678 -0.968411 -0.946758 -0.210457 0.262829 0.608515 0.215161 -0.344382
hsa3737 0.571969 0.378668 0.103369 0.080056 0.320274 -0.389742 -0.004433 -0.999037 0.230892 -0.076645 -0.476524 -0.699186 0.973499 0.534086 -0.745244 -0.270494
D00648 -0.012640 0.430296 -0.270412 0.890844 0.457200 -0.993912 -0.032090 0.197435 -0.832563 -1.114122 -0.639935 -0.252890 0.152979 0.436256 -0.478037 -0.646058
D02204 -0.449814 1.214606 0.558565 -0.149556 -0.801860 -0.322025 0.633241 -0.423163 0.263116 0.710645 -0.823720 -0.486290 -0.481429 -0.402283 -0.797152 -0.466964
hsa2564 0.752629 0.252810 0.622119 0.508294 -0.812720 -0.821184 0.655246 -0.395396 0.658954 -0.997267 -0.207491 -0.662545 -0.733905 -0.598566 -0.283844 0.214761
hsa6337 0.083210 0.411589 0.119808 -0.118861 0.117946 -0.059367 -0.590284 -0.009493 1.062429 -0.568789 -0.688792 0.178290 -0.414968 0.224352 0.119947 -0.848621
hsa6332 0.128618 0.428270 -0.389242 -0.333575 -0.138390 -0.002670 -0.665820 -0.456507 0.680175 -0.539656 -0.639412 0.106098 -0.170470 0.101290 0.039511 -0.955216
hsa55515 0.071782 0.567645 -0.235699 0.168992 0.089872 -0.170984 -0.799933 -0.171466 0.857442 -0.616843 -0.692091 0.376947 -0.399504 0.290792 0.287128 -0.559843
hsa116443 0.104526 -0.193343 0.199910 0.628326 -1.204437 -0.564097 -0.544407 -0.483877 0.286388 -0.197521 -0.590410 -0.303400 0.051787 -0.646611 0.394781 -0.918929
hsa3741 0.355647 0.367163 0.150463 -0.115212 0.634099 -0.250454 0.065251 -1.081403 0.488562 -0.204465 -0.452585 0.089663 0.650197 0.360265 -0.801152 -0.480775
D00319 -0.467446 0.324977 0.943182 0.311226 -0.239213 -0.186560 -0.306156 -0.220295 -0.040091 -1.050613 -0.996540 0.023557 0.701776 0.774790 -0.469586 -0.607434
hsa10369 -0.449895 0.498126 0.381025 0.123674 0.160059 -0.440728 -0.312248 -0.052807 0.015493 -1.146166 -0.753127 -0.279588 0.211630 0.500699 0.387470 -0.403282
D00438 -0.645677 0.505735 0.703976 0.403903 -0.024160 -0.213747 -0.485634 -0.110976 -0.333773 -1.058507 -1.169008 -0.081877 0.341198 0.971199 -0.494727 -0.403602
D02409 0.570504 0.302423 0.711754 -0.087459 -0.029182 0.517994 -0.293110 0.298229 -0.163428 -1.321319 -0.740790 -1.068916 -0.132028 -0.397186 0.179968 0.102730
hsa3710 -0.556319 0.606226 0.448129 0.086064 -0.053469 -0.401354 -0.304936 -0.046313 -0.105650 -0.895228 -0.841451 -0.202787 0.106332 0.430762 0.585155 -0.584213
hsa55800 -0.080832 0.376701 -0.067090 -0.297021 0.088656 -0.218542 -0.733568 -0.268478 0.693782 -0.678158 -0.813197 0.271963 -0.040443 0.064884 0.356560 -0.634096
hsa3780 0.095399 0.005636 -0.034307 -0.105946 0.635489 -0.465676 0.475695 0.203117 0.166475 -0.216600 -1.194761 -0.934196 -0.099834 -0.882897 -0.259087 -0.281983
hsa6338 0.251006 0.308713 0.077792 -0.231793 0.267469 -0.155630 -0.695693 -0.134852 0.919631 -0.832586 -0.565275 0.137469 -0.324518 0.198309 0.169186 -0.890217
D03826 0.484206 1.053734 0.198730 0.795500 -0.819181 -0.272259 0.966437 -0.313764 -0.004356 0.657944 -0.865437 -0.603867 -0.673958 -0.267938 -0.698745 -0.589830
D00524 0.088997 0.888019 0.450596 -0.398891 -0.833062 0.169862 0.697935 -0.509048 0.513250 0.315491 -0.497534 -0.478272 -1.058280 -0.084209 -0.718160 -0.855283
D00812 0.364678 -0.261841 0.544380 -0.432059 0.242027 -0.419086 -0.699856 -0.277369 -0.024830 -0.249708 -0.888715 -0.330451 -0.204778 -1.583040 -0.216721 -0.897935
D00616 0.272721 -0.110517 0.397466 0.598914 0.219530 -0.398409 0.065035 -0.493638 0.650715 -0.654851 -0.552051 -0.391545 1.043142 0.260081 -0.814572 -0.577544
hsa6339 0.077916 0.433060 0.121914 -0.172185 0.249711 -0.219838 -0.631845 0.007909 0.912687 -0.688294 -0.656471 0.262006 -0.489931 0.286006 0.051605 -0.745436
D00678 0.370154 0.311961 0.830614 0.175068 -0.048551 0.915051 -0.703035 -0.445892 -0.321111 -0.508231 -1.243240 -0.341550 -0.449494 -1.563244 -0.914681 -0.450087
hsa5310 -0.443898 0.455496 0.590774 0.468598 -0.041810 0.006619 -0.392796 -0.081084 0.217675 -0.931992 -0.799153 -0.244313 -0.190386 0.625144 0.429145 -0.538997
hsa3767 -0.293058 1.097255 -0.717659 0.930543 0.842465 -0.927809 -0.306636 -0.546342 -0.766317 -1.358654 -0.233086 -0.518336 0.171385 -0.592296 -0.845689 -0.360049
hsa3708 -0.417220 0.555541 0.411918 0.239574 -0.096741 -0.521098 -0.262926 -0.004279 0.023054 -0.945677 -0.807364 -0.153556 0.118783 0.474157 0.492966 -0.374585
hsa27092 -0.233694 0.683934 0.490120 0.194403 0.075249 -0.399686 -0.371944 -0.158651 -0.132428 -1.040375 -0.781695 0.042517 0.305939 0.621095 0.360840 -0.296693
hsa783 -0.920024 0.269144 0.418034 0.366240 0.070368 -0.307032 -0.289280 -0.128568 -0.057351 -1.111075 -1.060839 -0.373672 0.033650 0.567689 0.145480 -0.596248
D01118 0.664227 -0.622622 0.437006 0.271928 -0.204153 -0.653828 0.102282 -0.234020 0.539082 -0.327628 -0.607722 -0.266468 -0.184471 -1.076153 0.047487 -1.215948
hsa51802 -0.011820 0.574407 0.016702 0.052601 0.211884 -0.221673 -0.620197 0.128003 0.795918 -0.752513 -0.580306 0.087613 -0.439909 0.302154 0.210505 -0.935968
D02461 0.285335 -0.198732 -0.215584 0.645448 -0.411857 -0.610073 0.179151 -0.476860 0.419997 -0.915208 -0.078646 -0.641203 -0.412305 0.121574 -1.156568 -0.134651
hsa774 0.019924 0.520323 0.568660 0.051764 -0.071424 -0.361238 -0.139482 0.121587 -0.008958 -0.911533 -1.096197 0.072273 0.501225 0.538289 0.317425 -0.457445
D00611 -0.078795 1.093895 -0.204657 0.061368 -0.927530 0.014541 0.452632 -0.848260 0.069307 0.504209 -0.692696 -0.509118 -1.184351 -0.160527 -0.734049 -0.386862
hsa55503 -0.368650 0.541184 0.469754 0.232952 0.056396 -0.267055 -0.033552 0.008725 0.140615 -0.814474 -0.953563 -0.320122 0.263120 0.541244 0.393636 -0.393034
D00823 -0.190309 -0.230437 -0.206489 -0.117455 1.030960 -0.686876 0.741834 -0.654907 0.228198 -0.425928 -0.958082 -0.904335 -0.386829 -1.073951 -0.164864 -0.300381
D02914 -0.509493 0.513142 0.965393 0.363796 -0.066084 -0.013303 -0.280061 -0.143322 -0.046455 -1.060387 -1.117882 -0.048060 0.859383 0.600418 -0.481537 -0.644935
hsa6330 -0.043482 0.422135 -0.239340 -0.190130 -0.305693 -0.391249 -0.770221 -0.197864 0.631363 -0.588343 -0.760317 0.274368 0.024743 -0.084376 0.299043 -0.689983
D01712 0.214182 0.772532 0.456812 -0.312854 -0.200002 0.218615 -0.356509 0.157226 -0.324812 -1.223571 -0.721580 -1.319745 -0.082654 -0.025905 0.622675 -0.071226
D00477 0.587894 0.383703 -0.251177 -0.538873 -0.165800 0.416772 -0.150090 -1.045632 0.234380 0.010626 -0.663471 -0.034340 -0.796104 0.224675 -0.414361 -0.949141
D00354 0.859324 0.577170 -0.514373 -0.411616 0.272189 0.115948 -0.500671 -1.117111 0.214665 -0.488887 -0.316595 0.001294 -0.880463 0.294573 0.029180 -0.692000
hsa8989 -0.354888 0.439333 0.391548 0.108113 -0.083037 -0.415695 -0.267895 -0.004083 -0.023107 -0.896341 -0.972088 -0.123817 0.072829 0.508759 0.517256 -0.526344
hsa6532 0.213172 0.358813 1.331827 0.304084 -0.218846 -0.775943 -0.149599 -1.145276 -0.368229 0.213164 -0.434924 0.580293 -0.464274 -1.126090 0.257147 -1.032521
D00331 0.886116 -0.090682 0.254125 -0.208177 -0.579490 -1.344242 -0.840519 -0.002557 0.532074 -0.465776 -0.311393 -0.682844 -0.923377 -0.173475 -0.854949 0.487702
D00546 0.547345 0.258271 0.191335 0.737124 -0.601293 -0.461247 0.256605 -0.819261 0.645188 -0.710389 -0.831982 -0.120242 0.373064 0.337651 -0.113181 0.806382
hsa6324 -0.248284 0.412140 -0.207430 -0.292378 -0.182414 -0.270404 -0.683519 -0.222366 0.747607 -0.618323 -0.890949 0.244914 0.056539 0.067436 0.303721 -0.624495
hsa3765 -0.267974 1.116024 -0.792335 0.049041 0.620410 -0.973396 -0.415589 -0.246997 -0.169377 -0.712684 -0.727459 -0.679991 0.758634 -0.652319 -0.263641 -0.358569
D00615 -0.574867 0.465740 0.970256 0.370353 -0.143559 -0.171979 -0.202461 -0.406153 -0.027471 -1.215564 -0.987420 -0.055576 0.955595 0.650192 -0.250145 -0.616506
D00336 0.446279 1.415146 -0.091674 0.946770 1.065792 -0.622021 -0.884328 -0.916355 -0.212853 -0.802171 0.364072 -1.064718 -0.525154 -0.248088 0.128252 -0.433479
hsa27133 0.891378 0.608692 -0.234413 0.213432 0.805656 -0.604943 -0.277548 -0.111447 -0.607099 0.233883 -1.121675 -0.242099 -0.105147 0.314153 -0.119186 -0.515314
D00619 -0.001128 0.570719 0.365391 0.176065 -0.131382 -0.409510 0.183190 0.084738 0.438677 -0.176619 -0.762032 -0.819087 1.012389 0.379153 -0.415390 -1.155122
hsa2742 0.973008 0.027968 0.536813 0.550675 -1.022022 0.129509 0.317264 -0.931769 0.378845 -1.378070 -0.745784 0.436932 -0.319924 -0.678351 -0.442375 0.395033
D00816 0.457894 -0.236627 0.625187 -0.074859 0.257146 -0.369646 -0.869885 -0.665580 -0.069857 0.030384 -0.833819 -0.359333 -0.162864 -1.601407 -0.262878 -0.866594
D00617 -0.183305 0.323217 0.894427 0.229647 -0.217671 -0.183073 -0.216711 -0.523595 -0.159401 -0.716981 -1.052739 0.087142 0.793948 0.919772 -0.342459 -0.441027
hsa3784 0.007224 0.416545 0.737222 -1.035350 0.842368 -1.327599 -0.456565 -0.656747 -0.123149 -0.091411 -0.467710 -0.565651 0.294260 -0.053525 -0.323987 -0.002919
D02253 0.308165 -0.175376 0.560982 0.569783 -0.741882 -1.126192 0.223298 -0.852585 0.460772 -0.419268 -0.506081 -0.670058 -0.941690 0.203866 -0.464827 0.635686
D03742 0.036377 0.376964 0.945030 0.481064 -1.402215 -0.521287 0.045411 -0.927930 0.113765 0.623179 -0.505693 -0.174437 -0.448238 -0.626692 0.258336 -1.115964
D00379 0.184943 1.912363 -0.381056 1.229772 0.958773 -0.540034 -0.914540 -0.546024 -0.699869 -1.275002 -0.185614 -0.384956 -0.094969 -0.603831 -0.768298 -0.238285
hsa3746 0.475544 0.145020 -0.238375 0.376522 0.363326 -0.448129 -0.172177 -0.460042 0.712301 -0.555014 -0.533057 -0.931234 1.004278 0.255798 -0.721392 -0.533412
D05024 -0.216741 0.428948 0.943327 -0.339700 -0.116605 -0.819170 0.175960 0.116644 0.347007 -0.621867 -0.631030 -0.476895 0.350964 0.889614 0.088360 -1.180259
D00543 0.435196 0.280790 0.202649 0.873839 -0.557374 -0.517344 0.302360 -0.889896 0.532920 -0.876235 -0.747168 -0.234664 0.457175 0.229844 0.038691 0.826154
hsa2891 0.444587 0.706253 -0.723036 0.071255 -0.320749 -0.996949 -0.867997 -0.671730 0.550061 0.012629 -1.405381 0.272979 0.406674 0.020547 0.162980 0.528471
hsa6531 0.103581 0.702183 0.996699 -0.204564 -0.406201 -0.776227 0.052886 -0.997488 -0.426434 -0.649306 -0.399353 1.221374 -0.686640 -1.189358 0.213425 -0.555737
hsa3768 -0.341546 1.369272 -0.736185 0.070492 0.665507 -0.947800 -0.326644 -0.187508 0.178903 -0.580478 -0.551044 -0.413242 0.583651 -0.312246 -0.432484 -0.397184
hsa3759 -0.293794 1.433356 -0.641282 -0.014972 0.695539 -0.817361 -0.173563 -0.197137 0.079565 -0.743488 -0.592282 -0.485496 0.652799 -0.346936 -0.264696 -0.220397
D00326 0.108980 -0.266304 -0.179750 0.209364 1.271066 -0.473171 0.549696 -0.256638 -0.007464 -0.316720 -1.227183 -0.744982 -0.778905 -0.765821 -0.295955 -0.400955
hsa9312 0.460801 1.571802 0.189824 0.297665 0.359286 -0.444400 0.791273 -0.222494 0.611267 0.540360 -0.683411 -0.143519 0.476667 0.076586 0.009848 -0.570485
D00367 0.365184 0.128358 1.413842 0.071925 -0.010731 -0.830809 0.145213 -0.768412 -0.372316 -0.692720 -0.493006 0.958434 -0.681231 -0.949181 -0.060168 0.005372
D00536 0.798896 0.004941 0.463657 0.447978 -1.192944 0.282357 -0.159633 -0.912158 0.581897 -1.185248 -0.455559 0.395061 0.014065 -0.699522 0.333933 -0.367280
D02630 -0.437395 0.077337 1.155232 0.063841 0.049081 -0.813438 -0.719145 -0.605677 -0.324238 -0.263944 -0.457897 -0.873403 -0.140910 0.912817 0.527329 -0.743575
D02546 -0.700171 0.800496 -0.447273 0.210762 -0.754446 -0.872031 -0.594010 -1.537545 0.703566 0.521557 -1.249767 0.243410 -0.173043 -0.870810 0.567248 0.185036
D00338 -0.277064 -0.440689 0.087578 0.437522 0.341472 -0.842754 0.972400 -0.611163 0.789337 -1.084433 -0.878904 -0.459208 -0.734483 -0.613221 -0.366005 0.358579
D00480 0.205281 -0.387081 0.497965 0.279884 0.811339 -0.434276 -0.167594 -0.590125 0.901320 -0.176004 -0.890620 -0.011878 0.200398 -1.163444 -0.019846 -1.161299
D01453 0.113485 0.965000 0.762370 -0.484526 -0.140215 0.449997 -0.263218 0.098052 -0.361297 -1.098785 -0.746222 -1.261766 -0.137868 -0.005359 0.572478 -0.060236
D00633 0.694452 0.376146 -0.194024 0.544279 -0.047081 0.624908 -0.733581 -0.905770 -0.082192 -0.141507 -1.507913 0.703615 -0.746684 -0.452169 -1.003170 0.117196
hsa1145 0.269592 1.177166 0.724459 0.256363 -0.667165 0.068200 0.576862 -0.561454 0.536666 -0.147037 0.047083 -0.192563 -1.138593 -0.220917 -1.316967 -0.374200
D00544 0.345286 0.283506 -0.044920 0.813399 -0.440613 -0.428357 0.228665 -1.041061 0.432271 -0.722242 -0.864390 -0.066096 0.322105 0.375294 0.003352 0.872984
D00798 -0.012571 0.262114 0.633269 -0.068817 1.269031 0.114270 0.304111 -1.737255 -0.495359 -0.412164 -0.525529 -0.457270 -0.525778 -0.494703 0.454050 -0.253623
hsa2898 -0.091948 0.696215 -0.573804 0.447126 -0.732049 -0.941401 -0.754691 -1.411121 0.550948 0.174001 -1.427615 0.262778 -0.069378 -0.458441 0.750847 0.531790
D06172 0.836212 0.346301 -0.524656 -0.665403 -0.488396 -0.512598 0.373275 -0.927400 -0.444263 -0.873533 -0.410389 0.725544 -0.697051 -0.033529 -0.403231 -0.717947
D00791 -0.260620 0.117459 0.783912 -0.801812 1.214517 -0.414449 0.353146 -1.401714 0.229523 0.156207 -0.769866 -0.982213 -0.386072 -0.681152 0.140411 -0.453665
D05461 0.224488 -0.547436 0.491494 0.279194 -0.244916 -0.851565 0.774534 -0.875085 0.416338 -0.357532 -0.801352 -0.978572 -1.201392 -0.219502 -0.179212 0.346822
D00219 0.415141 2.115770 -0.192213 0.985733 1.213936 -0.567505 -0.969015 -0.820797 -0.553306 -1.134597 0.007646 -0.541401 -0.235779 -0.485081 -0.751071 -0.099596
D00451 0.932947 0.748819 0.389198 0.845270 0.602430 0.274598 -0.709905 -0.067183 -0.564974 -0.224795 -0.798795 0.145435 -0.889525 -1.039672 -0.915796 -0.613085
hsa2743 0.920128 0.018056 0.359625 0.593515 -1.254407 -0.206772 0.485817 -0.938313 0.429699 -1.368122 -0.712192 0.200446 -0.294843 -0.641232 -0.007321 0.253845
hsa3752 -0.081918 1.191093 -0.186566 -0.270006 0.013858 -0.270210 -0.159589 -0.715727 0.006706 0.489105 -0.635755 -0.806719 0.479751 0.397700 -0.877485 -0.122767
D00340 0.096007 0.491733 -0.374020 -0.109629 -0.367832 -1.457934 -1.532285 0.138744 0.296488 -0.001240 -1.906351 -0.152132 -0.415852 0.219714 -0.818843 0.621112
hsa170572 0.679504 0.326264 0.364445 0.624828 -0.124306 0.994628 -0.636075 -0.895546 -0.365537 -0.575291 -1.416159 0.261198 -0.531855 -1.082116 -0.985988 -0.117298
D00658 0.277646 0.496827 -0.543766 -0.154631 -0.368384 -1.194036 -1.432366 0.030149 0.559579 -0.158940 -1.665357 -0.327967 -0.304386 0.154411 -1.014739 0.595392
D00227 0.224703 0.767895 0.573426 -0.619741 -0.064931 0.286416 -0.038848 0.256598 -0.312682 -1.359780 -0.822433 -1.518790 -0.087820 -0.030768 0.517473 -0.117960
hsa6340 0.265787 0.386082 -0.156119 -0.078916 -0.056803 -0.139459 -0.949363 -0.290132 1.258139 -0.586828 -0.773750 0.442454 -0.513936 -0.003032 0.245209 -0.610016
D00647 0.871913 0.282570 -0.164832 0.532048 0.855920 -0.407646 -0.493892 0.267774 -1.023615 0.024793 -1.264042 -0.318296 -0.713190 0.062364 -0.322336 -0.684301
hsa3739 0.607915 0.641348 0.129557 0.107583 0.161395 -0.270169 0.316961 -0.572166 0.090206 -0.140488 -0.866735 -0.161831 0.951572 0.638183 -0.434898 -0.303246
hsa3776 0.950524 0.718048 -0.462769 -0.025901 0.629569 -0.563283 0.287697 0.076381 -0.852296 -0.005073 -1.395530 0.115133 -0.258904 0.594246 -0.089502 -0.805931
hsa3762 -0.342966 0.985885 -0.791560 -0.063401 0.492900 -0.902840 -0.148370 -0.325596 -0.023368 -0.750632 -0.683646 -0.664067 0.699457 -0.477808 -0.184798 -0.229432
hsa200909 0.633468 0.572238 0.275915 0.565935 -0.211833 0.897200 -0.508435 -0.797279 -0.369624 -0.514804 -1.415270 0.298900 -0.557794 -1.205219 -1.005039 0.070102
D00283 0.462015 0.031904 1.250170 -0.083988 0.674633 0.022740 -0.201912 -1.284023 -0.261166 -0.065459 -0.799994 0.489198 -0.629578 -0.809516 -1.006512 0.089232
D00228 0.327317 0.422023 0.880094 0.165030 0.742950 -0.777804 -0.314962 -1.293692 -0.318649 0.066715 -0.805877 1.028343 -0.744865 -0.832768 -0.224833 0.265691
D01599 0.145575 1.751935 -0.381740 0.991321 0.820971 -0.408707 -0.756966 -0.903433 -1.034495 -1.375643 -0.069748 -0.226279 -0.250271 -0.796247 -0.691484 -0.215831
hsa2906 -0.086128 -0.493643 0.285438 0.686435 -0.749041 -1.034841 -0.617200 -1.189362 -0.594254 -0.469913 -0.354434 -1.117178 -0.137064 -0.841796 0.092942 -0.523773
hsa9132 0.273040 0.696693 0.234472 -0.480913 0.940617 -1.214412 -0.226155 -0.251615 -0.346579 -0.134774 -0.969443 0.252317 0.674305 -0.409228 -0.726360 -0.262426
D02163 -0.061902 0.112617 0.615169 -0.612207 0.878923 -0.456604 0.477514 -1.196481 0.418191 0.212958 -0.958517 -1.021250 -0.645000 -0.841849 0.545250 0.013998
D00351 0.666467 0.388942 0.441821 0.141683 0.119585 -0.225086 -0.403114 -0.989038 -0.813813 -0.226187 -0.317886 -1.548047 0.392071 0.202856 0.821088 -0.640986
hsa54207 0.938872 0.746513 -0.364455 -0.129241 0.536314 -0.565845 0.262513 0.000197 -0.284609 -0.201353 -1.121547 -0.051400 0.227275 0.316361 0.038538 -0.470996
hsa3742 0.478044 0.517677 -0.010503 0.023562 0.653385 -0.732474 0.223978 -0.677091 0.489937 -0.314315 -0.653946 -0.396988 1.052070 0.276431 -0.458079 -0.149971
D00464 -0.422066 -0.323648 0.273660 0.051822 -0.149971 -0.765926 0.736915 -0.477766 0.615963 -1.577651 -0.815466 -0.185684 -0.670848 -0.314796 -0.279211 0.585635
D00513 0.824926 0.530713 0.463270 0.085933 0.366030 0.660523 -0.319087 -0.618191 -0.095235 -0.235940 -0.885218 0.228708 -0.619885 -0.926993 -1.452500 -0.581448
D02566 0.248330 0.224234 0.970906 -0.098718 0.056263 -0.709901 -0.900738 -0.634305 -0.344972 -0.090526 -0.684367 -0.110059 -0.258563 -1.948177 -0.150537 -0.613676
hsa59284 -0.247153 0.826891 0.205719 0.408879 -0.009255 -0.424313 -0.169373 0.158136 0.146553 -1.102531 -0.764467 -0.091780 0.237445 0.541108 0.278578 -0.426184
hsa3775 0.682176 0.608503 -0.304863 0.454942 0.618638 -0.989314 0.193247 0.396407 -0.365485 -0.745020 -0.949760 -0.002172 0.341904 0.187498 0.056171 -0.578428
D00533 0.320952 0.092449 0.386391 -1.105949 0.291423 -0.590935 -0.767668 -0.064434 0.095443 -0.508154 -0.602822 0.026292 -0.348524 -0.623067 0.015353 -1.038828
D00335 -0.013122 1.770330 -0.439098 1.006328 1.013326 -0.864714 -0.737751 -0.754775 -0.264854 -1.061180 0.344279 -0.766127 -0.565688 -0.479960 -0.341160 -0.421944
D01969 -0.366366 0.393516 0.483076 -0.017072 -0.427433 -0.429691 0.416766 0.541730 0.174690 -0.006892 -1.022036 -0.787377 0.540486 0.152876 -0.683157 -1.277786
D00631 0.257715 0.250489 0.096183 -0.217539 1.024057 -0.727203 -0.390470 -0.444756 -0.456367 -0.233942 -0.663487 0.244213 0.016619 -1.019785 -1.161301 -1.025334
hsa6833 1.086870 1.372705 0.179008 0.501010 0.942089 -0.461991 -0.814596 -0.329469 -0.064494 -1.121598 0.304927 -1.301863 -0.236810 0.114009 -0.259563 0.323866
D00539 -0.388868 0.884498 1.229808 0.037333 -0.329222 -0.927627 0.316451 -0.336291 0.347658 -0.480902 -0.039399 -0.186444 -0.713004 1.244577 0.021139 -0.137784
hsa3756 0.979759 0.975142 -0.383698 0.238461 0.739637 -0.719917 -0.142244 -0.432287 -0.496576 0.386354 -0.786927 -0.207192 -0.096861 0.533341 -0.029423 -0.681077
D03274 0.042251 -0.529024 0.746484 0.730615 0.922408 -0.558048 0.157751 -0.242110 0.369998 0.057956 -1.122796 -0.965680 -0.412918 -0.624765 0.113143 -0.696835
hsa5025 0.314949 1.567088 1.372249 -1.484042 -0.833315 0.642486 -1.066330 -0.116012 -0.478858 -1.315717 -1.865215 -1.190166 -0.662045 0.515849 0.170093 0.474904
hsa3747 0.084446 0.460837 -0.075547 0.048328 0.086168 -0.710107 -0.059512 -0.076528 0.707899 -0.044307 -0.931448 -0.880439 1.076396 0.325528 -0.484979 -0.771442
D00234 -0.278353 0.301368 0.721366 0.980366 0.805871 -0.651483 -0.707934 -0.227618 -0.407771 -0.036172 -0.732571 -1.386152 -0.626680 0.580731 0.393786 -0.773553
D02360 0.652988 0.250113 1.584705 -0.175699 0.103386 -0.802494 -0.616363 -0.909944 -0.203968 0.093083 -0.372661 0.228833 -0.172610 -1.485746 -0.488275 -0.396776
hsa2897 -0.171721 0.562744 -0.734819 0.417187 -0.823573 -0.853747 -0.692281 -1.320771 0.679854 0.314260 -1.134681 0.162005 -0.730433 -0.264944 0.797214 0.054151
D05077 0.303237 0.151145 0.368369 -0.578783 1.117701 -0.000998 0.194492 -1.859401 -0.029951 -0.614247 -0.451604 0.041309 -0.646823 -0.264021 0.032389 -0.131951
D00364 0.667748 0.058948 0.810478 -0.208815 1.103997 -0.279326 0.026552 -1.762561 0.514040 -0.367241 -0.368677 0.580088 -0.298382 -0.105519 -0.646530 0.189855
D04370 0.357995 0.809656 0.282201 0.791407 0.096160 0.960587 0.111925 -1.205525 -0.682568 -0.622444 -0.724649 0.439171 -0.652585 -1.111935 -0.576096 -0.777123
D00373 -0.302929 0.368495 0.011625 -0.058885 1.169359 -0.256138 0.286441 -1.749393 -0.514934 -0.440726 -0.682893 -0.176023 -0.182487 -0.812375 0.130682 -0.039221
hsa83795 0.832512 0.821956 -0.463649 -0.391854 0.530190 -0.675329 0.514639 0.066788 -0.529227 -0.327058 -1.353882 -0.132401 0.213111 0.432216 0.202156 -0.464356
hsa5024 -0.095994 1.726029 1.236769 -1.239221 -0.701683 0.650865 -1.032387 -0.118889 -0.590700 -1.344941 -2.043080 -1.042509 -0.715176 0.435911 0.176614 0.580591
D00345 0.616113 0.329857 0.857954 -1.021370 0.342417 -1.351179 -1.053843 -0.135256 0.094211 -0.264911 -0.225592 -0.185827 0.047181 -0.693530 -0.479279 -0.286725
D00654 0.443440 0.321667 -0.357133 0.198628 -0.320548 -1.048551 -1.644082 0.039410 0.645726 0.104841 -1.785564 0.023235 -0.206350 -0.001637 -0.966998 0.324449
hsa90134 0.229487 0.668529 -0.241440 0.613966 0.663073 -1.268685 -0.417969 -0.204579 -0.690248 -0.198545 -0.765699 -0.304765 0.322987 0.469952 -0.058107 -0.583266
hsa2893 0.569039 0.751518 -0.797245 0.416590 -0.097571 -0.976952 -0.544955 -0.706829 0.743034 -0.208558 -1.180460 0.224004 0.467344 -0.015902 0.397833 0.418973
D00650 0.489299 0.361634 -0.287839 -0.161862 -0.375159 -1.395792 -1.314400 0.056312 0.023823 -0.111084 -1.490309 -0.302534 -0.565755 0.236154 -0.994950 0.674274
hsa27012 0.070536 1.383432 0.293249 -0.095149 0.899728 -0.374215 -0.132372 0.046712 0.715942 0.171340 -1.256137 -0.335837 0.635252 0.113408 -0.121912 -0.172056
hsa3761 0.037697 1.185924 -0.724194 -0.317387 0.347505 -1.073387 -0.249192 0.044863 0.048274 -0.646809 -0.666170 -0.560806 0.656112 -0.187771 -0.443540 -0.246831
hsa3788 0.281214 1.478996 0.093742 0.127015 1.076232 -0.471571 -0.253755 -0.079364 0.820314 0.316458 -1.263220 -0.627595 0.435393 0.009784 -0.125476 0.204455
D00733 0.486456 0.201633 0.349502 -0.625174 0.020087 0.641436 0.115530 -0.454029 0.501695 -0.276779 -0.868395 0.251183 -0.329073 -0.259586 -0.621318 -1.302975
D01253 -0.444228 -0.060484 0.489521 -0.450782 -0.438995 -0.849231 0.737616 -1.025801 0.528075 -1.458199 -0.212682 -0.379233 -0.765841 -0.365432 -0.419741 0.582851
hsa2570 0.956216 -0.103978 0.422413 0.101936 -1.049680 -0.767810 0.873146 -0.367042 0.536736 -1.201038 -0.793912 -0.157186 -0.700695 -0.337924 -0.248377 0.269908
D01256 0.264194 0.789243 -0.625209 -0.183884 -0.637304 -1.302051 -1.053610 -0.199904 0.355247 -0.000770 -1.745066 0.086490 -0.384064 0.432254 -0.498844 0.912897
D02262 0.923917 1.141146 0.013914 0.591011 0.225734 -0.255692 0.975578 -0.556411 0.333871 0.713777 -0.916353 -0.149471 0.401465 0.357590 -0.258837 -0.796223
D00456 0.230514 0.345820 1.103662 0.520495 0.265785 0.465560 -0.745692 -0.414935 0.104101 -0.106956 -1.076190 -0.263893 -0.553687 -1.763619 -0.637206 -0.689817
D00593 0.058137 2.288182 0.072715 0.982624 0.996458 -0.786519 -0.734101 -0.817269 -0.666098 -0.902348 0.206821 -0.360115 -0.484835 -0.567457 0.274242 -0.264503
D03180 0.106434 0.170645 1.018395 0.727481 -0.516625 -1.155401 0.612701 -0.708642 0.366341 -0.414949 -0.498480 -0.362239 -1.288325 1.086067 -0.126987 0.430407
D00519 0.228579 0.507946 -0.280386 0.056981 -0.201693 -1.398877 -1.282188 0.171007 0.146757 -0.161139 -1.325081 -0.324816 -0.507240 0.300979 -0.827513 0.708540
hsa3744 1.055166 0.459511 0.238827 0.476821 0.160249 -0.411145 -0.220430 -0.910009 -0.220942 -0.032915 -0.654022 -1.154096 1.205415 0.499485 0.173756 -0.308323
D00563 0.150782 0.697805 1.373278 0.288552 0.227961 -0.134992 -0.706980 -0.951253 -0.031898 0.214337 -0.601039 0.213697 -0.503159 -1.516143 -0.860198 -0.189176
D01448 -0.120440 0.172526 0.531906 -0.095108 1.157300 -0.383912 0.636082 -1.313874 0.328931 0.324371 -0.829078 -1.057227 -0.877973 -0.573500 0.119482 -0.010326
D04999 0.411953 0.977834 0.767719 -0.105967 -0.881874 -0.474982 -0.063309 -1.073029 -0.634170 -0.463813 -0.114668 0.375306 -0.781708 -1.468209 0.065129 -0.202758
hsa5026 -0.133068 1.515235 1.613276 -1.459073 -0.472115 0.600241 -1.231348 -0.089099 -0.326937 -1.240168 -1.912573 -0.961408 -0.608011 0.469361 -0.181486 0.430499
hsa116444 0.155674 -0.375173 0.213965 0.558599 -0.743092 -1.158384 -0.475879 -1.172071 -0.428630 -0.303796 -0.275481 -1.041211 -0.114021 -0.811650 0.241522 -0.602669
D00656 0.446577 0.329702 -0.500530 -0.092091 -0.502906 -1.230017 -1.335837 -0.008435 -0.012705 0.170872 -1.890389 -0.214539 -0.401795 0.498320 -1.100442 0.478201
D00035 -1.373668 1.334779 0.252744 0.569484 -0.549346 -0.638319 -0.060899 -0.934695 -0.223759 -0.370149 -0.784882 1.131066 -0.567412 -1.216068 0.086800 -0.351174
D01275 -0.020735 0.608645 0.746919 -0.055159 0.321192 0.945641 0.350410 -0.423681 -0.637215 -0.701645 -0.934503 -0.483186 -0.313413 0.089811 0.250205 -0.442055
D00380 0.813320 1.869777 0.017051 1.003240 0.914989 -0.092521 -1.231628 -0.394860 -0.624947 -1.108600 -0.160503 -0.560363 -0.455146 -0.945583 -0.871962 0.050747
D00694 -0.544120 -0.253594 0.206291 0.136723 -0.043912 -0.832892 0.836856 -0.481946 0.643144 -1.344305 -0.774670 -0.368258 -0.685865 -0.260556 -0.322133 0.489224
D03037 -0.577367 0.032947 0.897502 -1.291741 0.413743 -1.088679 -0.201805 -1.159588 -0.191930 -0.255051 -0.347601 -1.131445 -0.072536 -0.417545 -0.202797 0.071821
D04790 -0.635632 0.596878 0.203502 -1.563782 -0.306925 -0.820110 0.077250 -1.493847 0.536735 0.829793 -1.202479 -0.695172 -0.483786 -0.648234 0.115045 -0.031790
hsa2899 -0.452005 0.578853 -0.466983 0.179253 -0.791444 -0.727759 -0.748149 -1.299673 0.772119 0.410352 -1.634605 0.303397 -0.191491 -0.429296 0.569321 0.170855
hsa3753 0.466581 0.737545 0.478734 -0.749496 0.447064 -1.186796 -0.602642 0.014028 0.260717 -0.367203 -0.377447 -0.213778 0.526978 -0.161206 -0.168184 -0.332004
hsa2892 0.493400 0.660353 -0.702415 0.232112 -0.220124 -0.870511 -0.731800 -0.834782 0.644988 -0.226786 -1.215117 0.130439 0.649537 -0.206547 0.327483 0.382306
hsa2903 0.056777 -0.329500 0.300081 0.510171 -0.717035 -1.157419 -0.665640 -1.242095 -0.547674 -0.252068 -0.238050 -1.163131 -0.150586 -0.858455 0.064718 -0.483667
hsa2904 -0.201534 -0.307915 0.233413 0.696097 -0.593774 -1.137508 -0.769296 -1.330496 -0.356438 -0.302786 -0.184810 -1.013665 -0.034918 -0.873268 -0.117447 -0.547746
hsa50801 0.678453 0.698341 -0.404459 -0.326462 0.580542 -1.002340 0.258189 0.003466 -0.099187 -0.082709 -1.208005 -0.223537 0.417949 0.122397 0.143908 -0.399838
D01111 -0.412539 0.938619 -0.145022 0.398979 0.202187 0.363101 -0.212325 -1.312579 -0.787911 -1.139821 -0.199930 0.474568 -0.615508 -0.891148 -0.418712 -0.368925
hsa5023 -0.023193 1.540577 1.359403 -1.333900 -0.605571 0.609838 -1.092372 -0.072742 -0.292139 -1.188888 -1.939932 -1.406321 -0.560273 0.457584 0.074951 0.601569
hsa9424 0.989344 1.052647 -0.404270 -0.193009 0.636745 -0.683180 0.775423 -0.326656 -0.473748 -0.178566 -0.890934 -0.025942 0.243801 0.403850 0.193137 -0.535666
D00651 0.853177 0.148846 -0.200285 0.012617 -0.090571 -0.905786 -1.308850 0.245458 0.000932 -0.082498 -1.294988 -0.225014 -0.714366 0.435834 -0.970165 0.237329
hsa56479 -0.000743 0.715771 0.372566 -0.671745 0.823866 -1.243688 0.089106 -0.125421 -0.020206 -0.124775 -0.980747 0.107890 0.681379 -0.098918 -0.606629 -0.160776
hsa3745 0.370870 1.408221 0.193738 0.104430 0.696638 -0.493312 0.143754 0.209919 0.588556 0.067311 -1.058837 -0.328523 0.553035 0.094256 -0.073249 -0.181406
D00636 0.624297 -0.198395 0.645394 -0.462245 0.318448 -0.197616 0.688680 -0.007515 0.273602 -0.282994 -0.897225 -0.675681 0.630260 -0.230081 -0.314310 -1.802000
D05458 0.249739 0.542214 0.213982 -0.680225 -0.219803 -0.743681 0.046339 -0.640611 -0.235764 -0.952674 -0.293542 1.099732 -1.185485 -0.767386 0.174320 -0.709413
hsa56659 0.395605 0.713537 -0.260292 0.230111 0.125517 -0.743128 0.579101 0.301273 -0.312089 -0.712961 -1.211586 -0.246176 0.575457 0.303380 -0.068670 0.200753
hsa3772 -0.039993 1.557521 -0.410726 -0.011984 0.978868 -0.717096 -0.298456 -0.447150 0.199498 -0.618883 -0.491390 -0.550178 0.668257 -0.064694 -0.214035 -0.165474
D02261 0.780259 1.212786 -0.125978 0.531107 0.629850 -0.194143 0.800636 -0.772971 0.229084 0.311674 -0.674906 -0.133104 0.508031 0.405157 0.052635 -0.896572
hsa3787 -0.017674 1.306149 0.249357 -0.078390 0.988658 -0.555920 -0.111153 -0.217719 0.462968 0.131305 -1.158165 -0.428784 0.465412 0.171578 -0.033374 0.230168
D00574 -0.605170 0.749113 0.809495 -0.672967 -0.441161 -0.478343 0.339206 -0.699641 0.920851 -0.797843 0.408335 -0.285481 -1.198189 0.354515 -0.474056 -0.544309
D02092 0.542430 0.472744 0.292980 1.365958 0.643618 -0.717212 -1.267375 -0.695379 -0.413294 -0.117089 -0.155697 -1.369848 -0.738670 0.196421 0.532031 -0.805597
hsa2905 -0.096732 -0.160603 0.103882 0.502044 -0.990478 -1.300869 -0.520920 -1.211083 -0.500775 -0.268852 -0.138246 -1.347302 -0.555733 -0.574237 0.144785 -0.259946
hsa3785 -0.084463 0.855509 0.357812 -0.642097 0.783341 -1.221757 -0.199338 -0.245938 -0.273447 -0.086104 -0.963417 -0.107284 0.648517 0.043287 -0.413511 -0.082980
hsa6534 -0.813195 0.864636 0.713809 0.382245 -0.520566 -1.018666 0.088391 -0.882035 -0.421238 -0.349125 -0.721594 1.102944 -0.547737 -1.495673 0.138949 -0.668357
hsa3790 0.109501 1.446874 0.162697 0.015219 0.926609 -0.497430 0.152492 0.108362 0.614272 -0.164382 -0.926013 -0.490153 0.427302 0.187111 -0.033989 -0.084146
hsa2902 -0.347690 -0.275411 0.169609 0.889204 -0.402992 -1.120211 -0.962141 -1.382858 -0.378024 -0.068303 -0.492846 -0.782486 0.202144 -0.670730 0.344417 -0.686177
hsa3764 -0.354654 0.948047 -0.652577 0.232391 0.703955 -0.735332 -0.213929 -0.315904 -0.189644 -0.753348 -0.730852 -0.763716 0.721155 -0.415962 -0.315240 -0.160136
D01242 0.535309 -0.008457 0.487810 0.226061 0.620385 -0.536836 0.063912 -0.406827 0.881125 -0.215995 -0.721411 -0.345341 -0.164138 -1.750672 0.299213 -1.100343
D00537 0.140563 0.503321 -0.738387 0.102138 -0.679969 -0.534478 0.163740 -0.916476 0.012634 -0.024975 -1.009940 0.042233 -1.412552 0.171623 0.488311 0.529462
D04985 0.307951 0.193723 0.986472 0.868490 -0.284594 -1.047258 0.720801 -0.959501 0.409626 -0.468026 -0.407056 -0.122970 -1.141564 0.988314 -0.169880 0.564448
hsa1080 0.733949 0.981900 0.455037 -0.333291 0.120761 0.110040 -0.324326 0.434786 -0.145286 -1.568546 -0.534670 -1.766231 -0.310552 -0.189447 0.400814 0.134410
D04034 -0.298711 -0.393244 0.744400 0.781851 1.154353 -0.393901 0.027710 -0.303345 0.483668 -0.104423 -1.013053 -1.073586 -0.155397 -0.216523 -0.109109 -0.847187
hsa40 -0.016537 0.780794 0.030314 0.585288 0.345365 0.091389 -0.731206 -0.178813 1.377287 -0.766511 -0.665706 0.187842 -0.702891 0.563009 0.228792 -1.172191
hsa2900 -0.413047 0.650179 -0.833761 0.323214 -0.692848 -0.667935 -0.773457 -1.114170 0.735676 0.264465 -1.459269 0.230773 -0.312065 -0.498887 0.573648 -0.184620
D00521 -0.031862 -0.315922 0.706330 0.892847 0.305413 -0.804042 -0.665100 -0.134692 -0.544215 -0.232371 -0.856513 -1.194550 -0.380536 0.216948 0.526780 -0.765364
D00553 0.838014 0.062399 -0.423599 -0.423519 -0.400778 -0.245289 0.594612 -0.993748 -0.396855 -0.986472 -0.597557 0.674101 -0.633478 -0.038190 -0.321207 -0.834397
D03450 0.033252 1.317174 0.839443 -0.210012 0.008590 -0.068507 0.483260 -0.518437 -0.239046 0.162647 -0.565638 -1.018960 -0.379316 -1.096620 0.989289 0.139502
D00697 0.810929 -0.097854 0.743036 0.345152 0.606543 -0.459314 0.120763 -1.194466 0.838902 -1.065975 0.034409 -0.286614 -0.932880 0.047801 -0.481463 0.659359
D01828 1.195398 0.453661 -0.163311 -0.158314 0.645905 -0.217562 -0.565461 -0.689214 0.224702 -1.269437 0.141493 -0.968726 -0.902400 -0.096515 -0.125331 0.595768
hsa81033 0.592829 0.626387 -0.244742 0.627636 0.676940 -1.078536 -0.358341 -0.209014 -0.386229 0.067152 -0.947633 -0.424374 0.321972 0.284729 0.286025 -0.436655
D02362 0.525131 -0.061997 1.424690 0.513508 0.265800 -0.865837 0.004414 -1.587412 -0.821060 -0.040221 -0.310533 0.201076 -0.538497 -0.747105 0.547901 -0.479405
hsa3749 0.509407 0.501450 -0.414391 0.282902 0.338811 -0.612566 -0.404371 -0.166765 0.567528 -0.267287 -0.768313 -0.971975 1.061678 0.192835 -0.577592 -0.517588
hsa6529 0.045767 0.949902 0.847508 0.061768 -0.265906 -0.538244 0.044713 -1.378239 -0.404148 -0.326949 -0.470293 1.167480 -0.178918 -1.425185 0.378579 -0.862046
hsa3760 -0.069421 1.010266 -0.812222 -0.163169 0.599855 -0.877456 -0.348601 -0.209940 -0.119871 -0.629336 -0.894577 -0.410965 0.651338 -0.556414 -0.279371 -0.308563
D00708 -0.262838 0.416358 0.187898 -0.842297 -0.261215 -0.846789 0.608531 -0.970720 0.233420 -1.025872 0.352637 0.173624 -1.230541 -0.188180 -0.209240 -0.628831
hsa2901 -0.348590 0.702226 -0.759016 0.334436 -0.721072 -0.784270 -0.811528 -1.288909 0.642976 0.510140 -1.560373 0.315112 -0.304011 -0.429018 0.615732 -0.204743
hsa3748 0.316793 0.552147 -0.480583 0.007779 0.510155 -0.783874 -0.306031 -0.104477 0.688964 -0.407910 -0.884455 -1.127487 1.033977 0.333847 -0.544638 -0.656734
hsa57657 -0.029400 1.081860 -0.155154 0.222813 0.719809 -0.798111 -0.446812 0.041224 -0.215292 0.382222 -1.247733 -0.588480 0.418484 0.304968 -0.194447 -0.476224
D00274 0.157511 0.701063 0.297283 1.040138 0.567899 -0.967609 -0.955479 -0.854915 -0.720495 -0.051654 -0.103056 -1.341597 -0.504047 0.279633 0.373882 -0.915298
D02234 -0.305891 -0.327464 0.549620 0.849375 0.570545 -0.523167 0.596126 -0.119830 0.292811 -0.049569 -1.089338 -1.244114 -0.959603 0.048385 0.066295 -0.192546
D00607 0.346998 1.498275 0.546381 0.284003 -0.392276 -0.680518 0.026008 -0.071593 -0.522467 0.358016 -0.721409 0.098604 -1.352293 -1.190882 0.682442 -0.313890
D00474 -0.593837 -0.013400 0.208836 0.008210 -0.780099 -1.066574 0.297960 -1.339475 0.574422 -0.940071 0.170317 -0.293756 -1.226328 -0.044825 -0.507496 -0.006254
D01603 0.293083 0.305200 0.476046 0.319411 0.625188 -0.677257 -0.329130 0.207875 -0.821954 -0.535362 -0.831841 0.864040 -1.171571 -0.773474 -0.086139 -0.905326
hsa89822 0.607608 0.874704 -0.399569 -0.397830 0.491762 -0.769024 0.359196 -0.034112 -0.175401 -0.170225 -1.321824 -0.184835 0.596665 0.134018 0.147536 -0.480143
D00709 -0.494239 0.798400 -0.167897 -0.755871 -0.208085 -0.221334 -0.001476 -1.024894 -0.089285 -0.573740 -0.142484 -0.201317 -0.849227 1.144691 -0.174665 -0.790071
D02237 -0.037710 1.743379 0.849740 0.397841 0.012769 -0.457852 -0.104360 0.060491 -0.720131 -0.106506 -0.466862 -0.236212 -1.091991 -1.334041 0.858965 -0.193352
hsa9127 0.007548 1.413497 1.047583 -1.545210 -0.452942 0.576685 -0.856631 -0.074556 -0.424335 -1.452236 -2.039116 -1.111503 -0.900572 0.451705 -0.081543 0.704419
D00761 -0.086756 0.333421 0.376779 0.529837 -1.165941 -0.600167 0.842672 0.124186 0.022892 0.457694 -1.280852 -0.630545 -0.468969 -0.511074 -0.960040 -0.851343
hsa22953 -0.092908 1.963794 1.281356 -0.924171 -0.914222 0.473977 -0.852425 0.003586 -0.319205 -1.256053 -1.581187 -1.467623 -0.315084 0.401610 -0.026064 0.735022
hsa8514 0.657605 1.337435 -0.174123 -0.179684 0.326136 -0.901027 -0.862151 -0.107912 0.221489 -0.318048 -0.790137 -0.500431 0.977797 0.061592 0.204209 -0.336137
hsa3755 0.181866 1.184515 0.133150 -0.072344 1.045549 -0.213914 -0.288996 0.017196 0.692709 -0.184578 -1.248438 -0.604599 0.606920 0.079314 -0.293086 -0.033064
D01575 0.188227 -0.479467 0.330967 -0.225639 0.352876 -0.538684 0.183084 0.239341 -0.045854 -0.210830 -1.402438 -0.722082 0.176800 -1.368565 -0.271016 -1.157900
hsa11280 0.413188 0.866202 0.484527 -0.086714 -0.412329 0.031160 -0.190802 -1.106780 -0.134968 -0.543161 -0.120671 1.112537 -0.128298 -0.083563 0.075927 -1.052683
hsa169522 0.038377 1.198171 0.185808 0.065335 1.068678 -0.466542 -0.227178 -0.184384 0.615444 0.006344 -1.162411 -0.567895 0.650294 0.242216 -0.071237 -0.037206
hsa60598 0.372976 1.037033 -0.406939 -0.272325 0.690482 -0.667725 0.328207 0.299256 -0.305316 -0.344168 -1.572021 -0.210353 0.438874 0.118456 -0.092677 -0.254332
hsa1144 0.164388 1.058956 1.350488 0.215198 -0.593620 0.542716 0.354853 -0.441074 0.257238 0.068711 -0.483712 -0.405145 -1.689331 0.159678 -1.416880 -0.661884
hsa3766 -0.046013 1.536463 -0.449317 0.041472 1.062333 -1.020975 -0.316480 -0.538783 0.290170 -0.479836 -0.461549 -0.453638 0.509323 -0.280014 -0.106544 0.195882
hsa93107 0.091800 0.950786 -0.009667 -0.080948 0.958722 -0.633404 -0.265448 -0.033271 0.513067 0.023694 -1.463817 -0.426375 0.653147 -0.057265 -0.121435 -0.030140
D02347 -0.407270 0.027197 0.955513 -1.150498 -0.372787 -0.482467 0.148654 -0.934299 0.071208 -1.487043 -0.054260 -0.798970 -0.299161 -0.159600 -0.075194 0.327597
hsa5027 0.052542 1.573296 1.218597 -1.392461 -0.726294 0.410230 -1.081340 -0.030603 -0.567082 -1.229505 -1.761973 -1.096035 -0.179623 0.078999 -0.005413 0.478237
D00760 -0.229387 0.216736 0.389192 0.027415 -1.344015 -0.634506 0.937237 -0.072832 -0.443625 0.494161 -1.506881 -0.707057 -0.249847 -0.298695 -1.253925 -0.867503
hsa26251 0.124672 1.023631 0.294894 -0.116812 0.952685 -0.484176 -0.349892 -0.027696 0.614896 -0.050010 -1.262157 -0.319932 0.635065 0.048871 -0.136032 0.018726
D01854 -0.153737 0.706798 -0.607325 0.713219 0.685899 -0.688715 0.189741 -0.846557 -0.509154 -1.060641 0.038532 -0.033091 -0.257038 -0.847894 -1.242694 -0.530529
D00771 0.250670 0.600958 -0.056471 0.079134 0.372945 -0.589169 -1.133320 -0.819230 -0.331310 0.337580 -1.494094 0.685142 0.024047 -0.256481 -0.623569 0.700651
hsa51305 0.334213 0.736701 -0.383232 -0.220164 0.437189 -0.969657 0.121667 0.204694 -0.318634 -0.157632 -1.441814 -0.387971 0.496466 0.399107 -0.034842 -0.389961
hsa3786 0.360822 0.806152 0.446438 -0.801950 0.885539 -1.584804 -0.274107 -0.374250 -0.324004 0.023043 -1.019194 0.081792 0.878585 -0.027567 -0.406879 -0.144976
hsa7881 0.728891 1.111787 0.050032 -0.478177 0.240261 -0.638944 -0.686579 -0.156798 -0.009874 -0.299414 -0.920626 -0.375678 1.050458 0.228310 0.050179 -0.108676
hsa3750 0.309253 1.135127 -0.086721 -0.306041 0.248951 -0.585140 -0.430733 -0.459467 -0.190426 0.083666 -0.630997 -0.940144 0.712483 0.602325 -0.735509 -0.084088
D01799 0.723555 2.282725 -0.415719 1.238792 0.772966 -0.427424 -0.869624 -0.663433 -1.217707 -1.713771 -0.210502 -0.165857 -0.581137 -0.613340 -1.026635 -0.094599
hsa11254 -0.825529 0.919963 0.586366 0.192024 -0.456284 -0.653485 0.322590 -0.921764 -0.110422 -0.471425 -1.046767 1.397984 -0.458747 -1.711361 0.351286 -0.721185
hsa23630 0.774711 1.238430 0.291081 -0.404256 0.442410 -0.856697 -0.513884 0.121386 -0.171719 -0.389203 -0.581512 -0.153783 0.876129 0.139436 -0.209317 -0.353239
D00594 0.182709 0.514222 -0.003220 0.083932 1.087615 0.300589 -0.000765 -1.965042 -0.191604 -1.152302 -0.231674 -0.236639 -0.627711 -0.835695 0.201513 0.039558
hsa41 -0.062333 0.844985 -0.152183 0.757506 0.058981 0.021120 -0.531945 0.012752 1.338776 -0.905986 -0.586550 0.189897 -1.003021 0.526716 0.203884 -0.933383
D01350 -0.179211 1.500396 0.617530 0.228391 -0.391139 0.312931 0.115359 0.177157 -0.731547 -0.754241 -0.999602 -0.377403 -0.861774 0.022686 1.161178 -0.131447
D06106 0.204956 0.292107 1.102794 0.570709 -0.642731 -0.947167 0.465284 -1.105943 0.618465 -0.408211 -0.374866 -0.367108 -1.220404 0.652795 -0.210556 0.709115
hsa1181 -0.620117 0.906254 -0.027047 -1.858115 -0.423770 -1.146834 0.160895 -1.433246 0.575875 0.776984 -1.438058 -0.875282 -0.565303 -0.603068 0.383741 -0.093554
D00418 -0.359457 1.807180 -0.504749 0.161736 0.019571 -0.139556 -0.147080 -0.936681 -0.081819 -0.374091 0.402744 -0.335608 -0.303421 0.308564 -0.480159 -0.768099
hsa3769 -0.156383 1.714770 -0.360243 0.077978 1.181100 -0.641382 -0.111217 -0.389926 0.306898 -1.186956 -0.563451 -0.164000 0.766206 -0.152283 -0.188952 0.114224
hsa9992 0.320874 0.996947 0.079549 -0.420469 0.498283 -1.099785 -0.511884 0.209973 0.652752 -0.147210 -0.695099 -0.308278 0.357473 0.242805 -0.246062 -0.164583
hsa27345 -0.202074 0.842688 -0.574245 -0.329748 0.556987 -0.950317 -0.264036 -0.187164 0.037074 -0.175312 -1.075905 -0.860774 0.186433 0.225192 0.103045 0.169726
hsa23704 0.398842 1.125461 0.213903 -0.615787 0.363812 -1.066320 -0.472668 -0.108168 0.142518 -0.244755 -0.471004 -0.367806 0.750922 0.072116 -0.262675 -0.348104
D00831 -0.161061 -0.142213 0.931418 -1.027065 1.047215 -0.927790 -0.370887 -1.153776 -0.123391 -0.040964 -0.664914 -0.661559 -0.067935 0.428139 -0.278120 -0.281873
D00759 0.128258 0.321889 0.325608 0.431579 -1.282663 -0.694531 0.999517 -0.077154 -0.336912 0.675850 -1.500523 -0.565884 -0.388225 -0.388781 -1.109607 -0.844237
hsa3754 0.027926 1.299627 0.125473 0.048265 0.881308 -0.486660 -0.146462 0.456919 0.955747 -0.161910 -1.311374 -0.585821 0.330407 0.103325 -0.378190 0.120072
hsa8001 1.074493 0.296359 0.370706 0.742019 -1.396562 -0.013887 0.219584 -0.936428 0.526106 -1.491479 -0.667100 0.109099 -0.209761 -0.778762 -0.293565 0.523739
D00504 0.021084 0.532488 -0.466915 -0.730111 -0.120688 -0.239934 0.044208 -1.080270 -1.012900 -0.978182 -0.355345 0.668459 -1.147832 -0.267085 -0.439201 -0.756718
D01071 -0.019777 0.459376 1.248402 0.831961 -0.574723 -0.965817 0.638767 -0.865816 0.298191 -0.501716 -0.046542 -0.222750 -1.052564 0.996748 -0.148842 0.233462
D00963 -0.302846 0.626399 1.741325 0.482001 -1.156507 -0.642200 0.425804 -0.989021 0.374437 0.187595 -0.058560 0.097146 -0.939212 0.566941 -0.165096 -0.751542
hsa27094 0.111996 1.005503 -0.279622 -0.338626 0.507011 -1.156805 -0.427891 0.010598 0.353003 -0.243371 -0.661348 -0.769824 0.373127 0.101519 -0.164637 -0.079299
D01108 -0.390310 0.050046 0.127600 0.382579 0.215732 -1.194859 -0.824828 0.525099 -0.567882 -1.062206 -1.199281 0.255291 -0.588002 0.522752 -0.650003 -0.341486
D00765 0.091211 0.734488 1.365415 0.365875 -1.299291 -0.258796 0.546309 -0.875912 -0.061863 0.680969 -0.684145 0.183497 -0.505618 -0.139315 -0.430764 -1.046150
hsa56660 0.653932 0.656236 -0.296462 0.443366 0.140310 -0.577226 0.913795 0.339885 -0.383576 -1.402173 -1.534131 0.185898 0.486932 0.665427 0.393033 0.020172
D00392 0.212604 0.690541 1.132019 -0.051249 -0.250416 -1.214741 0.362990 -0.611082 0.434746 -0.422943 -0.303271 -0.287942 -0.570614 1.879726 0.423354 -0.093721
D01768 0.659582 0.620891 0.050028 -1.154124 0.014999 0.843498 0.694602 -0.827380 0.759622 -0.591098 -0.912468 0.108505 -0.634899 -0.117104 -0.222765 -1.221406
hsa3751 0.296320 1.287293 -0.012641 -0.410877 0.183733 -0.436398 -0.312828 -0.523922 -0.146914 0.296597 -0.732946 -0.804610 0.715655 0.766470 -0.993942 0.010529
D00779 0.590331 0.647775 0.638663 -0.299129 -1.509642 -0.242373 0.310003 -0.953451 -0.356864 0.838342 -0.642566 -0.537093 -0.458663 -0.161072 0.091155 -1.025072
D00964 -0.543428 0.118086 1.183715 0.398013 -0.845816 -0.008965 0.185933 0.159551 0.480399 -0.911321 -0.313429 -0.301279 -1.149697 0.166387 -0.565140 -0.793048
D00960 -0.056974 0.264246 0.970985 0.058976 -0.728425 -0.221618 0.207632 0.053264 1.207401 -0.717823 -0.031052 -0.584915 -1.322653 -0.107958 -0.486752 -0.856413
D00704 0.379999 -0.323391 0.545120 1.145609 -0.364327 -0.077939 -0.033387 -1.354220 0.277535 -0.399042 -1.153520 0.058947 -1.005850 0.664363 -0.351234 0.998686
hsa1140 0.078652 1.311484 1.108828 0.308840 -0.388180 0.492306 0.432945 -0.361609 0.085773 -0.184319 -0.112234 -0.302999 -1.400996 0.279553 -1.426714 -0.551841
hsa3773 -0.484811 1.423998 -0.885694 -0.373039 0.465176 -0.949166 0.041936 0.003949 0.364053 -0.895432 -0.780963 -0.416892 0.638932 -0.276673 -0.525731 -0.197746
hsa2895 0.152012 0.515920 -0.780365 0.132983 -0.845318 -0.773607 -0.890297 -0.860552 1.050280 -0.206588 -1.442280 0.229947 -0.037355 -0.010564 0.665314 0.116517
D00495 0.407387 0.634287 1.337785 0.303401 -0.666891 -1.300594 0.467921 -0.596033 0.204086 -0.935494 -0.115702 -0.414085 -0.949370 1.687124 0.470531 0.011350
hsa10060 0.621966 1.044720 -0.086737 -0.007625 0.854455 -0.539789 -0.897602 -0.003462 0.083135 -0.894130 -0.366480 -1.017368 0.115581 -0.108489 0.017503 0.128688
D02485 -0.003024 -0.631056 0.715364 -0.803011 1.011897 -0.502093 1.095110 -1.091910 0.196647 -0.356488 -0.917580 -0.978530 -0.262030 -0.507751 -0.408863 -0.977839
hsa3779 0.352686 0.870545 0.003246 -0.467525 0.593456 -1.442361 -0.367707 -0.397257 0.029537 -0.017289 -0.923233 -1.154199 0.757457 0.148076 0.242154 0.008778
hsa7225 0.559845 0.985761 1.212676 0.653456 0.323085 0.200460 -1.305502 -0.437102 1.508581 -0.350486 -0.275357 -0.071382 -0.257861 0.891001 -0.296957 -1.434040
hsa57192 0.714194 1.302733 0.581951 0.423232 0.245955 -0.562661 -1.407557 0.356887 1.321218 -0.183256 -0.177978 -0.160762 -0.757351 0.863875 0.000055 -0.970518
hsa10008 0.773168 1.091317 0.638794 -1.227245 0.657876 -1.480383 -0.648183 0.319297 0.216383 -0.898253 -0.399340 -0.160206 0.564590 0.090470 -0.261563 -0.522001
