hsa2099 -0.472287 0.082584 -0.226017 0.256475 -0.261194 0.092765 -0.187030 -0.490526 0.302887 0.252901 0.137894 -0.544996 -0.038276 0.353885 -0.449771 -0.384490 -0.115156 0.085684 -0.016170 -0.418048 -0.222062 -0.060017 -0.060873 -0.180437 -0.216005 0.413272 0.357367 0.093874 0.197354 0.080306 0.091863 -0.161743
D00094 -0.396671 0.322425 0.202046 -0.521271 0.494128 0.156583 0.306237 -0.088842 -0.643547 0.521421 0.239507 -0.062570 -0.387205 0.014092 -0.320816 -0.384023 0.448563 -0.089979 -0.189953 -0.294966 0.394457 -0.212266 -0.219507 -0.338998 -0.789382 0.799435 -0.008850 -0.006302 -0.457284 -0.105715 0.003329 0.480228
hsa5241 -0.295552 -0.325971 -0.247386 0.143741 -0.044952 -0.144644 -0.415216 -0.327135 0.111329 -0.040251 0.080656 -0.591128 -0.007109 0.237261 -0.358486 -0.051859 -0.551183 -0.113866 -0.316282 -0.397721 0.159546 -0.144501 0.008659 0.081382 -0.195920 0.730376 0.142413 -0.379751 0.269871 0.209243 0.084272 -0.080249
D01132 -0.341565 0.247463 0.156773 -0.133805 0.283995 0.043093 -0.113786 -0.118958 -0.657919 0.594739 0.375329 0.033646 -0.295299 0.036691 -0.039096 -0.294777 0.434711 0.030431 0.058464 -0.327457 0.325927 -0.245206 -0.068575 -0.443017 -0.762308 0.291789 0.373893 -0.364766 -0.310783 -0.050529 -0.128271 0.009175
hsa367 -0.407254 -0.142125 -0.296283 0.101259 0.297307 -0.454553 -0.380743 -0.196480 0.122913 -0.328993 -0.027056 -0.008000 -0.146838 -0.111021 -0.644721 -0.393541 -0.106998 0.160418 -0.315994 -0.523655 0.405484 -0.370483 -0.218958 0.245443 -0.389677 0.061832 0.428378 -0.217541 0.432796 0.083746 0.225422 -0.291735
D00066 -0.428809 -0.409475 -0.351235 0.258312 0.034383 -0.270365 -0.536500 -0.405482 0.217622 -0.067429 -0.029707 -0.436351 -0.089476 0.036342 -0.317206 -0.241621 -0.356927 0.039445 -0.036253 -0.403032 0.216870 -0.060443 -0.096913 -0.099978 -0.137891 0.541406 0.086387 0.049434 0.235968 0.045619 0.087001 0.077331
D00075 -0.410400 -0.196866 -0.432533 0.263329 0.362165 -0.335297 -0.517706 -0.510014 0.074372 -0.160253 -0.035811 -0.498383 -0.029703 0.338712 -0.324648 -0.231368 -0.293356 0.225275 -0.265089 -0.416462 0.292325 -0.043449 -0.196020 0.067558 -0.273600 0.484556 0.200726 -0.102515 0.339593 0.126068 0.277556 -0.167852
D00316 -0.274451 0.352161 0.204723 -0.353285 0.375057 -0.048820 0.033750 -0.161852 -0.665185 0.784358 0.337562 0.132280 -0.329089 0.079938 0.012734 -0.374277 0.445522 -0.006452 -0.043851 -0.384530 0.400983 -0.408763 0.005404 -0.360486 -0.835975 0.474370 0.435567 -0.086751 -0.343640 -0.003594 0.140400 0.137457
D00577 -0.425386 0.342263 0.351290 0.252508 -0.437834 -0.038842 0.090731 -0.215796 -0.058858 0.386637 0.282969 -0.534939 -0.224297 0.263340 -0.575605 -0.213911 0.365816 -0.189148 -0.066028 -0.364767 -0.169315 0.050204 0.188763 -0.302551 -0.559029 0.256056 0.537409 -0.214145 0.064812 -0.036157 -0.243508 -0.088883
D00088 -0.522449 -0.377882 -0.447195 -0.013448 0.127822 -0.472955 -0.406957 -0.418698 0.006186 -0.423370 0.150131 -0.562633 -0.035058 0.073178 -0.356403 -0.239333 -0.661765 -0.063520 -0.193753 -0.385089 0.263762 -0.531713 -0.326361 0.158795 -0.262855 0.520799 0.086897 -0.549017 0.396914 0.114480 -0.076874 0.130744
D00585 -0.512413 -0.234712 -0.184837 0.057021 0.008675 -0.442409 -0.390082 -0.119257 0.303233 -0.303675 0.118211 -0.476898 -0.192154 -0.076590 -0.398106 -0.098621 -0.394042 0.048636 -0.409691 -0.328826 0.362481 -0.578688 0.118685 0.218188 -0.173375 0.537430 0.312238 -0.447878 0.483280 0.297820 -0.060461 0.013490
hsa2908 -0.555892 -0.454073 -0.348165 -0.024636 -0.180796 -0.409475 -0.271241 -0.199248 0.200283 -0.461806 0.060863 -0.464060 -0.118936 -0.298116 -0.284138 -0.218140 -0.605491 -0.027870 -0.455953 -0.392759 0.080935 -0.809252 -0.313806 0.145466 -0.329360 0.575785 0.283133 -0.829269 0.279355 0.175033 -0.180306 0.126177
D00143 -0.514029 -0.359404 -0.603569 0.219586 0.203109 -0.257871 -0.455674 -0.352962 -0.212502 -0.199160 -0.238879 -0.258838 -0.223752 -0.013226 -0.061782 -0.150461 -0.154924 0.090203 -0.141333 -0.222290 0.559848 0.237573 -0.064802 -0.159503 -0.339898 0.593199 0.195089 0.073356 0.186098 0.005333 0.144096 -0.042814
hsa5916 -0.234795 0.228251 0.058972 -0.299323 0.182253 0.001723 0.027124 0.054687 -0.626143 0.722572 0.173720 0.064991 -0.417308 0.049829 -0.082178 -0.338090 0.441992 -0.115265 -0.243321 -0.326833 0.234469 -0.183517 0.291049 -0.390767 -0.905692 0.448248 0.236281 -0.219683 -0.436312 -0.024505 0.099325 0.096722
hsa5915 -0.275972 0.148992 0.056434 -0.331142 0.437882 -0.056427 -0.101990 -0.083539 -0.759531 0.647951 0.315617 0.150308 -0.408092 0.167987 -0.045262 -0.285632 0.354712 -0.123867 -0.157184 -0.240065 0.476422 -0.208974 0.295539 -0.250529 -0.766559 0.534761 0.209986 -0.242405 -0.265329 -0.059978 0.089504 0.170821
D00327 -0.455468 -0.193312 -0.345466 0.056517 0.088694 -0.436819 -0.376647 -0.410667 0.386743 -0.046075 0.071630 -0.454319 -0.066623 0.036823 -0.404791 -0.350327 -0.340091 0.185581 -0.091461 -0.455555 0.212369 -0.172411 -0.115653 0.001064 -0.145098 0.412361 0.126524 -0.030011 0.345438 0.035230 0.207810 0.023213
D00182 -0.348982 -0.139303 -0.560050 0.030665 0.227190 -0.283797 -0.595512 -0.278493 0.346734 -0.102880 0.089085 -0.636743 0.013095 0.467494 -0.480064 -0.387310 -0.403260 0.300363 -0.517001 -0.548495 0.157436 -0.109187 0.150448 0.220417 -0.272861 0.619816 0.005082 -0.229412 0.282044 0.348884 0.351478 -0.199629
hsa2100 -0.606516 0.428779 -0.190515 -0.021203 -0.224954 0.179687 -0.042618 -0.742771 0.583864 0.498163 0.225746 -0.411215 -0.042638 0.135713 -0.382444 -0.565361 0.262555 0.074742 -0.036300 -0.332856 -0.293445 -0.405775 0.067714 -0.126063 -0.082852 0.542304 0.551709 0.470160 0.080940 -0.132741 0.104516 0.190572
hsa5914 -0.253490 0.152532 0.444764 -0.241782 0.056797 0.170610 -0.009808 -0.070938 -0.659876 0.769592 0.315361 0.052186 -0.188140 0.229897 -0.151937 -0.382080 0.448716 -0.138213 -0.062400 -0.489035 0.350479 -0.251799 0.192130 -0.173205 -0.812547 0.500501 0.423038 -0.156093 -0.213486 -0.012599 0.099908 0.015273
D01294 -0.270599 -0.122686 -0.421399 0.065497 -0.052089 -0.082686 -0.473857 -0.503548 0.357709 0.060262 0.131680 -0.558102 0.185914 0.448097 -0.465424 -0.506333 -0.361293 0.086379 -0.315051 -0.602228 0.015972 -0.305785 0.051215 0.171744 -0.183608 0.416079 0.202724 -0.082080 0.188459 0.229877 0.218666 -0.106334
D00950 -0.415806 -0.143749 -0.246210 0.131188 -0.040772 0.000703 -0.627833 -0.230770 0.212099 0.099426 0.243843 -0.475698 0.095107 0.406875 -0.257293 -0.362443 -0.379895 0.312424 -0.311830 -0.607287 0.065335 -0.109221 0.152873 0.055844 -0.141840 0.534100 0.197119 -0.165582 0.132517 0.492685 0.322047 -0.394426
D00105 -0.684584 0.357645 -0.360950 -0.051174 -0.316535 0.033167 0.018969 -0.716750 0.600440 0.391588 0.309275 -0.457012 0.029412 -0.009560 -0.482389 -0.644488 0.052307 0.339837 0.045881 -0.400355 -0.393166 -0.351167 -0.199440 -0.211913 -0.130222 0.429275 0.613882 0.354021 0.153892 -0.007032 0.122374 -0.079862
hsa7421 -0.699008 -0.470357 0.034284 0.115066 0.054208 -0.077660 -0.359393 0.402116 -0.353381 0.307010 -0.085057 0.247176 -0.707121 -0.351042 0.037186 -0.344753 0.077448 0.073270 -0.159083 -0.387166 0.519961 -0.133485 0.289194 -0.149025 -0.576357 0.770477 -0.261708 0.062563 -0.310195 0.029665 0.106649 0.506700
D00954 -0.410440 -0.299933 -0.385549 0.264568 0.207998 0.112244 -0.638805 -0.276736 0.160901 0.024449 0.177730 -0.581815 -0.008566 0.532816 -0.546566 -0.200350 -0.440341 0.197688 -0.382439 -0.481733 -0.019891 -0.042307 0.166582 0.198921 -0.176210 0.816313 -0.027624 -0.232394 0.301914 0.318462 0.265778 -0.387994
D00951 -0.575962 -0.372254 -0.474822 0.151149 -0.031431 -0.426990 -0.495952 -0.512017 0.004371 -0.195604 0.158406 -0.556388 0.034928 0.259266 -0.129053 -0.286637 -0.517248 0.074800 -0.086642 -0.353471 0.147009 -0.108803 -0.157501 0.090953 -0.229378 0.529088 -0.095599 -0.169918 0.186796 0.028533 0.065094 0.245094
D00040 -0.270693 -0.404718 -0.450527 0.094466 0.465435 0.109875 -0.680982 -0.047245 -0.012707 0.209268 -0.339450 -0.095401 -0.338404 -0.238801 -0.351441 0.034996 -0.163267 -0.223171 -0.056771 -0.197927 0.691618 -0.010422 0.094934 -0.394112 -0.285325 0.866765 -0.131698 0.021331 -0.031776 -0.051335 -0.024907 0.202222
hsa6257 -0.297927 0.423280 0.191642 -0.329469 0.300107 -0.165075 -0.035232 -0.298233 -0.524313 0.728781 0.298136 -0.020855 -0.322590 -0.057429 -0.091055 -0.404094 0.628460 -0.180790 -0.192723 -0.318730 0.409631 -0.152860 -0.111875 -0.399252 -0.774543 0.384642 0.358525 -0.026902 -0.437315 -0.140084 -0.016053 0.263319
D02217 -0.395132 0.296736 -0.084666 0.020748 -0.069603 0.060852 -0.299665 -0.626379 0.550677 0.367086 0.251777 -0.605363 -0.083892 0.269044 -0.739266 -0.427322 0.354752 -0.098883 0.223516 -0.280248 -0.167933 -0.407872 0.198728 -0.293535 -0.066482 0.301144 0.342567 0.143187 0.237979 -0.274552 -0.223849 0.292350
hsa6256 -0.301589 0.519533 0.424563 -0.124519 0.105746 0.027261 0.139435 -0.238486 -0.448589 0.801667 0.284918 -0.102894 -0.443977 0.073064 -0.101718 -0.345750 0.658147 -0.202735 -0.435136 -0.323749 0.178593 -0.349923 -0.096757 -0.244674 -0.867407 0.516280 0.414519 0.054127 -0.484890 -0.106514 0.032475 0.144338
D01217 -0.524168 -0.412640 -0.374358 0.421403 0.034766 -0.230627 -0.531240 -0.520867 0.051432 -0.306960 -0.142117 -0.569040 -0.080732 0.247878 0.030627 -0.271077 -0.388287 0.096186 -0.088488 -0.410485 0.311873 0.113077 -0.155598 -0.070971 -0.184033 0.730719 0.109142 -0.061918 0.172718 0.102335 0.096961 0.175931
D00554 -0.738548 0.287657 -0.574980 -0.068358 -0.343255 0.122581 -0.056262 -0.791584 0.524436 0.302268 0.245623 -0.411667 0.158028 0.039520 -0.492138 -0.778096 0.080540 0.233975 0.251368 -0.413384 -0.388007 -0.265498 -0.313635 -0.327413 -0.193593 0.319734 0.610891 0.280483 0.076930 -0.027014 0.067014 -0.169969
D00462 -0.376155 -0.317121 -0.380082 0.176395 0.315094 -0.539677 -0.396812 -0.402396 -0.285302 -0.258681 -0.274725 -0.078564 -0.425795 -0.066721 -0.427160 -0.121809 -0.278916 0.060431 -0.234057 -0.419454 0.568794 0.061221 -0.307186 -0.060516 -0.435691 0.355332 0.417561 -0.016377 0.384468 -0.017046 0.482966 -0.285147
D00163 -0.263190 -0.176365 -0.496064 -0.024621 0.190594 -0.155130 -0.240068 0.025450 -0.354098 0.235848 -0.485233 0.234318 -0.574219 -0.340205 -0.021814 0.095641 -0.236120 -0.068327 -0.252861 -0.257160 0.794802 0.207846 0.202280 -0.451382 -0.571847 0.758352 0.496828 -0.116515 -0.047450 0.068845 0.416558 -0.127583
D04066 -0.639379 0.193262 -0.255738 0.154838 -0.372214 0.295221 -0.013298 -0.745836 0.646913 0.602071 0.173318 -0.447795 0.068357 -0.009505 -0.421454 -0.549700 0.040329 0.178827 0.012744 -0.454668 -0.417760 -0.223659 -0.238839 -0.231439 -0.112316 0.736387 0.530022 0.451946 0.059344 -0.113467 0.223404 -0.068653
D00348 -0.352197 -0.002917 0.676132 -0.339826 0.159858 0.318963 0.055868 0.239144 -0.657054 0.636320 0.226993 0.193551 -0.300315 -0.066798 -0.455847 -0.371306 0.462045 -0.186056 -0.102935 -0.640453 0.622331 -0.148503 0.129597 -0.113457 -0.768811 0.781448 0.115443 -0.164173 -0.233940 -0.076569 0.069930 0.206446
D00565 -0.544738 0.244030 0.182151 -0.018680 -0.075280 -0.080602 -0.261907 0.006872 -0.407523 0.261421 0.300419 -0.088493 -0.514497 0.123839 -0.476486 -0.460427 0.324942 0.137719 0.099249 -0.366525 0.025071 -0.438459 0.078286 -0.499058 -0.764799 -0.310700 0.392273 -0.078846 -0.072603 0.110515 -0.194666 -0.252605
D00690 -0.328044 -0.610443 -0.652464 0.007057 -0.379609 -0.331201 -0.394171 -0.596789 -0.057394 -0.296568 0.035572 -0.815827 0.014839 0.077874 -0.220364 -0.213173 -0.847940 -0.237701 -0.273673 -0.449066 -0.155757 -0.493901 -0.212850 -0.135622 -0.325173 0.734537 0.231405 -0.964794 0.180240 0.081613 -0.126007 0.089557
hsa8856 -0.821956 -0.419736 -0.520279 0.083781 0.070316 -0.116941 -0.110656 -0.219613 -0.710967 -0.257698 0.031189 -0.128727 -0.281056 -0.126307 0.169826 -0.134284 -0.008658 0.017012 -0.246908 0.009514 0.131140 0.203763 -0.204773 -0.054574 -0.514323 0.759457 -0.165211 -0.144387 -0.184368 -0.230816 -0.109423 0.263571
D02367 -0.491999 -0.206502 -0.376414 0.237481 -0.166081 -0.015920 -0.512755 -0.186366 0.126374 -0.050271 0.173685 -0.552220 -0.012392 0.320099 -0.258065 -0.301083 -0.407564 0.328405 -0.509443 -0.507747 -0.019291 -0.027156 0.124020 0.096321 -0.238685 0.589351 0.215039 -0.274412 0.140603 0.395519 0.247755 -0.509472
D00129 -0.551222 -0.452176 -0.086583 0.014049 0.346558 -0.080455 -0.397473 0.189293 -0.259655 0.427219 -0.113910 0.314618 -0.645234 -0.413918 0.013992 -0.309812 -0.046302 0.142272 -0.215892 -0.379831 0.689223 -0.107094 0.163000 -0.135737 -0.463819 1.038476 -0.180750 0.154603 -0.287719 0.052904 0.393693 0.425676
D00187 -0.564702 -0.541647 0.367318 0.095688 0.230261 0.129600 -0.443387 0.399499 -0.214413 0.423011 -0.035088 0.190128 -0.466184 -0.516791 -0.026405 -0.336347 0.065704 -0.063747 -0.309138 -0.623129 0.867731 -0.069237 0.105552 -0.134029 -0.472032 1.066413 -0.305635 -0.065979 -0.348764 0.051588 0.052525 0.468841
D00067 -0.908974 0.313802 -0.594872 0.065281 -0.416731 0.133635 0.079737 -0.624387 0.582453 0.137957 0.048459 -0.389840 0.112328 -0.017450 -0.425966 -0.770900 0.110185 0.284461 0.045475 -0.429608 -0.254397 -0.221218 -0.224649 -0.095971 -0.248640 0.440554 0.719350 0.454101 0.171332 0.158575 0.148012 -0.243873
D01161 -0.567890 0.464248 -0.557228 -0.055101 -0.435741 0.043579 -0.177325 -0.686776 0.628636 0.531406 0.215331 -0.489790 0.123196 -0.008001 -0.299171 -0.580632 0.077815 0.216119 -0.204097 -0.431268 -0.174610 -0.150027 -0.032224 -0.230249 -0.179808 0.406439 0.640940 0.312462 -0.075790 0.011925 0.163258 -0.161341
D00443 -0.915941 -0.269119 -0.399123 0.390531 -0.066989 -0.381162 -0.461071 -0.278097 0.096107 -0.460883 -0.104298 -0.604141 -0.196410 0.181016 0.086968 -0.181429 -0.216880 0.122228 0.056843 -0.170776 0.674902 0.020356 0.391188 0.058691 -0.109188 0.615899 0.328234 0.180095 0.548370 0.388080 -0.206052 0.256101
D00312 -0.763336 0.221750 -0.365774 0.171687 -0.390714 0.214739 0.140817 -0.616024 0.399211 0.151561 -0.033129 -0.355444 0.054533 0.105288 -0.462989 -0.659991 0.147317 0.128243 0.137747 -0.405649 -0.279300 -0.298892 -0.216173 -0.132891 -0.322104 0.355548 0.830171 0.320861 0.249553 0.165165 0.098123 -0.302985
D00898 -0.550209 0.262233 0.216222 0.329895 -0.173689 -0.006186 -0.385112 -0.181476 -0.103625 0.527123 0.494547 -0.646565 -0.344959 0.407776 -0.555355 -0.303112 0.350025 0.191712 0.195880 -0.367548 -0.296646 0.105367 0.127911 -0.630778 -0.483554 0.052517 0.255275 -0.099600 0.078257 0.020104 -0.252612 -0.334948
hsa5465 -0.607221 0.021262 0.234019 -0.162823 -0.258941 0.000827 -0.110986 0.005136 -0.811270 0.240932 0.214216 -0.008649 -0.593106 0.151850 -0.412429 -0.471836 0.278050 -0.127927 0.287583 -0.335114 0.079037 -0.457256 0.098862 -0.656972 -0.909480 -0.243664 0.438249 0.011180 -0.066909 0.175260 -0.338377 -0.050679
D00506 -1.219689 0.157078 -0.376247 0.330972 -0.428579 0.256553 -0.214188 0.394550 -0.216189 -0.062136 -0.105681 0.089471 -0.570001 -0.227021 -0.091929 -0.729682 0.666773 0.109444 -0.177290 -0.275229 -0.231704 -0.182111 0.174574 -0.093776 -0.746338 -0.023488 0.146971 -0.222057 -0.492944 -0.088178 -0.389521 0.177180
hsa6095 -0.204698 -0.025663 -0.277167 -0.062975 0.846823 0.200265 -0.516186 -0.445403 -0.117017 0.386943 0.051762 0.004818 -0.160740 -0.175664 -0.628449 -0.015719 0.197754 -0.389897 0.400790 -0.030573 0.585514 -0.263340 -0.149665 -0.436174 -0.228597 0.575371 0.074608 -0.122868 0.081287 -0.451440 -0.247140 0.244058
hsa6258 -0.520570 0.268075 0.262320 -0.467896 0.177346 -0.053283 0.062683 -0.082252 -0.826375 0.579615 0.563827 0.019307 -0.251259 -0.011858 0.099823 -0.481069 0.400100 -0.052726 0.050277 -0.273549 0.207847 -0.556039 -0.015984 -0.363922 -0.812490 0.357847 0.273612 -0.346498 -0.364479 0.038403 -0.211131 0.279365
D00279 -0.901082 0.154559 0.157779 0.050416 -0.109914 0.064068 -0.083394 -0.074796 -0.758112 0.054991 0.216923 0.210002 -0.489066 -0.021259 -0.087527 -0.615280 0.444212 -0.034279 0.181040 -0.295829 0.287225 -0.505920 -0.139374 -0.284423 -0.868896 -0.203220 0.493266 -0.105036 -0.216128 -0.034366 -0.366390 0.066914
hsa2101 -0.245153 0.368042 0.408730 0.266208 -0.275505 -0.234526 0.110283 -0.396829 0.063715 0.293365 0.138131 -0.639087 -0.144482 0.240949 -0.233179 -0.080876 0.337504 -0.278340 -0.311427 -0.337293 0.020851 -0.121870 0.086991 -0.103165 -0.445263 0.460815 0.593126 -0.037928 0.043133 0.042261 -0.173268 0.194409
D00956 -0.334552 -0.137094 -0.672537 -0.107182 0.452354 -0.557780 -0.655222 -0.202760 0.229197 -0.050033 0.204140 -0.335517 0.043155 0.203831 -0.555725 -0.476393 -0.203796 0.285884 -0.317275 -0.466128 0.376821 -0.236829 -0.008395 0.250493 -0.335436 0.124658 -0.066722 -0.195643 0.264453 0.095176 0.142639 -0.057368
hsa2103 -0.158442 0.397641 0.506519 0.177165 -0.436038 -0.162899 0.346805 -0.404921 0.037290 0.361229 0.176836 -0.642817 -0.130502 0.222017 -0.216517 -0.119119 0.359089 -0.391599 -0.364572 -0.382226 0.109915 -0.327297 0.138765 -0.083189 -0.603757 0.490166 0.603114 -0.082282 0.015520 -0.090369 -0.212626 0.265735
hsa4306 -0.738031 -0.248286 -0.193179 0.262454 -0.097082 -0.480294 -0.360477 -0.235497 0.268604 -0.501639 0.034513 -0.581675 -0.201358 -0.097081 -0.050603 0.071978 -0.379099 0.036609 -0.246738 -0.152420 0.746962 -0.388865 0.379779 0.225718 -0.082275 0.787652 0.582667 -0.146006 0.670833 0.440475 -0.220097 0.156382
D00188 -0.570387 -0.537342 -0.089917 0.084792 0.431414 0.249367 -0.671120 0.332262 0.034902 0.362754 -0.260665 0.261844 -0.552913 -0.604340 -0.261153 -0.314621 0.139795 -0.141860 -0.232216 -0.388336 0.823411 -0.203812 0.115111 -0.181770 -0.345627 1.072201 -0.320341 0.011247 -0.346956 -0.089473 -0.005917 0.548951
D00299 -0.656700 -0.535487 0.319367 0.145245 0.306313 0.047915 -0.344936 0.416048 -0.423027 0.483879 -0.104672 0.419670 -0.856001 -0.329728 -0.108441 -0.410223 0.136569 0.032715 -0.231013 -0.488434 0.673174 -0.299584 0.165316 -0.054930 -0.609820 1.047788 -0.310555 0.149583 -0.334290 -0.000954 0.308273 0.566136
hsa5468 -0.320466 -0.167439 -0.037314 -0.317688 0.238396 0.499923 -0.103791 -0.063714 -0.629410 0.430603 0.014895 0.186574 -0.501408 0.448803 -0.882308 -0.374490 0.203660 -0.449094 0.470493 -0.211829 0.071811 -0.473010 0.538001 -0.441231 -0.709135 0.270410 0.310515 -0.099740 0.206047 -0.002495 -0.138166 0.057921
D05341 -0.130803 0.448753 -0.529172 -0.626265 -0.394769 -0.433189 0.012267 -0.064820 0.221976 0.722485 -0.373414 -0.497131 -0.160656 -0.369407 0.089497 -0.282787 0.377423 -0.088072 -0.258392 -0.342244 0.505166 0.206414 0.687884 -0.776685 -0.533405 0.665494 0.662855 0.221565 -0.266375 0.307849 0.080793 0.401322
D01689 -0.560771 -0.464582 -0.354465 0.047386 -0.056208 -0.468595 -0.316316 -0.495138 -0.057459 -0.449390 0.337763 -0.589600 -0.064466 -0.159597 -0.273488 -0.160084 -0.735027 -0.127859 -0.312706 -0.378166 0.119790 -0.679619 -0.558205 0.075262 -0.341541 0.560463 0.162861 -0.987153 0.283341 -0.073976 -0.282924 0.110026
hsa9970 -1.168888 0.098006 -0.553411 0.260289 -0.070559 0.103243 -0.206557 0.361699 -0.512116 -0.026456 -0.148393 0.217937 -0.673492 -0.326961 0.055782 -0.533929 0.582027 0.261927 -0.360158 -0.155223 0.071228 0.171951 0.068495 -0.154290 -0.823913 0.298244 -0.103236 -0.061161 -0.636254 -0.238257 -0.097364 0.182171
D00627 -0.337349 -0.030783 -0.197856 -0.173589 0.151115 0.682704 -0.117065 -0.094636 -0.072121 0.524414 -0.068165 -0.063063 -0.352505 0.563248 -1.186281 -0.478526 0.335877 -0.439652 0.408082 -0.291563 -0.244270 -0.258513 0.691417 -0.391581 -0.474759 0.438839 0.217325 -0.034507 0.235489 -0.029888 -0.097477 0.065279
hsa2104 -0.142215 0.272369 0.467572 -0.005531 -0.279159 -0.205185 0.375013 -0.504507 -0.017213 0.366490 0.213508 -0.560109 0.045821 0.156462 0.044261 -0.213884 0.276232 -0.240420 -0.351518 -0.376403 0.024500 -0.475770 0.020662 0.028227 -0.441560 0.612334 0.643553 0.010790 0.056646 0.060342 -0.018055 0.378681
D00930 -0.509436 -0.744630 0.221297 0.012175 0.132157 -0.117408 -0.482889 0.311525 -0.236567 0.525116 -0.001496 0.180778 -0.530527 -0.562073 0.226350 -0.286748 -0.195288 -0.062146 -0.226088 -0.555943 0.782411 -0.221728 0.211265 -0.254585 -0.478622 1.160561 -0.363117 -0.046277 -0.333844 0.071691 0.130491 0.684326
hsa6096 -0.505467 0.232992 0.080806 -0.115295 0.422477 0.155269 -0.064439 -0.260294 -0.656587 0.520681 0.368963 -0.118866 -0.220056 -0.158900 -0.246375 -0.078185 0.394805 -0.383660 0.193210 -0.057481 0.467933 -0.039951 -0.129243 -0.558483 -0.599262 0.652817 0.120893 -0.229982 -0.311345 -0.239631 -0.387683 0.232370
D00246 -0.463565 -0.543872 -0.232542 0.031604 -0.261573 -0.319975 -0.258314 -0.370564 -0.021937 -0.396454 0.183629 -0.631458 -0.068038 -0.132663 -0.169043 -0.095203 -0.737572 -0.150669 -0.371861 -0.389029 -0.023195 -0.668580 -0.346403 -0.007390 -0.276220 0.714816 0.209165 -0.973014 0.205436 0.141251 -0.229656 0.124173
D00962 -0.460353 0.270913 -0.279465 -0.041179 -0.450161 0.291059 -0.077079 -0.150730 0.416929 0.419272 -0.000112 -0.622649 -0.305374 0.340529 -0.893303 -0.429812 0.272610 -0.141623 0.113022 -0.269868 -0.449317 -0.158368 0.485659 -0.523422 -0.397418 0.303308 0.282581 0.013068 0.091074 0.048198 -0.169026 -0.030313
D01387 -0.585494 -0.680645 -0.689586 -0.123458 -0.168761 -0.124800 -0.208737 -0.295798 0.052948 -0.378031 0.053192 -0.333989 -0.039407 -0.273536 -0.471687 -0.286016 -0.757692 -0.176867 -0.241114 -0.334653 -0.201635 -0.736945 -0.381427 0.048082 -0.322223 0.714061 0.137860 -0.952144 0.215352 0.031682 -0.166479 0.141797
D00965 -0.807768 0.029668 -0.598139 0.161932 -0.161597 -0.186098 -0.100812 -0.024509 0.412629 -0.441540 -0.387726 -0.000430 -0.178586 -0.302608 -0.623987 -0.714483 0.265671 0.169212 -0.262869 -0.383125 0.022032 -0.467346 -0.118518 0.223591 -0.435816 -0.088435 0.590314 0.059743 0.268116 0.115111 -0.004581 -0.144834
hsa9971 -0.575420 -0.130684 -0.427113 0.174000 0.114734 0.028075 -0.102846 0.147114 -0.616715 0.339903 -0.359382 0.420096 -0.716024 -0.360253 0.229980 0.074016 -0.196976 0.071112 -0.138400 -0.225926 0.633065 0.150092 0.332110 -0.530969 -0.780164 0.806093 0.566990 -0.289399 -0.215331 0.040244 0.334330 -0.131263
D00961 -0.272089 0.209966 -0.050873 0.229590 0.219004 -0.453740 -0.493102 -0.520818 0.272013 -0.024218 0.144783 -0.248547 -0.287797 -0.055765 -0.976962 -0.188725 0.348045 -0.152372 -0.055916 -0.337648 0.320515 -0.415646 -0.172138 -0.071402 -0.310591 -0.177327 0.637117 -0.092325 0.510112 -0.388671 -0.169843 -0.203150
D01441 -0.225078 0.167290 -0.187831 0.184427 0.749418 0.048790 -0.596133 -0.556350 -0.005134 0.381872 0.197184 -0.081739 -0.264665 0.108363 -0.837460 -0.068937 0.414660 -0.389774 0.308643 -0.049278 0.374844 -0.364143 0.013818 -0.355931 -0.334734 0.230648 0.284295 -0.237898 0.278749 -0.548811 -0.338240 0.020785
hsa6097 -0.636552 0.123563 0.106552 -0.516667 0.637217 0.370667 0.158915 -0.130820 -0.803699 0.084527 0.292147 -0.026401 -0.281265 0.046956 -0.784379 -0.339723 0.346149 -0.360812 0.158197 -0.121372 0.383524 -0.319466 -0.428206 -0.230747 -0.690955 0.657388 -0.198159 -0.036216 -0.252066 -0.235663 -0.321345 0.343473
hsa3174 -0.084760 0.566814 -0.224608 -0.476730 -0.371188 -0.264805 0.314756 -0.303989 0.059227 0.656910 -0.243372 -0.480987 -0.196664 -0.355289 0.040163 -0.145092 0.457260 -0.378740 -0.396726 -0.236126 0.345746 -0.069597 0.242660 -0.665586 -0.633462 0.682154 0.750069 0.043510 -0.338935 0.055873 -0.104944 0.385728
D00730 -0.826985 0.215220 0.445564 0.452005 -0.499374 0.187847 -0.047549 0.015972 -0.677662 0.362752 0.498332 0.041238 -0.337092 -0.075563 -0.344944 -0.407481 0.302735 -0.091314 0.109407 -0.582774 0.205024 0.148566 -0.107290 -0.440764 -0.816142 -0.018360 0.641260 -0.538061 -0.193417 -0.240451 -0.406219 -0.389698
D00596 -0.563711 0.129611 -0.362536 0.105147 -0.668402 0.051485 -0.295154 0.239435 0.188107 0.299545 -0.276505 -0.594413 -0.438468 0.115786 -0.603295 -0.377975 0.417315 -0.215379 0.049047 -0.303678 -0.355352 0.135791 0.874051 -0.640803 -0.497747 0.189009 0.315893 -0.213498 -0.009450 0.115809 -0.398645 0.176400
D00211 -0.862199 -0.544856 -0.725009 -0.135909 0.060397 -0.311018 -0.129314 -0.197647 -0.714146 -0.343017 0.247859 -0.194370 -0.116121 -0.089009 0.112002 -0.248776 -0.440936 0.087695 -0.199996 -0.108760 0.146294 0.081985 -0.263882 0.078198 -0.526296 0.768783 -0.333670 -0.583690 -0.071369 -0.166081 -0.079140 0.324817
D00586 -0.540280 0.106324 -0.095216 0.183972 0.282316 -0.381563 -0.201612 -0.243053 -0.097190 -0.303788 -0.037064 0.046661 -0.238164 0.095361 -0.642008 -0.602839 0.314865 0.009566 -0.098131 -0.454009 0.395048 -0.469310 -0.215463 0.282402 -0.555331 -0.315782 0.536417 -0.019097 0.364681 -0.020750 0.034198 -0.116529
D01115 -0.931200 -0.314427 -0.683128 0.121981 -0.239966 -0.819078 -0.624359 -0.453167 -0.092283 -0.517651 0.148112 -0.757323 -0.083919 0.253699 -0.057590 -0.319998 -0.586017 0.079484 0.203308 -0.330533 0.417644 -0.061190 0.204817 -0.060906 -0.226593 0.270660 0.195012 -0.205020 0.532108 0.218421 -0.160141 0.302217
hsa190 -0.584529 0.328252 -0.017087 -0.927513 0.303636 0.079884 0.652178 -0.214664 -0.477296 0.506519 0.464238 -0.111948 -0.482519 -0.094333 -0.166353 -0.573773 0.331388 0.103800 -0.288055 -0.075371 -0.047927 -0.369221 -0.173290 -0.388494 -0.692709 1.133564 -0.290238 0.215647 -0.604620 -0.140380 0.179505 0.848534
