hsa2099 -0.124796 -0.342275 0.092390 0.184769 -0.148928 0.375122 -0.058556 -0.504269 0.596869 0.218527 -0.176351 -0.526846 0.128477 0.191970 -0.271360 -0.005156 -0.463100 0.087669 -0.146779 -0.228350 -0.143654 -0.122599 -0.279758 -0.075523 0.096272 0.538288 0.156107 -0.243895 0.366688 0.001363 0.195485 -0.287100
D00094 -0.524265 0.141917 0.159142 -0.345866 0.325750 0.550277 -0.179430 -0.055524 -0.224600 -0.198305 -0.005742 -0.240483 -0.237646 0.183144 0.085864 0.011439 -0.091610 -0.141354 0.119812 -0.488643 0.206907 -0.015700 -0.134269 -0.611151 -0.369500 1.207858 0.053038 -0.472161 -0.198116 -0.080609 -0.141373 0.541261
D01132 -0.482232 0.049424 0.380856 0.036535 0.219316 0.461945 -0.222765 -0.041201 -0.047214 -0.199980 0.219847 -0.280492 -0.331495 0.035797 -0.065894 -0.157054 -0.006425 -0.056721 0.252245 -0.587690 0.191430 -0.124186 -0.039905 -0.555253 -0.443363 0.747034 0.126586 -0.705914 -0.001659 -0.145763 -0.179160 0.221056
hsa367 -0.030407 -0.237572 -0.173075 0.196422 0.270923 -0.020330 -0.284153 -0.399371 0.306194 -0.640045 -0.259282 -0.174545 -0.101617 0.044733 -0.161029 -0.103409 -0.461356 0.073853 -0.235191 -0.149354 0.396434 -0.458716 -0.338792 0.281108 -0.118648 0.129067 0.264769 -0.370963 0.507854 -0.009259 0.174944 -0.061247
D00577 -0.215918 -0.146824 0.084849 0.486318 -0.490463 0.239789 0.115013 -0.330416 0.495106 0.021472 0.082283 -0.472702 -0.273256 0.139235 -0.261878 -0.094282 -0.145943 0.079915 -0.203882 -0.182376 -0.318353 0.058196 -0.016206 -0.188123 -0.294611 0.560081 0.620286 -0.558277 0.274073 -0.243466 -0.112529 -0.140030
hsa5241 0.063003 -0.484154 -0.000917 0.144962 -0.103470 -0.000204 -0.221960 -0.224506 0.217822 -0.741297 0.005434 -0.165272 0.357743 -0.057002 0.156304 0.196265 -0.968599 0.013111 -0.462055 -0.345211 -0.029510 0.110817 -0.191592 0.197140 0.139463 0.445744 0.314391 -0.412443 0.110586 0.004845 0.156704 -0.407028
D00066 -0.132270 -0.671804 -0.221113 0.358326 -0.029248 -0.130627 -0.269119 -0.304831 0.449884 -0.340669 -0.389741 -0.295974 0.226371 -0.198273 0.243591 -0.000620 -0.570546 -0.025177 -0.290893 -0.068236 0.050615 -0.035077 -0.601750 0.070018 0.144811 0.292252 0.223764 -0.089183 0.341926 -0.182319 0.046136 0.139590
D00316 -0.423791 0.116314 -0.061263 -0.157799 0.136312 0.441550 -0.298628 -0.116300 -0.272124 0.007584 0.081115 -0.272480 -0.325172 0.124756 0.241213 -0.174176 -0.076809 0.101239 0.330701 -0.618227 0.117991 -0.302991 -0.037749 -0.622994 -0.512423 0.762696 0.242766 -0.704323 -0.207823 0.016527 -0.123190 0.320981
D00075 -0.049305 -0.706604 -0.216017 0.266927 0.125783 -0.263863 -0.356680 -0.409093 0.220659 -0.381962 -0.141004 -0.386304 0.050956 0.043569 0.116762 -0.087563 -0.745579 0.198521 -0.428274 -0.217877 0.046331 -0.094988 -0.422981 0.168065 0.046263 0.142820 0.253087 -0.367602 0.382783 0.081969 0.151846 -0.040926
hsa7421 -0.980783 -0.382306 -0.256062 0.230031 -0.047292 0.232785 -0.433075 0.238932 -0.180141 -0.350624 -0.331313 0.347549 -0.548231 -0.345468 0.569825 -0.207812 -0.372086 -0.150932 -0.229038 -0.389918 0.423552 0.040363 -0.221550 -0.327065 -0.300256 0.963875 -0.079865 0.041011 -0.266301 -0.114071 0.156166 0.721329
hsa2100 -0.136945 -0.115966 0.074239 0.096861 -0.555798 0.549008 0.022090 -0.643212 0.899581 0.193785 -0.121644 -0.403383 -0.052349 -0.096218 -0.490119 0.021534 -0.313476 0.045711 -0.135495 -0.260588 -0.468956 -0.408097 -0.362856 -0.002596 0.103679 0.607919 0.305238 -0.376276 0.196032 -0.230848 -0.008360 -0.118336
hsa5914 -0.369876 -0.062650 0.235929 -0.385613 0.128759 0.533988 -0.193507 -0.073257 -0.228021 0.010768 0.089861 -0.244432 -0.364289 -0.117266 0.248900 -0.083911 -0.062043 -0.012939 0.102030 -0.416779 0.142759 -0.335466 -0.302280 -0.434415 -0.426910 0.963147 0.022161 -0.641023 -0.274535 -0.052279 -0.091390 0.452814
D00585 -0.039151 -0.354862 -0.225375 -0.084799 0.201019 -0.141279 -0.198676 -0.264140 0.334698 -0.820032 -0.124381 -0.331092 0.201234 -0.183132 -0.051111 -0.075276 -0.889142 0.033095 -0.065058 -0.217730 0.203298 -0.183279 -0.189012 0.223295 0.053635 0.298734 0.160982 -0.401081 0.449182 0.078901 0.292846 -0.226874
hsa5915 -0.516891 0.027037 -0.125758 -0.260874 0.197698 0.540972 -0.165131 -0.213161 -0.355026 0.128057 -0.019882 -0.240483 -0.196507 0.228764 0.200265 -0.120057 -0.199265 0.073683 0.336299 -0.531767 0.287223 -0.115715 0.024716 -0.718079 -0.534960 0.955011 0.327579 -0.575415 -0.241054 0.145992 -0.067463 0.142787
D00088 -0.277299 -0.834880 -0.230330 0.068212 -0.028819 -0.330269 0.063246 -0.467323 0.019720 -0.636184 0.110303 -0.266811 0.239350 -0.283419 0.287684 -0.084173 -0.933964 0.088045 -0.216862 -0.137408 -0.303923 -0.189513 -0.582308 0.267918 -0.028316 0.141655 0.187037 -0.798274 0.370031 0.013126 -0.216135 0.125618
D00950 0.018267 -0.641706 0.118000 0.073828 0.140135 -0.021492 -0.510085 -0.475520 0.182044 -0.375830 0.125519 -0.483826 0.103140 0.121206 -0.020248 -0.011401 -0.899781 0.326361 -0.465633 -0.360969 0.038324 -0.042315 -0.327058 0.100030 0.165715 0.400095 0.080244 -0.268841 0.185145 0.152469 0.404561 -0.420732
hsa5916 -0.635912 0.142091 -0.093633 -0.047472 -0.002357 0.437021 -0.137397 -0.052874 -0.143220 -0.058276 -0.013969 -0.100552 -0.306169 0.049428 0.082543 -0.097983 -0.096959 -0.116167 0.151518 -0.496201 0.149024 -0.204275 0.139886 -0.589479 -0.687281 0.852634 0.130565 -0.562158 -0.109057 -0.125681 -0.095974 0.293434
D00327 -0.147358 -0.674660 -0.185142 0.112497 0.023091 -0.368647 -0.159311 -0.493798 0.461369 -0.262128 -0.219981 -0.521320 0.074465 -0.267895 0.065135 -0.181434 -0.642564 0.114461 -0.191556 -0.108429 -0.000233 -0.370181 -0.498283 0.128853 0.085313 0.162936 0.114398 -0.231205 0.557659 0.024533 0.142030 0.197654
D00565 -0.577402 -0.046791 0.182167 0.371262 0.127112 0.411886 -0.335234 -0.452614 -0.080955 -0.042344 0.101653 -0.259650 -0.606139 0.334256 -0.308055 -0.246301 -0.003695 0.229344 0.102234 -0.429698 0.175684 -0.409728 -0.169487 -0.296895 -0.531679 0.417197 0.373492 -0.549692 0.252692 -0.123169 -0.153771 -0.048716
D00954 0.118448 -0.719567 0.089133 0.087850 0.043576 -0.027006 -0.453389 -0.340917 0.247987 -0.200058 0.021307 -0.490025 0.140005 0.065873 -0.152508 -0.038208 -0.937353 0.171541 -0.564705 -0.456593 -0.006900 0.078614 -0.204196 0.159463 0.027551 0.500353 0.004176 -0.196923 0.196445 0.165936 0.483380 -0.504806
hsa2908 -0.216827 -0.573786 -0.142750 -0.123594 -0.071040 -0.287424 0.349931 -0.421772 0.018533 -0.837926 0.106660 -0.103228 0.205130 -0.411638 0.214106 0.154906 -0.959081 0.023186 -0.287108 -0.050936 -0.376718 -0.470173 -0.606527 0.320047 -0.144365 0.315013 0.190010 -0.899322 0.268061 -0.117160 -0.149839 0.088001
hsa5465 -0.507910 -0.141509 0.106021 0.272044 0.083538 0.435795 -0.917548 -0.381581 -0.155810 0.082626 0.015187 -0.315683 -0.791384 0.444579 -0.351746 -0.236002 0.050875 0.254881 -0.144947 -0.559713 0.320718 -0.290881 0.090322 -0.498417 -0.421372 0.642539 0.313267 -0.391915 0.105801 0.021188 -0.181549 0.231941
D00143 -0.351526 -0.488065 -0.495000 0.292065 -0.035721 -0.166345 -0.370257 -0.004592 0.095856 -0.533968 -0.485622 -0.221717 -0.122816 -0.211885 0.567165 0.147659 -0.506048 0.153641 -0.263378 -0.007451 0.215877 0.355722 -0.514444 -0.416549 0.260709 0.347068 0.364596 0.084801 0.048607 -0.182331 0.007184 0.122899
D00279 -0.516298 0.037137 -0.015513 0.102652 0.026725 0.253035 -0.719973 -0.292485 0.012121 -0.371741 0.008017 -0.362675 -0.859487 0.175730 0.009494 -0.428512 0.193214 0.463062 -0.193606 -0.583239 0.445599 -0.316472 -0.066110 -0.560553 -0.489551 0.367151 0.404190 -0.357553 -0.114636 0.060562 -0.081644 0.378788
hsa6257 -0.420440 0.339655 0.177339 -0.089603 -0.013570 0.215201 -0.183160 -0.269720 0.179585 0.012124 0.036002 -0.139742 -0.037341 0.029340 0.116371 -0.013656 0.017524 -0.120836 0.297497 -0.778823 0.148426 -0.288795 0.130010 -0.788657 -0.570979 0.959080 0.359881 -0.450493 -0.111837 -0.127320 0.000530 0.493096
D00105 -0.113821 -0.165190 -0.214119 0.024755 -0.404380 0.453925 -0.113388 -0.735812 0.973604 0.073652 -0.245877 -0.796995 0.129171 0.024564 -0.451315 -0.036304 -0.538504 0.290752 -0.020970 -0.184065 -0.343211 -0.285704 -0.392506 -0.184751 0.249902 0.473685 0.222505 -0.250553 0.201794 0.005920 0.059572 -0.232586
D00951 -0.081065 -0.733747 -0.221962 0.207204 0.078785 -0.171865 -0.255128 -0.390806 0.276929 -0.618322 -0.206101 -0.311899 0.403824 0.011437 0.235127 -0.016128 -0.886494 -0.084981 -0.341416 -0.127257 0.072734 0.060430 -0.504745 0.436602 0.050338 0.298046 0.206295 -0.345268 0.436170 0.007523 0.082942 0.035672
D00187 -0.942665 -0.305549 -0.009750 0.209015 -0.082079 0.354002 -0.445284 0.193623 0.070016 -0.083577 -0.329846 0.298370 -0.391244 -0.460705 0.556714 -0.189925 -0.275167 -0.260251 -0.202131 -0.517934 0.352792 -0.089464 -0.303993 -0.379497 -0.313472 1.192513 -0.084226 0.150478 -0.349565 -0.254637 0.277880 0.724214
D00129 -0.752338 -0.325163 -0.136316 0.094357 -0.048755 0.255545 -0.476834 0.330749 0.061974 -0.297400 -0.454473 0.160686 -0.278292 -0.568987 0.513225 -0.014272 -0.402372 -0.313556 -0.297969 -0.378884 0.524828 -0.050690 -0.270421 -0.212843 -0.208563 1.098516 -0.187072 0.226957 -0.234677 -0.187810 0.324087 0.565358
D01294 -0.031381 -0.653404 0.147996 0.137672 -0.022436 0.148571 -0.422185 -0.308541 0.322347 -0.288236 -0.002203 -0.247403 0.277020 0.038232 -0.135432 -0.094304 -0.888257 0.083540 -0.491888 -0.357461 -0.006487 -0.120816 -0.151033 0.300782 0.150989 0.539544 -0.015631 -0.182839 0.174054 0.011939 0.377052 -0.393589
hsa4306 -0.265641 -0.244527 -0.249472 -0.075150 0.058239 -0.695910 -0.004358 -0.537288 0.297123 -0.924414 -0.072019 -0.374858 0.459667 -0.197702 0.418902 0.001774 -0.778053 -0.049537 0.082741 -0.186336 0.269632 -0.290389 -0.153336 0.084059 0.004391 0.335067 0.390124 -0.337891 0.589181 0.111401 0.107327 0.341342
D00299 -0.745500 -0.387745 -0.085700 0.048344 -0.167718 0.471654 -0.442131 0.246493 -0.173975 -0.015888 -0.325271 0.175504 -0.466726 -0.328649 0.487252 -0.025264 -0.329984 -0.374247 -0.239120 -0.309096 0.235222 -0.099927 -0.286715 -0.102720 -0.219917 1.160225 -0.196307 -0.122283 -0.242717 -0.053266 0.056649 0.849984
hsa5468 -0.264706 -0.118409 -0.269712 -0.026661 -0.106126 0.827060 -0.770741 -0.158034 -0.164068 0.311707 -0.152785 -0.621753 -0.608838 0.438760 -0.432374 -0.007290 -0.129557 -0.199325 0.015020 -0.232956 0.075306 0.033249 0.408275 -0.481014 -0.270239 0.967239 0.222491 -0.663801 0.188895 0.191690 -0.323929 0.346964
D02217 0.129949 -0.116741 -0.153361 -0.025431 -0.151784 0.440048 -0.312107 -0.639214 0.670387 0.065288 -0.126182 -0.676846 0.030231 0.190630 -0.439818 0.018678 -0.229639 -0.030655 0.238205 -0.067824 -0.265596 -0.317531 -0.157688 -0.236573 0.141970 0.507613 0.274913 -0.512575 0.524662 -0.187459 -0.138576 0.192983
hsa6096 -0.550724 0.351376 0.281838 -0.146700 0.396584 0.756339 -0.182744 -0.255768 -0.042835 -0.462196 0.182267 -0.181989 -0.018894 0.210206 -0.309611 0.277502 -0.219490 -0.307784 0.199035 -0.327638 0.132123 0.170042 -0.032509 -0.616714 -0.341773 1.075573 -0.107646 -0.486476 -0.098400 -0.258319 -0.239651 0.151924
D00188 -0.843272 -0.593491 -0.224840 0.201835 -0.030640 0.337405 -0.478879 0.140800 -0.103441 -0.018161 -0.433465 0.371497 -0.195709 -0.410708 0.433470 -0.011054 -0.502032 -0.262658 -0.156792 -0.188729 0.285959 0.079310 -0.391270 -0.319879 -0.047817 1.077512 -0.156335 0.175015 -0.111697 -0.347456 0.178288 0.478558
hsa6256 -0.508705 0.211020 0.161153 -0.114682 0.050081 0.340591 -0.080329 -0.159362 0.004624 -0.089471 0.110971 -0.151528 -0.202102 0.062252 0.095429 -0.130844 -0.076829 -0.083593 0.184660 -0.628264 0.125986 -0.161221 -0.025753 -0.572191 -0.627265 0.883958 0.177048 -0.443762 -0.259292 -0.067847 -0.002351 0.322592
D01217 -0.022773 -0.695435 -0.287078 0.462098 -0.019984 -0.212334 -0.370558 -0.080636 0.266632 -0.650450 -0.201199 -0.225239 0.224294 0.044689 0.387673 -0.006765 -0.782779 -0.029733 -0.452881 -0.238657 0.171428 0.467311 -0.342098 0.059496 0.045395 0.297174 0.462645 -0.231935 0.225695 -0.030185 0.115687 -0.148032
D00182 0.215672 -0.669508 0.019491 -0.066443 0.199063 -0.217483 -0.376049 -0.481278 0.376266 -0.458966 -0.060564 -0.415426 0.259556 -0.027819 -0.081305 -0.108695 -0.958011 0.168696 -0.596359 -0.408227 0.011306 -0.303869 -0.328150 0.333310 0.038757 0.416936 -0.027072 -0.282527 0.297437 0.130056 0.462808 -0.165620
D00067 -0.126839 -0.027210 -0.354746 -0.054704 -0.393050 0.302069 -0.098727 -0.606809 1.022974 -0.105174 -0.338764 -0.790777 0.140190 0.102726 -0.320445 -0.183037 -0.499253 0.363742 -0.120263 -0.368018 -0.203683 -0.175362 -0.219064 -0.295157 0.089444 0.428632 0.178383 -0.116426 0.015672 0.159775 0.290337 -0.241292
D04066 -0.192130 -0.105469 -0.112560 0.065869 -0.492082 0.472219 0.032004 -0.616345 0.935666 0.014799 -0.165705 -0.481407 0.182124 -0.125994 -0.470697 -0.068421 -0.614443 0.244778 0.079630 -0.268698 -0.329505 -0.242025 -0.305341 -0.150066 0.092043 0.515164 0.238604 -0.289749 0.172889 -0.137619 0.212244 -0.500339
D00312 -0.277854 -0.066931 -0.319919 -0.035980 -0.284577 0.322121 -0.199390 -0.712311 0.902248 -0.177303 -0.218228 -0.913412 0.161803 0.217030 -0.252789 -0.282839 -0.534694 0.554479 -0.008695 -0.379114 -0.125955 -0.035397 -0.368409 -0.307536 0.151271 0.311051 0.168739 -0.066051 -0.005097 0.191671 0.305178 -0.435362
D00930 -1.043314 -0.373180 -0.122107 0.131126 -0.186086 0.289053 -0.411097 0.159527 0.091119 -0.148539 -0.319183 0.172588 -0.243962 -0.483354 0.618225 -0.109163 -0.333891 -0.375490 -0.108447 -0.303933 0.146966 0.050898 -0.322830 -0.321023 -0.092036 1.277483 -0.196288 0.203806 -0.212530 -0.310400 0.095099 0.950377
D01441 0.032991 0.005014 0.134254 -0.112111 0.298857 0.393048 -0.516994 -0.475469 0.202452 -0.025397 -0.049979 0.027218 0.070439 0.034972 -0.615712 0.302262 -0.241156 -0.276281 0.459400 -0.185386 -0.087188 -0.328572 0.050240 -0.709794 0.028812 0.775272 0.229858 -0.868894 0.536419 -0.578927 -0.407632 0.256722
D01115 -0.412825 -0.480539 -0.252948 0.035620 0.054134 -0.683356 -0.147714 -0.563658 0.306483 -0.857961 0.087559 -0.439751 0.576182 -0.204401 0.426775 -0.142574 -0.813905 -0.105355 0.143913 -0.098654 0.021385 -0.162443 -0.244929 0.119565 0.136283 0.314328 0.198237 -0.393177 0.686634 -0.036894 -0.044972 0.511248
D00898 -0.325191 -0.366100 0.162646 0.578530 -0.297518 0.510425 -0.100150 -0.032869 0.336170 0.193174 0.037101 -0.466672 -0.232377 0.106615 -0.351659 -0.218871 -0.264033 -0.156811 -0.021781 -0.368590 -0.165422 0.025946 0.113851 -0.041014 -0.279394 0.456449 0.213754 -0.549841 0.456070 -0.010169 0.049633 -0.293117
D00554 -0.183276 -0.176226 -0.135822 -0.182877 -0.270095 0.274471 -0.050864 -0.727402 0.852579 0.056188 -0.224372 -0.720588 0.256598 -0.022931 -0.331051 -0.155066 -0.448050 0.324378 0.150536 -0.319946 -0.277808 -0.235404 -0.482822 -0.298085 0.172525 0.459472 0.155463 -0.192426 0.136553 0.051359 0.178726 -0.148096
hsa8856 -0.615946 -0.254718 -0.333871 0.346499 0.072550 -0.013599 -0.351536 0.010173 -0.220693 -0.455130 -0.203090 -0.094389 -0.400045 0.053886 0.217671 -0.055817 -0.168138 0.363318 -0.081259 -0.225659 0.260761 0.607952 -0.102634 -0.935455 -0.220500 0.449889 0.606549 -0.187970 -0.097014 -0.297329 -0.190207 -0.103124
D00348 -0.492358 -0.021139 0.315446 -0.307838 0.186921 0.639001 -0.311722 0.073753 -0.273779 0.017428 0.061037 -0.231419 -0.291426 0.012090 0.284355 -0.066010 -0.141945 -0.137775 0.059015 -0.507442 0.349839 -0.158305 -0.108218 -0.382015 -0.417612 1.230442 -0.046454 -0.454577 -0.328827 0.064979 0.022362 0.482339
D00443 -0.222385 -0.464827 -0.426128 0.208297 0.039971 -0.565175 -0.129432 -0.270147 0.335216 -0.834088 -0.213877 -0.478711 0.471949 -0.041004 0.574187 -0.086228 -0.688265 -0.059776 0.012207 -0.160870 0.285317 0.208519 -0.202281 -0.141311 0.118493 0.282874 0.524353 -0.269530 0.499578 0.114702 -0.011743 0.325030
hsa2104 -0.246480 0.011601 0.203503 0.087823 -0.478478 0.198929 0.365103 -0.500873 0.178296 0.035574 0.158090 -0.413027 -0.167657 0.189895 -0.054428 0.104701 -0.126498 0.096516 -0.242965 -0.279427 -0.429348 -0.306792 -0.173025 -0.119575 -0.429847 0.660992 0.574828 -0.633675 0.040683 -0.009255 -0.164253 0.086006
D00690 0.045242 -0.674712 -0.101051 -0.062109 -0.068685 -0.020343 -0.003144 -0.478618 0.002084 -0.986487 0.256755 -0.136642 0.294223 -0.224653 0.235124 0.113311 -1.179414 0.092161 -0.522757 -0.291636 -0.429994 -0.252491 -0.584237 0.335003 0.083931 0.318043 0.002442 -0.884094 0.031879 -0.016535 -0.154298 -0.194235
D02367 0.179040 -0.765191 0.165752 0.000206 -0.000864 0.039425 -0.435337 -0.376114 0.233519 -0.112895 -0.014734 -0.543541 0.350412 0.021065 0.169288 0.015558 -0.962896 0.101323 -0.470779 -0.368074 0.027872 -0.102698 -0.395981 0.251671 0.061849 0.641747 0.044486 -0.154878 0.162632 0.073776 0.505184 -0.400454
hsa6097 -0.373304 0.133895 0.203254 -0.324357 0.574506 0.792737 -0.366139 -0.055791 -0.111071 -0.418375 -0.147014 -0.279307 -0.277437 0.298360 -0.330902 0.219683 -0.215686 -0.206220 0.070003 -0.072365 0.217633 0.240870 -0.314644 -0.602335 0.163632 1.279916 -0.008046 -0.251817 -0.034678 -0.367188 -0.326587 0.412211
hsa2103 -0.053541 -0.078308 0.437883 0.377029 -0.446170 0.104186 0.428308 -0.439855 0.497829 0.120341 0.147732 -0.492551 -0.187229 0.216955 -0.129816 -0.009550 -0.135744 0.021463 -0.320350 -0.412883 -0.350012 -0.298430 -0.129715 -0.069113 -0.507508 0.751354 0.818237 -0.634331 0.207837 -0.067862 0.046443 -0.048784
D01689 -0.162647 -0.691810 -0.112973 -0.105202 0.001282 -0.181978 0.342162 -0.541228 -0.100000 -0.898488 0.151669 -0.096883 0.283891 -0.288046 0.227341 0.126913 -1.129621 -0.083158 -0.454193 -0.215620 -0.395424 -0.320547 -0.756194 0.498522 -0.314591 0.366700 0.016670 -1.044518 0.296180 -0.114242 -0.242170 0.040520
D00961 -0.127746 -0.118196 -0.037274 0.518091 0.140425 0.263226 -0.173932 -0.276486 0.385596 -0.426565 -0.215382 -0.196803 -0.423517 0.011468 -0.443410 -0.036725 -0.145021 -0.125788 -0.026814 -0.185055 0.225407 -0.347291 -0.336995 -0.026249 -0.215002 0.058818 0.379208 -0.667134 0.704498 -0.348545 -0.220384 -0.114712
D00040 -0.514609 -0.695143 -0.336436 0.245501 -0.197669 0.167354 -0.544563 0.025719 0.171324 -0.220580 -0.593755 0.032988 -0.017675 -0.574380 0.523276 0.108076 -0.606436 -0.094851 -0.422302 -0.083373 0.306706 -0.046156 -0.644347 0.055794 0.148782 0.639581 -0.117749 0.326827 0.007657 -0.302979 0.226563 0.143963
hsa6095 -0.261877 0.169914 -0.016560 -0.263515 0.469525 0.698472 -0.568587 -0.276653 -0.079032 -0.214113 -0.127835 0.103395 -0.056096 0.051002 -0.578731 0.285256 -0.327251 -0.276735 0.340509 -0.249218 0.142168 -0.252454 0.035723 -0.719236 -0.171472 0.903110 -0.079720 -0.768135 0.165921 -0.452764 -0.406489 0.219003
hsa6258 -0.448391 0.052722 0.260684 -0.080452 0.346344 0.311305 -0.105286 -0.091817 -0.412581 -0.004815 0.237180 -0.169168 -0.361813 0.311374 0.229806 -0.211555 -0.119273 -0.092876 0.168594 -0.659089 0.120262 -0.156810 -0.160895 -0.495862 -0.634316 1.133182 0.309462 -0.443539 -0.112882 -0.201418 0.111449 0.347519
D00730 -0.675274 -0.277639 -0.003966 0.516261 -0.170267 0.211921 -0.415808 -0.038575 -0.180376 -0.362467 0.079981 -0.259436 -0.771407 0.219126 0.129104 -0.284466 0.076148 0.385793 -0.359494 -0.382950 0.038090 0.356304 -0.071470 -0.637228 -0.355170 0.418441 0.635413 -0.413346 -0.104931 -0.148955 -0.310077 0.073620
D01387 -0.262734 -0.707043 -0.347142 0.014608 -0.266239 -0.207680 0.403741 -0.525761 0.143862 -0.902526 0.037251 -0.029234 0.317499 -0.454735 0.306500 0.052658 -1.167940 0.091522 -0.434445 -0.217086 -0.448002 -0.337380 -0.826208 0.449604 -0.251336 0.231548 0.217108 -0.899093 0.149306 -0.086767 -0.145339 -0.082295
D00586 -0.190433 0.085511 0.040625 0.262518 0.312968 0.201902 -0.268114 -0.280229 0.365512 -0.851091 -0.276379 -0.194951 -0.411147 0.039657 -0.343153 -0.225558 -0.279967 0.315725 -0.193392 -0.365580 0.492786 -0.510209 -0.342711 0.111157 -0.161355 0.045693 0.262583 -0.436509 0.391277 -0.073475 0.136628 -0.247663
D00462 -0.195876 -0.507179 -0.241661 0.309416 0.049295 -0.127334 -0.401391 0.007044 0.349582 -0.532834 -0.581313 -0.057322 -0.333394 -0.508414 0.310287 -0.004725 -0.570323 0.059898 -0.347585 -0.161217 0.519367 -0.237312 -0.631586 -0.003789 0.159198 0.281382 0.202147 0.009824 0.284955 -0.064580 0.318466 0.128368
D00596 -0.350229 0.145548 -0.369564 0.365041 -0.419017 0.874391 -0.442571 0.000680 0.141895 -0.024355 -0.166817 -0.604777 -0.596586 0.378479 -0.288410 -0.070135 -0.108029 -0.226707 -0.201547 -0.253757 -0.151381 0.098400 0.366720 -0.004956 -0.391657 0.724704 0.266786 -0.702011 0.200833 0.171356 -0.202946 0.126693
D05341 0.170858 0.108053 -0.592697 -0.290780 -0.705153 0.191850 0.067734 0.227460 0.700449 0.179069 -0.808864 -0.678297 -0.268641 -0.542958 -0.200918 0.403728 -0.416486 -0.369350 -0.322871 -0.282944 0.324634 -0.197681 0.364833 -0.620716 -0.285508 0.920236 0.447936 -0.313630 0.112665 0.213995 0.255764 0.224962
D00965 -0.421589 0.163517 -0.737750 0.027361 0.083314 0.300659 -0.154061 -0.467512 0.433385 -0.707666 -0.467516 -0.105133 -0.111448 0.128999 -0.116562 -0.421293 -0.474189 0.322509 0.059673 -0.294311 0.448126 -0.568196 -0.231275 0.240431 -0.265004 -0.006285 0.138993 -0.229029 0.181278 0.176009 0.236532 -0.214019
D00163 -0.113993 -0.400144 -0.334070 -0.023553 -0.209488 -0.152866 -0.284459 0.365671 0.166840 -0.388394 -0.668523 -0.108679 -0.247299 -0.724208 0.544453 0.218719 -0.597262 -0.118931 -0.435816 -0.253086 0.687277 -0.084266 -0.267343 -0.301017 -0.085834 0.634876 0.206076 0.059340 -0.010815 0.018130 0.447721 0.097478
D00506 -0.899094 0.294315 -0.956685 0.203262 -0.148809 0.802650 -0.454349 0.071756 0.115653 -0.885230 -0.295090 -0.307083 -0.533352 0.097528 0.117521 -0.506148 -0.142638 0.163990 -0.141713 -0.439416 0.181202 0.160556 -0.027944 -0.080584 -0.546658 0.085035 -0.220485 -0.395720 -0.330485 0.035595 -0.215922 -0.024170
D00246 -0.139963 -0.705207 -0.299092 -0.215755 -0.103992 -0.102320 0.262746 -0.525945 0.052861 -1.046370 0.151291 -0.134580 0.224494 -0.467677 0.144517 0.142720 -1.222861 0.068221 -0.399438 -0.123602 -0.587437 -0.361298 -0.720091 0.269720 0.073315 0.254641 -0.010401 -1.066089 0.143746 -0.014714 -0.301742 0.077101
D00956 -0.024534 -0.502378 -0.179781 0.325465 0.127593 -0.107042 -0.525429 -0.354608 0.459191 -0.615705 -0.235442 0.048847 0.103438 -0.063618 -0.043588 -0.200909 -0.617564 0.105428 -0.472221 -0.313433 0.319816 -0.321044 -0.251451 0.314690 -0.048898 0.194723 0.278116 -0.177434 0.320764 -0.147392 0.201062 -0.092956
D00627 -0.053615 -0.186829 -0.515690 -0.085754 -0.173862 0.904982 -0.661949 -0.236096 0.037135 0.434576 -0.347918 -0.461219 -0.552191 0.223682 -0.491541 0.070906 -0.231492 -0.310230 0.220546 -0.184494 -0.149925 -0.155880 0.231049 -0.504316 -0.113991 0.810821 0.074846 -0.732348 0.339330 -0.007698 -0.271281 0.386703
hsa3174 0.046790 0.084965 -0.172084 -0.388943 -0.496498 -0.161488 0.322495 0.064011 0.431115 0.171229 -0.388786 -0.566893 -0.197564 -0.411863 -0.068398 0.296893 -0.202612 -0.177671 -0.203422 -0.453675 0.226894 -0.161824 0.304239 -0.905045 -0.526331 0.968704 0.716699 -0.448115 -0.004562 0.134558 0.129335 0.298511
D00962 -0.151369 -0.061056 -0.283373 0.373821 -0.412802 0.568610 -0.159009 0.131968 0.508088 -0.102538 -0.226737 -0.765401 -0.294358 0.121548 -0.430053 0.059948 -0.273733 -0.440523 -0.090239 -0.098211 -0.183524 0.320877 0.482773 -0.394240 -0.054300 0.700823 0.216322 -0.631325 0.474225 0.019465 -0.234138 0.125896
hsa2101 -0.145905 0.280852 0.518731 0.389134 -0.313503 0.013874 -0.014862 -0.626749 0.586039 -0.230408 0.255766 -0.232747 0.150804 0.194639 0.209050 0.157616 -0.132696 -0.049968 -0.267055 -0.538134 -0.239616 -0.581889 -0.246255 0.204706 -0.272093 0.699076 0.466474 -0.247850 0.151386 -0.213876 0.085687 0.294980
hsa9970 -1.045624 0.168225 -0.769256 0.155430 -0.111866 0.637832 -0.573592 0.195181 -0.048059 -0.841096 -0.357494 -0.137386 -0.578160 -0.170109 0.339615 -0.349160 -0.139120 0.093961 -0.173697 -0.409699 0.189127 0.170949 -0.196394 -0.327928 -0.483379 0.335129 -0.279492 -0.229507 -0.456054 -0.169648 -0.220355 0.283141
D01161 -0.075566 -0.176653 -0.168896 -0.233373 -0.650251 0.259440 0.127761 -0.561910 0.860511 0.357782 -0.269636 -0.521946 0.067716 -0.278713 -0.410125 0.084692 -0.475785 0.110259 -0.090170 -0.212078 -0.223522 -0.313851 -0.226352 -0.249033 0.055402 0.763035 0.385604 -0.157947 0.073473 -0.008565 0.194967 -0.030002
D00211 -0.323203 -1.058577 -0.804725 0.004530 -0.046417 -0.400264 0.087615 -0.384010 -0.004667 -0.971562 -0.385352 0.142895 0.518602 -0.644538 -0.175960 0.111067 -1.326323 -0.404064 -0.188199 -0.176353 -0.056822 0.262709 -0.570044 0.420678 -0.614940 0.176130 0.255168 -1.094906 0.890860 -0.425427 -0.417734 -0.125131
hsa190 -0.267934 0.275521 -0.137835 -0.717461 0.325015 0.310288 -0.065193 -0.074804 -0.308001 -0.473365 -0.237947 -0.235317 -0.689512 0.180491 -0.106201 0.013962 0.120065 -0.051126 -0.056233 -0.348475 0.400508 -0.292313 -0.049558 -0.789570 -0.637249 1.195187 0.289316 -0.677496 0.004653 -0.056664 -0.192850 0.988217
hsa9971 -1.252370 -0.226072 -0.721110 0.226417 0.002119 0.486271 0.105042 0.005206 -0.768319 -0.044298 -0.416168 0.804056 -0.244559 -0.021566 0.486645 0.005748 -0.615355 -0.047800 0.260637 -0.391953 0.437741 0.145781 0.001310 -0.662991 -0.832987 1.023005 0.340513 -0.414337 -0.269247 -0.121604 0.045841 -0.041037
