hsa2099 -0.431175 -0.159470 -0.075587 0.341324 -0.215750 0.310333 -0.313694 0.054249 0.261383 -0.092866 -0.080310 -0.474501 -0.022787 0.366931 -0.148653 -0.275623 -0.209777 0.254787 -0.137875 -0.242284 -0.042204 0.120569 0.080315 0.087462 -0.075747 0.567430 0.339331 -0.112288 0.348013 0.280447 0.093720 -0.373503
D00094 -0.193782 0.435824 0.451739 -0.147776 0.705512 0.094640 -0.089753 0.074518 -0.478706 0.407143 0.324585 -0.059989 0.116024 0.731803 0.107863 0.083631 0.134614 0.135894 0.271709 -0.285203 0.315689 0.028510 -0.053897 0.284318 -0.206060 1.066484 0.266993 0.124583 -0.168360 0.393704 0.328330 0.140905
hsa5241 -0.198772 -0.600057 0.142157 0.200505 -0.241267 0.156538 -0.489355 0.131170 0.033321 -0.351451 0.092982 -0.554205 0.179893 0.106332 0.085201 -0.017295 -0.895522 -0.084144 -0.318250 -0.322287 0.148665 -0.117598 0.024843 0.213924 -0.117877 0.511172 -0.127680 -0.342583 0.110071 0.520175 0.212935 -0.464582
D01132 -0.183677 0.267929 0.406724 0.151706 0.573816 0.026021 -0.052426 0.047017 -0.325042 0.291400 0.187840 -0.115227 0.144488 0.457662 -0.099272 -0.059874 0.250724 0.177445 0.427643 -0.264426 0.264639 -0.208098 -0.086303 0.008075 -0.232979 0.603991 0.597502 -0.340765 0.219607 0.288895 0.035266 -0.055273
D00577 -0.657065 0.232221 0.154997 0.475336 -0.027508 0.288180 0.109501 -0.244664 -0.057020 -0.045534 0.198604 -0.394300 -0.041507 0.521503 -0.340802 -0.208029 0.160895 0.039289 -0.159385 -0.179198 0.187541 -0.046385 -0.010813 0.339730 -0.388172 0.385670 0.662113 -0.004435 0.275706 0.082003 -0.271882 -0.301253
D00066 -0.258145 -0.374440 -0.124351 0.241299 -0.133361 0.193680 -0.488526 0.021210 0.102995 -0.326668 -0.116167 -0.343809 0.217351 0.245118 -0.120614 0.147837 -0.616814 -0.151717 -0.043444 -0.314952 0.333872 -0.067029 0.069839 0.030121 0.037247 0.519023 0.119853 -0.106962 0.245790 0.128984 0.126946 -0.241268
hsa367 -0.158695 -0.382912 0.101875 0.182384 0.084001 0.235191 -0.065116 -0.067583 0.269879 -0.318881 -0.184339 -0.289394 0.021638 0.047855 -0.581779 0.351744 -0.637444 -0.135723 -0.137666 -0.290593 0.357422 -0.388289 0.283540 -0.048514 -0.153153 0.520250 0.362737 -0.315163 0.564990 0.062771 0.076002 -0.434483
hsa7421 -0.396583 -0.062134 0.545065 0.131675 0.417945 0.443881 -0.199873 0.645623 -0.446216 0.195512 0.044976 0.344188 0.261127 0.261108 -0.071649 0.266756 -0.265246 -0.757675 0.194350 -0.549689 0.528435 -0.138649 0.138255 0.118705 -0.566325 1.047489 -0.246122 0.074366 -0.565899 0.089268 0.035552 0.324666
D00075 -0.211404 -0.373805 -0.102835 0.167411 0.037245 0.156044 -0.306205 0.100291 0.027141 -0.544972 -0.194261 -0.386239 0.242408 0.264984 -0.265212 0.229125 -0.788421 -0.276651 -0.149140 -0.382761 0.388033 -0.026672 0.123403 -0.062985 -0.128788 0.413282 -0.052407 -0.181218 0.267427 0.238750 0.192396 -0.339319
D00316 -0.058113 0.372346 0.540782 0.123869 0.700338 -0.172907 -0.064832 0.368490 -0.428311 0.324165 0.159777 -0.125018 0.202350 0.468090 0.249158 -0.011956 0.312322 0.301433 0.250195 -0.322039 0.385721 -0.230261 -0.117632 0.084135 -0.435330 0.546966 0.540526 -0.352376 -0.016866 0.433986 0.334138 -0.075531
hsa2100 -0.773270 -0.020319 -0.136026 0.301748 -0.198988 0.469170 0.212098 -0.229269 0.399134 0.163227 -0.042446 -0.458216 -0.036020 0.082389 -0.243706 -0.434652 -0.008690 0.281216 -0.008795 -0.178199 -0.126300 -0.142011 -0.154958 0.292563 -0.132569 1.081911 0.770139 0.008565 0.293199 0.305116 -0.085997 -0.257265
hsa2908 -0.265157 -0.466381 0.051058 -0.065721 0.039400 0.171475 -0.125734 0.073399 -0.012051 -0.628996 0.291858 -0.611475 0.240959 0.034219 -0.145730 0.519707 -0.925589 -0.318560 0.059489 0.165809 -0.210789 -0.283067 -0.131576 0.315380 -0.138359 0.702599 0.330014 -0.905958 0.299673 0.406281 0.109731 -0.157855
D00327 -0.179316 -0.368114 0.004951 0.189219 -0.081832 0.134270 -0.348281 -0.147368 0.192336 -0.405620 -0.063076 -0.666278 0.134998 0.319392 -0.287393 0.201187 -0.596770 -0.326817 -0.174820 -0.140870 0.154699 -0.187435 0.113617 0.025361 0.012944 0.521932 0.199979 -0.387714 0.576663 0.202028 0.085530 -0.235575
D00088 -0.318104 -0.469561 -0.075515 -0.053432 0.057737 -0.022379 -0.220933 -0.015790 -0.054752 -0.632608 0.207851 -0.655577 0.260107 0.226426 -0.298363 0.323590 -0.858853 -0.395835 -0.211434 -0.151813 0.140899 -0.167363 -0.056916 0.150620 -0.280101 0.431384 0.101328 -0.700644 0.366375 0.297759 -0.116553 -0.047731
D00585 -0.106138 -0.325684 0.147361 0.302054 -0.256438 0.115606 -0.308977 0.068325 0.197837 -0.517870 0.013283 -0.613178 0.128862 0.196016 -0.171467 0.281726 -0.829276 -0.334310 -0.119066 -0.086389 0.128221 -0.392521 0.233346 0.285115 0.066024 0.530272 0.242713 -0.686489 0.551957 0.333933 0.174545 -0.336618
hsa5914 -0.103046 0.318738 0.736349 0.247079 0.568911 0.016752 -0.155140 0.193351 -0.536962 0.492579 0.148538 -0.073604 0.066479 0.444414 -0.140230 -0.015806 0.281697 0.163777 0.259728 -0.085046 0.280994 -0.140040 -0.062322 0.454634 -0.285785 0.660310 0.550116 -0.268022 0.212208 0.323444 0.358651 -0.035664
hsa8856 -0.614703 -0.208973 0.065856 0.220311 0.562482 0.131433 -0.201064 0.326112 -0.325375 -0.566759 0.400132 -0.030425 0.483365 0.265564 -0.006045 0.095627 -0.499702 -0.158650 0.497560 -0.379390 0.399324 0.365660 -0.036817 -0.022715 -0.414610 0.157600 0.070816 -0.097857 -0.183091 0.008252 -0.226059 -0.094951
hsa5916 -0.197711 0.256226 0.479165 0.194603 0.576684 0.185132 0.044209 0.346820 -0.568695 0.357979 0.014309 0.144959 0.078493 0.474862 0.137920 0.057950 0.146169 0.003806 0.298964 -0.233274 0.259443 0.007294 0.008364 0.054098 -0.423172 0.760820 0.352299 -0.046800 -0.091661 0.346757 0.279773 -0.160359
hsa5915 -0.067364 0.324884 0.444924 -0.029106 0.812706 0.019235 -0.029642 0.221971 -0.571066 0.348984 0.115933 -0.013314 0.201067 0.322338 -0.151575 0.054704 0.216027 0.204070 0.428051 -0.229223 0.290128 -0.030379 0.018985 0.087127 -0.325650 0.739155 0.537367 -0.176368 0.077720 0.460821 0.332681 -0.175811
D00143 -0.090707 -0.290698 0.165142 0.292780 0.358026 0.127973 -0.625358 0.187489 -0.024143 -0.400201 0.133556 -0.217459 0.499828 0.298603 0.048006 0.298598 -0.765884 -0.085115 0.262286 -0.466585 0.599203 0.191751 0.166942 -0.082009 0.052474 0.355573 -0.111372 -0.001040 0.157714 0.049086 0.393275 -0.293056
hsa6256 -0.085991 0.423263 0.507953 0.071923 0.634824 0.034766 0.206443 -0.013696 -0.238003 0.565216 0.154000 -0.219695 0.066208 0.440828 0.209948 0.071878 0.325170 0.164909 0.021237 -0.241304 0.345138 -0.210459 -0.030755 0.082476 -0.412539 0.899757 0.641654 -0.116654 -0.025496 0.518945 0.294131 -0.130882
D00187 -0.273353 0.047509 0.750843 0.085430 0.534192 0.295981 -0.326469 0.440762 -0.394243 0.538888 0.197353 0.209438 0.222828 0.288067 0.033593 0.276816 -0.156767 -0.462461 0.298584 -0.550518 0.581808 -0.190488 0.040249 0.131601 -0.281502 1.137664 -0.134778 0.091951 -0.380404 0.064347 0.276858 0.337813
D00950 -0.222606 -0.475827 -0.045260 0.269204 -0.097564 0.153815 -0.370397 0.164202 0.037539 -0.495857 -0.001834 -0.432450 0.139080 0.324554 -0.160215 -0.184101 -0.733583 0.042268 -0.409442 -0.262532 0.161398 -0.053069 0.140155 0.310535 -0.187564 0.304340 0.031377 -0.070919 0.177831 0.431667 0.354503 -0.607167
D00188 -0.237889 -0.113664 0.756074 0.036126 0.446032 0.423945 -0.485637 0.433161 -0.196418 0.497693 0.032391 0.132349 0.214023 0.271343 -0.169565 0.169646 -0.251558 -0.755534 0.200934 -0.574922 0.540521 -0.382745 0.146533 -0.026625 -0.318407 1.116367 -0.401454 0.033964 -0.390514 0.021737 0.131656 0.406587
D00129 -0.264865 -0.171589 0.577930 0.264056 0.378887 0.244644 -0.489957 0.526167 -0.292795 0.045877 0.056274 0.228271 0.253327 0.244399 0.037680 0.408123 -0.419447 -0.542158 0.076224 -0.608024 0.779950 -0.168586 0.214318 0.115241 -0.269692 0.815492 -0.271651 0.179058 -0.329912 0.002179 0.243757 0.155280
D00182 -0.133878 -0.558601 0.005445 0.187871 -0.007156 0.204516 -0.201836 -0.085887 0.079997 -0.495085 -0.037910 -0.568887 0.142596 0.175688 -0.234935 0.007389 -0.908619 0.004575 -0.336756 -0.270636 0.151851 -0.044853 0.085648 0.100960 -0.190136 0.487938 0.057550 -0.225573 0.357406 0.511955 0.289580 -0.721933
D00040 0.116658 -0.162060 0.324320 0.102790 0.427590 0.270346 -0.805587 -0.029399 -0.310763 0.158117 0.024821 -0.187846 0.392630 0.321414 -0.268112 0.400907 -0.318699 -0.563315 0.239743 -0.358024 0.670626 0.076133 0.302885 -0.131400 0.149814 0.741443 -0.177821 0.217376 0.039593 0.216247 0.163569 -0.065389
D04066 -0.873843 -0.195203 -0.307202 0.328371 -0.356933 0.389829 -0.003164 0.173946 0.310578 -0.006858 -0.132172 -0.493356 0.030000 -0.213907 -0.065824 -0.502463 -0.272638 0.303396 0.193334 -0.185516 -0.111423 0.010604 -0.276827 0.190267 -0.089678 0.969990 0.584045 0.080809 0.144016 0.306524 0.276720 -0.192903
D00163 0.064341 -0.351151 0.349607 0.400145 0.092316 0.124475 -0.491520 0.698255 -0.486157 0.051032 -0.319623 0.157571 0.077685 0.157058 0.272575 0.595060 -0.578732 -0.279236 0.234332 -0.486071 0.812965 0.139043 0.466443 -0.135251 -0.152192 0.564749 0.096781 0.044370 0.084243 0.200508 0.379540 -0.555427
D00954 -0.173338 -0.367934 -0.124051 0.247523 -0.053522 0.251095 -0.127333 0.087608 0.235553 -0.560328 -0.220507 -0.607734 0.197189 0.363473 -0.187372 -0.147400 -0.710614 -0.005984 -0.336481 -0.290828 0.044688 -0.025553 0.044054 0.084541 -0.179011 0.487836 0.003380 -0.214317 0.264564 0.449504 0.315719 -0.606452
D01294 -0.220989 -0.480333 -0.025687 0.139962 -0.035036 0.105262 -0.395799 0.086865 0.208976 -0.261057 0.206215 -0.556832 0.116561 0.184699 -0.086963 -0.271916 -0.692772 0.373283 -0.456216 -0.465109 0.210935 -0.211421 0.192444 0.124440 -0.275689 0.294045 0.116195 -0.094367 0.122695 0.460123 0.366300 -0.690750
D00299 -0.452944 0.163411 0.805108 0.269149 0.523178 0.252764 -0.183355 0.452708 -0.347466 0.575109 0.155968 0.314118 0.205527 0.273099 0.086022 0.130189 -0.042885 -0.408542 0.317114 -0.646728 0.599059 -0.308845 -0.040697 0.127799 -0.355000 1.169532 -0.072165 0.138513 -0.431805 0.069675 0.264810 0.370357
D00565 -0.465381 0.131768 0.251429 0.025876 0.205524 -0.107600 -0.110144 0.119071 -0.502556 0.081009 0.083815 -0.201010 -0.244314 0.339950 -0.403506 -0.268813 0.229012 0.209718 -0.118091 -0.337292 0.246856 -0.381922 0.023518 0.231897 -0.686312 0.278808 0.541056 -0.286628 0.163958 0.264876 -0.084037 -0.089869
D00951 -0.364542 -0.444629 -0.157584 0.198416 -0.138358 -0.088306 -0.567828 0.015295 -0.007468 -0.528815 0.014056 -0.575197 0.334142 0.156975 -0.089588 0.043757 -0.744808 -0.258788 -0.011690 -0.437728 0.259393 -0.052414 -0.007180 -0.064937 -0.169850 0.374663 0.030223 -0.617260 0.324976 0.251643 -0.093281 -0.061842
D00462 -0.087786 -0.590637 0.212980 0.238083 0.138862 0.232423 -0.205448 0.257224 0.034309 -0.425733 -0.435147 0.029747 0.054540 -0.011002 -0.214184 0.726253 -0.946663 -0.310080 0.049260 -0.291961 0.636201 -0.382792 0.163884 -0.058734 -0.029711 0.667624 0.127978 -0.129315 0.362890 0.090099 0.267227 -0.400485
hsa5465 -0.342491 -0.163604 0.371937 0.002720 0.332875 -0.391200 -0.643849 0.209018 -0.869585 0.288508 0.061860 -0.140204 -0.209143 0.509141 -0.203960 -0.473265 0.341305 0.226052 -0.078506 -0.250162 0.310066 -0.342438 0.059636 0.428134 -0.678063 0.394667 0.491285 -0.218926 0.255571 0.523587 -0.231460 -0.060114
D01161 -0.640810 -0.133277 -0.405517 0.217529 -0.451037 0.225323 0.171825 0.009798 0.449341 0.114021 -0.182110 -0.664453 -0.044262 -0.184219 0.008376 -0.404338 -0.219564 0.327777 -0.174943 -0.404471 0.081672 -0.069649 -0.002629 0.047761 -0.204478 1.067507 0.629168 0.031103 0.224522 0.431206 0.214008 -0.303574
D00105 -0.924542 -0.175293 -0.547085 0.271212 -0.245961 0.054438 0.166059 0.030024 0.257749 0.024131 -0.354291 -0.450005 0.089423 -0.160249 0.038885 -0.585393 -0.080672 0.387149 0.011825 -0.339087 -0.046335 -0.058718 -0.306030 0.157328 -0.174441 1.188438 0.775851 0.094841 0.282138 0.551674 0.030061 -0.147009
D02217 -0.372539 -0.090552 -0.082899 0.156803 0.008471 0.540531 -0.043180 -0.193605 0.431082 0.092059 -0.018188 -0.518494 0.070259 0.362405 -0.518535 -0.575290 -0.066506 0.201666 0.130733 -0.053238 -0.233847 -0.196130 0.127859 0.000849 -0.064075 0.909943 0.434595 -0.174600 0.417704 0.222678 -0.042778 -0.281728
hsa6096 -0.218694 0.195812 0.258307 -0.061138 0.665874 0.020494 -0.322249 -0.337719 -0.589889 0.473734 0.247795 -0.130137 0.263516 0.303921 -0.342544 -0.011900 0.063504 -0.067768 0.428542 -0.087182 0.382815 0.131704 -0.141009 0.354593 0.022308 0.923913 0.387744 0.279844 0.141758 0.450072 0.261838 0.132241
D00596 -0.456951 0.137897 0.032615 0.146447 -0.034729 0.231984 -0.413615 0.359254 -0.463456 0.447655 0.056881 -0.356245 -0.026339 0.472849 -0.574216 -0.498951 0.447391 -0.167940 0.144773 -0.120222 0.011893 0.473203 0.417732 0.343056 -0.424444 0.688007 0.570863 -0.068673 0.225129 0.305702 -0.260058 -0.010176
hsa2104 -0.284130 0.163266 0.178833 0.454122 0.090479 0.391112 0.256747 -0.119869 0.082997 -0.096801 -0.076580 -0.354457 0.017259 0.777385 0.204776 0.165230 0.128959 -0.126893 -0.154925 0.063197 -0.004794 -0.186842 -0.059344 0.116637 -0.235244 0.557701 0.566778 -0.269147 0.223351 0.324077 -0.263003 -0.329886
D00898 -0.460392 0.362182 0.127163 0.154308 -0.161841 0.218999 -0.000319 0.167394 -0.301072 0.275803 0.147596 -0.745920 -0.104155 0.316745 -0.682177 -0.498324 0.213274 0.196356 -0.111406 -0.335667 0.157993 0.301636 0.006868 0.320384 -0.509669 0.288823 0.456997 -0.100526 0.139875 0.319579 0.344941 -0.251515
D00690 -0.128414 -0.713694 0.162359 -0.107032 0.134868 0.104115 -0.369489 -0.054773 -0.127640 -0.551348 0.480924 -0.678913 0.381872 0.084621 0.019975 0.177313 -1.016701 -0.096318 -0.313470 -0.161818 -0.020058 -0.249726 -0.312560 0.377920 -0.247942 0.603032 -0.207952 -0.728104 -0.025424 0.564440 0.122639 -0.276416
D00730 -0.655235 0.003157 0.045785 0.292212 0.470971 0.136740 -0.019326 0.398938 -0.482033 -0.262036 0.322289 0.004084 0.341349 0.275528 -0.182948 -0.279795 0.035079 0.038199 0.329458 -0.345264 0.338080 0.250612 -0.072972 0.105805 -0.737604 0.125521 0.481213 -0.114508 -0.240028 0.157557 -0.297248 -0.179777
D00930 -0.326784 -0.055940 0.755773 0.165230 0.469668 0.377489 -0.417758 0.672368 -0.430512 0.356816 0.061089 0.357736 0.161732 0.338092 0.105036 0.297395 -0.254923 -0.620887 0.176098 -0.618035 0.600699 -0.335357 0.088522 0.155317 -0.368592 1.180675 -0.268778 0.139136 -0.546982 0.131541 0.306584 0.319898
D01217 -0.303563 -0.413894 0.108870 0.374811 -0.092169 -0.011903 -0.662953 0.066845 0.097744 -0.471596 -0.043058 -0.358598 0.320420 0.253846 0.070727 0.147583 -0.862460 -0.297485 -0.125837 -0.672378 0.536117 -0.205492 -0.013148 -0.010188 -0.017991 0.412315 -0.238489 -0.253182 0.201630 0.074266 0.188543 -0.106759
D00279 -0.463320 0.221209 0.148641 0.077789 0.478197 -0.419697 -0.264167 0.204271 -0.753769 0.016443 -0.065349 -0.057473 0.051292 0.489435 -0.176781 -0.381718 0.431795 0.191382 0.159873 -0.362932 0.502513 -0.413754 -0.128471 0.203824 -0.641710 0.278541 0.710092 -0.300591 0.168642 0.435786 -0.184924 0.038704
hsa6257 -0.202991 0.464895 0.469878 -0.018996 0.685155 0.111510 0.347894 -0.036986 -0.519324 0.339616 0.284304 -0.031096 0.045425 0.476965 -0.056213 0.144523 0.212212 0.068861 0.088855 -0.237604 0.180418 0.029122 -0.148210 0.238724 -0.473770 0.908713 0.578353 -0.172087 -0.028887 0.419604 0.315872 0.022382
D01387 -0.311710 -0.429649 0.147048 -0.078881 0.248276 0.134983 0.124716 0.102655 -0.028814 -0.680181 0.511794 -0.521890 0.362457 0.023352 -0.004534 0.444243 -0.904312 -0.300291 -0.034362 0.046901 -0.157689 -0.343961 -0.255790 0.270536 -0.378635 0.609425 0.240319 -0.988047 0.070965 0.452560 -0.042294 -0.118067
D00506 -0.696211 0.254282 -0.196541 0.326344 0.065310 0.370763 -0.312204 1.067748 -0.352197 -0.228598 -0.332938 0.034119 0.273522 0.408021 -0.112118 -0.471390 0.347341 -0.356850 0.464798 -0.311665 0.188996 0.085594 0.075828 0.133012 -0.599290 0.458512 0.353499 -0.276166 -0.316901 0.178278 -0.233124 0.145142
D00962 -0.233811 0.030483 -0.087932 0.184059 -0.346699 0.430931 -0.307708 0.161388 0.100343 0.384462 -0.019760 -0.780033 -0.073875 0.418251 -0.516086 -0.540314 0.173397 -0.054717 -0.206945 -0.107040 -0.043692 0.372754 0.469857 0.107214 -0.298098 0.677036 0.418116 -0.148250 0.234844 0.387305 0.036035 -0.265602
D00348 -0.279314 0.371780 0.765951 0.078543 0.526303 0.210520 -0.158088 0.601004 -0.389949 0.641151 0.312841 -0.021590 0.146317 0.367733 0.062843 0.003145 0.142020 0.067119 0.446070 -0.313591 0.289734 -0.159272 -0.080703 0.442973 -0.358195 0.940588 0.164909 -0.174804 -0.312432 0.245301 0.396551 0.191655
hsa9971 -0.218928 -0.147104 0.260114 0.539655 0.155047 0.282467 -0.327559 0.677590 -0.747265 0.034465 -0.232751 0.334206 0.142795 0.277416 0.348127 0.354235 -0.417631 -0.190586 0.519749 -0.441969 0.539894 0.454997 0.312328 -0.125720 -0.299987 0.463931 0.239714 0.126260 -0.024415 0.188271 0.248685 -0.652825
D00067 -1.061764 -0.146384 -0.470165 0.493377 -0.465432 0.091013 0.043252 0.257113 0.337233 -0.179086 -0.588146 -0.413324 0.004738 -0.078660 0.067105 -0.697219 -0.096203 0.237890 -0.071823 -0.426741 -0.070189 -0.184471 -0.353144 0.183100 -0.183784 1.137716 0.684862 0.036065 0.299408 0.416848 0.161378 -0.062809
D01115 -0.444394 -0.327038 -0.128926 0.219197 -0.401482 -0.272263 -0.716726 -0.001886 -0.012692 -0.615217 0.134934 -0.788731 0.196571 0.248156 0.023051 0.248944 -0.854999 -0.426544 -0.044040 -0.276648 0.224937 -0.100121 0.073259 0.141900 0.187604 0.525761 0.250606 -0.656809 0.809565 0.038866 0.101543 0.126427
hsa6258 -0.226409 0.476613 0.338072 -0.086171 0.897560 -0.173633 -0.189476 0.091982 -0.322184 0.203885 0.464179 -0.170271 0.418237 0.402664 0.265123 0.013041 0.247102 0.285186 0.490292 -0.465998 0.321924 -0.160255 -0.098430 -0.194510 -0.226357 0.821478 0.551359 -0.274079 0.014793 0.285462 0.214501 0.127401
D00554 -1.038244 -0.005521 -0.464967 0.223583 -0.393201 0.239701 0.115687 0.133894 0.516202 -0.190676 -0.355938 -0.640354 -0.031501 0.069472 0.093782 -0.732501 -0.157991 0.421704 -0.065339 -0.569727 -0.337807 -0.041856 -0.351443 -0.065873 -0.198079 1.353384 0.488861 -0.053544 0.243908 0.410811 0.279398 -0.024459
hsa2101 -0.417292 0.300963 0.250799 0.501108 -0.211730 0.303151 0.369914 -0.213738 0.090342 -0.094781 0.273212 -0.529910 0.028949 0.515906 0.158985 0.028365 -0.078215 -0.145574 -0.384594 -0.095202 0.026661 0.002824 -0.082197 0.482812 -0.205178 0.556182 0.548605 -0.209750 0.192692 0.166498 0.018966 -0.239025
D00246 -0.536209 -0.541760 0.075027 -0.043966 0.025406 0.300067 0.102053 -0.003163 0.051368 -0.778795 0.598861 -0.799170 0.385281 0.066800 -0.030146 0.402063 -1.162159 -0.353399 -0.182463 -0.058247 -0.241959 -0.250767 -0.382131 0.324369 -0.356546 0.814730 0.163407 -1.124722 0.113173 0.423088 -0.118090 -0.118929
hsa5468 -0.341384 0.016829 0.069212 -0.113204 0.344493 0.023176 -0.441256 0.099499 -0.700971 0.614602 0.048478 -0.159995 -0.021978 0.379176 -0.650088 -0.408734 0.495818 -0.076277 0.091626 -0.095829 0.243971 0.268494 0.339976 0.412542 -0.444312 0.911479 0.582678 0.146701 0.213904 0.473785 -0.188001 0.106539
hsa4306 -0.297646 -0.225649 0.135409 0.296973 -0.392733 -0.128047 -0.565122 -0.058372 -0.076209 -0.445386 0.260173 -0.654979 0.126551 0.179339 0.163582 0.439259 -0.778602 -0.437764 -0.081231 -0.061925 0.278431 -0.193657 0.114168 0.451088 0.250561 0.587417 0.308715 -0.493387 0.565698 0.164422 0.237689 -0.014046
hsa6095 -0.020838 -0.017226 0.164478 0.165479 0.621855 0.112177 -0.612592 -0.340950 -0.538589 0.296989 -0.050950 -0.159092 0.504750 0.348592 -0.593539 -0.012760 0.044508 -0.393367 0.389462 -0.157457 0.712089 0.265008 0.125685 0.186785 0.074873 0.670071 0.253012 0.451705 0.191527 0.444938 0.076158 -0.075099
D02367 -0.184357 -0.604241 -0.069909 0.215211 -0.236489 0.126184 -0.325434 0.253462 -0.024296 -0.534445 0.024911 -0.687646 0.160269 0.280336 -0.012206 -0.292757 -0.945588 -0.117140 -0.506879 -0.322167 0.136546 0.077269 0.213129 0.198556 -0.362989 0.318120 -0.069990 -0.194179 0.195555 0.528877 0.288326 -0.701968
D00956 -0.008559 -0.569421 -0.022856 -0.128399 0.152442 0.300516 -0.256409 0.154106 0.209008 -0.296829 -0.150740 -0.165099 -0.032951 -0.018394 -0.675788 0.368357 -0.738459 0.016270 -0.416490 -0.426482 0.395359 -0.607907 0.457039 -0.059245 -0.376701 0.476839 0.236376 -0.380784 0.220784 0.373111 0.121827 -0.676708
hsa2103 -0.539530 0.308583 0.091920 0.633806 -0.004051 0.350449 0.461209 -0.249910 0.106271 -0.116034 0.105005 -0.371932 0.109554 0.569776 0.157997 0.162431 0.111873 -0.104109 -0.150819 -0.102885 0.248975 -0.014370 -0.089976 0.305948 -0.348938 0.456301 0.864562 -0.136823 0.151672 0.201483 -0.292312 -0.392520
hsa9970 -0.582199 0.303199 0.024428 0.526742 0.123303 0.488364 -0.388321 0.988620 -0.552575 -0.193036 -0.230342 0.191622 0.385706 0.558581 -0.006255 -0.096605 0.165769 -0.666653 0.589782 -0.138662 0.202896 0.308267 0.101896 0.225532 -0.410411 0.486724 0.256327 -0.289865 -0.292788 0.040551 -0.157453 0.166381
D00961 -0.309593 -0.035722 0.260743 0.297878 0.128816 0.029180 -0.064078 -0.244955 0.055366 -0.185269 -0.221106 -0.233358 -0.170914 0.328180 -0.882801 -0.188064 -0.182724 0.108078 -0.052907 -0.430978 0.248204 -0.598702 0.142504 0.015749 -0.282072 0.295253 0.484468 -0.503329 0.813434 0.010375 -0.094886 -0.287811
D00312 -0.768426 -0.071238 -0.461913 0.332773 -0.219178 0.065441 -0.058927 0.219452 0.322163 -0.182239 -0.646470 -0.380497 0.145554 0.077980 -0.154846 -0.680383 -0.117481 0.169572 0.153258 -0.389928 -0.170219 -0.084199 -0.245459 -0.062591 -0.069080 1.017144 0.398506 -0.106951 0.414632 0.383164 0.167861 -0.026391
D01689 -0.422180 -0.465903 -0.011586 -0.050185 0.079414 0.215339 0.092532 0.183150 -0.006637 -0.775981 0.358960 -0.620614 0.346797 -0.027896 -0.031772 0.482098 -0.976973 -0.403752 -0.013724 0.070372 -0.230061 -0.244209 -0.322441 0.317117 -0.352027 0.688023 0.162083 -1.004907 0.040319 0.468624 -0.085400 -0.094962
D00443 -0.341806 -0.234308 0.282194 0.455107 -0.229876 0.047967 -0.867497 -0.109778 0.253719 -0.467526 0.313658 -0.680434 0.274216 0.456556 0.150991 0.177855 -0.821347 -0.210548 -0.145862 -0.500427 0.379451 -0.163700 0.011946 0.214656 0.322870 0.502237 -0.138595 -0.293180 0.473028 -0.098148 0.340180 0.014456
D00211 -0.545061 -0.350419 -0.085016 -0.180464 0.550672 -0.178440 -0.065006 0.004613 -0.203105 -0.659283 0.576269 -0.326271 0.642677 -0.000042 -0.257622 0.227269 -0.720195 -0.419359 0.101298 -0.452775 0.377021 0.101439 -0.135547 0.045946 -0.644094 0.319581 -0.054656 -0.531060 -0.114013 0.120971 -0.303186 0.331542
D05341 -0.096465 0.292880 -0.232774 -0.020049 -0.314749 0.169751 0.322121 0.182130 -0.046151 0.578490 -0.269497 -0.607074 -0.098830 -0.039560 0.106031 0.224100 0.099151 -0.087884 -0.262080 -0.571616 0.566225 0.346086 0.558429 -0.316109 -0.419291 1.044250 0.711764 0.059179 0.012302 0.605385 0.235596 -0.427107
D00965 -0.921518 0.084358 -0.392121 0.411412 0.008470 -0.207142 0.038668 0.677615 -0.183539 -0.393363 -0.997886 0.258820 0.085516 0.268210 -0.317421 -0.903078 0.177194 0.024140 0.146616 -0.499848 0.206371 -0.627145 -0.299714 0.220625 -0.538878 0.727944 0.570615 -0.122334 0.278430 0.336975 0.023237 0.236723
hsa6097 -0.112238 0.435150 0.105389 -0.377561 0.893705 -0.071995 -0.118602 -0.105598 -0.711135 0.104034 0.289035 -0.283555 0.598590 0.610957 -0.296480 0.171413 -0.080637 -0.246518 0.417900 -0.158141 0.592122 0.255234 -0.068357 0.524009 -0.154704 0.729125 0.136601 0.261762 -0.207690 0.665407 0.169368 0.074230
D00586 -0.691320 0.307257 -0.091530 0.277944 0.209420 -0.186005 -0.042994 0.274574 -0.194490 -0.443776 -0.761194 0.048430 0.181299 0.340126 -0.987077 -0.788129 0.055622 -0.097993 0.356658 -0.571404 0.241009 -0.607693 -0.193054 0.109799 -0.371398 0.410134 0.362639 -0.515396 0.633914 0.072938 0.062721 0.370399
D00627 -0.310382 0.112681 0.126942 -0.020955 -0.120465 0.541556 -0.342455 0.274127 0.230942 0.516061 0.023182 -0.711339 -0.203294 0.434262 -0.707091 -0.564008 0.251719 -0.080655 0.271588 -0.205626 -0.438703 0.001913 0.535240 -0.177953 -0.349547 0.917305 0.330593 -0.656173 0.462001 0.145997 -0.291812 0.004718
hsa3174 -0.070875 0.530255 -0.053383 -0.177296 -0.003519 0.109454 0.528872 0.245689 -0.296406 0.474519 -0.077915 -0.486926 -0.076762 0.193305 0.195097 0.272075 0.289144 -0.211485 -0.337948 -0.427661 0.380843 0.235649 0.342276 -0.137389 -0.635233 0.978941 0.654759 -0.215877 -0.213893 0.676395 0.197777 -0.213484
hsa190 -0.452217 0.702183 0.237351 -0.408201 0.762273 0.298146 -0.117250 0.060140 -0.362814 0.010674 0.333929 -0.108518 -0.122581 1.079665 0.388522 0.087803 0.157671 0.407465 0.078635 -0.493866 -0.191646 0.263342 -0.038780 -0.050372 -0.128883 1.572360 0.137315 0.446951 -0.190702 0.360619 0.630889 0.247366
D01441 -0.304657 -0.006517 0.310553 0.170411 0.426857 0.468978 -0.142142 -0.190847 0.304458 0.160571 0.180490 -0.301719 0.069648 0.336997 -0.655239 -0.264909 0.002309 0.277564 0.625026 -0.120429 -0.276629 -0.254137 0.246837 -0.394557 -0.089459 0.731462 0.541149 -0.589626 0.747844 -0.090854 -0.285909 -0.358332
