hsa2099 -0.228989 -0.078023 -0.077370 0.144650 -0.294925 0.448148 -0.059867 -0.431716 0.447893 0.122987 0.003135 -0.675552 -0.008646 0.321025 -0.331066 -0.048878 -0.375660 0.277085 -0.233984 -0.206642 -0.155649 -0.079573 -0.174453 0.151633 0.018202 0.719019 -0.009390 -0.106540 0.370340 0.144713 0.235429 -0.256028
D00094 -0.564144 0.273563 -0.140717 -0.440254 0.300221 0.050048 0.046089 0.044084 -0.516451 0.110574 0.043183 -0.402002 0.034264 0.306249 0.390941 -0.086408 0.153251 -0.059673 -0.208458 -0.004921 0.445405 -0.287003 -0.231127 0.069756 -0.442664 1.276070 0.065074 -0.217859 -0.359653 -0.034703 -0.112559 0.273318
D01132 -0.602452 0.278969 -0.218112 0.044134 0.313631 0.241761 -0.126901 -0.135965 -0.380516 -0.026322 0.164079 -0.501001 -0.067493 0.107589 -0.052562 0.101080 0.084080 -0.052024 -0.232489 -0.165929 0.474679 -0.150931 -0.160803 -0.041298 -0.734373 0.760646 0.098978 -0.308958 -0.260093 0.108365 -0.079835 -0.030448
hsa5241 -0.276398 -0.575148 0.407956 0.442076 -0.217431 0.204474 -0.508719 -0.302947 0.093531 -0.288060 0.127186 -0.477026 0.106807 0.217052 -0.001657 -0.177789 -0.700498 -0.014898 -0.430903 -0.271879 -0.220200 -0.163462 0.152097 0.342716 0.335069 0.512111 -0.331825 -0.012032 0.400805 -0.264392 0.279520 -0.420566
D00577 -0.627104 0.199100 0.004460 0.425000 -0.359786 0.378937 -0.158027 -0.314751 0.079704 -0.112788 0.014688 -0.794308 -0.170822 0.441850 -0.298930 0.078642 0.077354 -0.048196 -0.410248 -0.068795 0.211597 -0.091332 0.101215 0.021509 -0.307899 0.500227 0.383589 0.167583 0.208964 0.226326 0.021885 -0.359942
hsa367 -0.216761 -0.252946 0.305672 0.418594 0.015761 0.366548 -0.363275 0.096546 0.153928 -0.514052 -0.385260 0.168647 -0.175527 0.124003 -0.269752 -0.141670 -0.482634 0.179651 -0.343288 -0.243387 0.247657 -0.344467 -0.078115 0.273080 -0.074484 0.442917 -0.104322 -0.490453 0.298635 -0.198743 0.385849 -0.381568
D00075 -0.123570 -0.517881 0.433384 0.354473 -0.000624 0.075224 -0.399863 -0.002012 0.142368 -0.162200 -0.187798 -0.193406 0.099294 0.013453 -0.111588 -0.146189 -0.523758 0.291896 -0.243686 -0.415354 0.202944 -0.078325 -0.211946 0.232283 0.188807 0.685877 -0.222844 -0.240302 0.429668 -0.163816 0.414362 -0.261137
D00066 -0.043640 -0.582961 0.342862 0.454791 -0.070469 0.100715 -0.556165 0.049355 0.173466 -0.180416 -0.291527 -0.029335 0.254616 -0.109420 0.192850 -0.071425 -0.646098 0.169429 -0.088279 -0.239253 0.111491 0.082596 -0.203157 0.048220 0.372601 0.908034 -0.159615 -0.284656 0.346178 -0.306937 0.392950 -0.242819
hsa7421 -0.551517 -0.293470 0.272854 0.011101 0.039018 0.332803 0.026676 0.443926 -0.141051 0.424977 -0.125863 0.214859 -0.213360 -0.165725 0.650079 -0.198768 0.213510 0.004627 -0.297330 -0.167709 0.272437 -0.151282 0.188225 0.092098 -0.133618 1.307202 -0.196502 0.061374 -0.177757 -0.482809 0.120418 0.364591
D00088 -0.469764 -0.570398 0.242040 0.376076 0.061421 -0.154450 -0.148171 -0.119409 0.065619 -0.582812 -0.130865 -0.147683 0.070174 0.176142 0.259418 -0.177724 -0.662448 0.164895 -0.198564 -0.223513 -0.166695 -0.406492 -0.312722 0.424213 0.188471 0.551239 -0.160657 -0.365918 0.474435 -0.139341 0.275527 -0.041918
hsa5914 -0.588493 0.077003 -0.009667 -0.341144 0.166606 0.127392 -0.021306 0.174937 -0.664749 0.392269 -0.055390 -0.473739 -0.165932 0.423018 0.301051 -0.108897 0.176580 0.149810 -0.299624 -0.174942 0.473247 -0.203828 0.151950 0.190842 -0.535692 1.001048 0.311578 -0.180230 -0.228269 0.216729 -0.125384 -0.093301
D00316 -0.757934 0.017937 -0.344016 -0.126255 0.109586 0.115661 0.147642 0.052200 -0.575530 0.386391 0.090117 -0.249880 0.023224 0.064309 0.452253 -0.000122 -0.035632 0.098490 -0.304472 -0.455969 0.436408 -0.318255 -0.026659 0.083244 -0.794904 0.839462 0.301949 -0.313053 -0.249908 -0.027588 -0.092124 -0.060649
D00585 -0.457573 -0.450976 0.088411 0.209874 -0.166391 0.169123 -0.386846 -0.069136 0.161192 -0.662739 -0.213254 -0.289922 -0.135851 0.211341 0.113258 -0.057980 -0.999509 -0.056635 -0.138416 0.014772 -0.216315 -0.514441 0.257309 0.497038 0.355331 0.535728 -0.260849 -0.188566 0.356308 0.021100 0.527587 -0.302251
hsa8856 -0.787572 -0.283372 0.029630 0.543492 0.213332 0.037186 -0.265692 -0.147508 -0.190761 -0.165651 0.105621 -0.142743 0.135664 -0.019623 0.475549 -0.366921 0.131302 0.218999 0.070455 -0.279885 0.140789 0.241563 -0.467573 -0.152636 -0.098224 0.681999 0.012171 -0.182214 0.027243 -0.672931 -0.401290 0.110460
hsa5916 -0.676671 0.093837 -0.136112 -0.129576 0.261326 0.208354 0.064568 0.141347 -0.648303 0.114589 0.013825 -0.385815 -0.285631 0.398632 0.367146 0.030344 0.210068 -0.016208 -0.321887 -0.031156 0.377574 -0.216391 0.212981 0.065822 -0.662108 0.872158 0.307687 -0.238781 -0.174423 0.072940 -0.078083 -0.065102
D00950 -0.205364 -0.363167 0.296960 0.080274 -0.206653 0.254938 -0.288442 -0.230735 0.234188 -0.034902 0.046415 -0.479520 0.067335 0.084682 -0.227083 -0.108314 -0.697368 0.086532 -0.351531 -0.284354 -0.170959 -0.223737 0.034484 0.411033 0.267670 0.723505 -0.454087 0.062875 0.193057 -0.025382 0.487087 -0.345576
hsa2100 -0.437875 0.085074 0.071719 0.372761 -0.564633 0.457105 0.021261 -0.549872 0.496417 0.067696 0.039764 -0.675340 -0.133032 0.235356 -0.291724 0.021057 -0.042154 -0.163712 -0.498201 0.130889 0.003205 -0.314485 0.013586 0.061451 -0.264264 0.672522 0.404523 0.196633 0.127280 0.043150 0.275280 -0.454654
D00327 -0.187021 -0.261757 0.111482 0.440933 0.013601 0.151376 -0.280750 -0.193281 0.337204 -0.544883 -0.290360 -0.450095 -0.004015 0.262548 -0.121730 -0.106704 -0.625210 0.247710 0.037091 -0.238911 0.064579 -0.175204 -0.404432 0.310330 0.098284 0.585885 -0.094893 -0.356896 0.552156 0.035394 0.452191 -0.320872
D00182 -0.033224 -0.420028 0.291138 0.337712 -0.000240 0.099441 -0.468578 -0.247519 0.067743 -0.141461 0.006166 -0.572934 0.140928 0.269343 -0.159319 -0.119877 -0.767998 0.127210 -0.257349 -0.436399 0.088575 -0.093354 -0.099634 0.371869 0.063751 0.588220 -0.291674 -0.146673 0.406968 0.031871 0.481378 -0.531521
hsa2908 -0.463001 -0.503422 0.191304 0.266757 0.077673 -0.002348 -0.224852 -0.072748 0.014225 -0.848236 -0.247952 -0.249746 -0.079136 0.214701 0.284804 -0.003239 -0.836307 0.060742 -0.140009 0.048000 -0.260064 -0.536843 -0.179985 0.460379 0.171991 0.461091 -0.078329 -0.594849 0.413566 -0.036151 0.388540 -0.290637
D00143 -0.058783 -0.424402 0.230879 0.321003 0.018485 0.170011 -0.617149 0.041451 0.082341 0.026289 -0.153191 -0.006574 0.216916 -0.185960 0.429784 -0.164019 -0.246292 0.144042 0.081505 -0.209071 0.277384 0.173101 -0.347939 -0.145641 0.272372 1.002131 -0.087863 -0.233532 0.182259 -0.566979 0.168809 0.066241
hsa5915 -0.700652 0.104892 -0.178327 -0.092008 0.198403 0.136055 -0.069304 0.092041 -0.642536 0.064255 -0.106200 -0.267705 -0.140411 0.276109 0.321278 -0.051818 0.208822 0.095260 -0.048554 -0.084962 0.472158 -0.114063 -0.131168 -0.120052 -0.518329 0.959911 0.440883 -0.371795 -0.144604 -0.140200 -0.295480 -0.041968
D01294 -0.017780 -0.498413 0.052619 0.499137 -0.136269 0.133253 -0.398434 -0.338782 0.246944 -0.046988 -0.052117 -0.680914 0.192041 0.399605 -0.121228 -0.126495 -0.756263 0.162555 -0.448105 -0.384633 -0.055837 0.185858 0.043086 0.302460 0.105289 0.631166 -0.245878 -0.072356 0.489109 -0.085033 0.280647 -0.576136
D00129 -0.540706 -0.392148 0.388956 0.057122 0.074612 0.178697 -0.102563 0.521267 -0.295596 0.274495 -0.059458 0.141971 -0.224626 -0.259988 0.631414 0.074918 0.080398 -0.266453 -0.184346 0.075942 0.185589 -0.109742 0.316877 -0.054856 -0.070998 1.592560 -0.177153 -0.045516 -0.051502 -0.455942 0.220008 0.448405
D00187 -0.464649 -0.228868 0.283951 -0.259202 0.169463 0.277333 -0.121744 0.339562 -0.248013 0.509741 -0.016867 0.060160 -0.025659 -0.192233 0.622273 -0.224548 0.082990 -0.056390 -0.301181 -0.211482 0.230961 -0.263595 0.016926 0.148310 -0.148859 1.369348 -0.310041 -0.107699 -0.346970 -0.480985 0.037046 0.319299
D02217 -0.274448 0.215766 -0.036265 0.299411 -0.315949 0.678203 -0.229317 -0.505521 0.578295 0.138106 0.025404 -0.542229 -0.200053 0.336956 -0.609809 0.062681 -0.111809 -0.204713 -0.098128 0.129535 0.014110 -0.624919 0.128674 0.010109 -0.267540 0.687735 0.294424 -0.123507 0.382757 -0.140690 0.233494 -0.215435
hsa6256 -0.666314 0.220614 -0.215428 -0.128290 0.091413 0.012700 -0.036835 -0.119492 -0.494766 -0.094726 -0.032065 -0.563947 -0.098945 0.266952 0.265276 0.042133 0.091961 -0.262359 -0.318354 0.061324 0.534596 -0.173743 -0.125549 0.004246 -0.663584 0.888280 0.263969 -0.109880 -0.330868 0.148236 -0.130792 -0.047879
D00565 -0.846953 0.228311 0.260655 0.093291 -0.111797 0.249816 -0.285177 0.048960 -0.277827 -0.001338 0.052070 -0.433128 -0.360558 0.245417 -0.431379 -0.261029 0.270295 0.243644 -0.161064 -0.440574 0.391146 -0.404593 0.144640 0.038842 -0.321582 0.498012 0.267006 -0.071930 0.042520 -0.038902 -0.195082 -0.082039
D00954 0.213306 -0.227094 0.314065 0.167914 -0.017697 0.190804 -0.368323 -0.316428 0.086822 0.227188 0.151690 -0.725847 0.184803 0.267219 -0.392254 0.060285 -0.680067 0.024762 -0.412286 -0.403198 0.091872 -0.128267 -0.169694 0.393777 -0.063587 0.724121 -0.376113 -0.125752 0.249434 0.122009 0.489448 -0.571686
D00188 -0.568466 -0.255502 0.363608 -0.022561 0.050979 0.261786 -0.220191 0.403008 -0.183550 0.476060 0.059468 0.212306 -0.047020 -0.300138 0.696318 0.024722 0.059672 -0.309517 -0.277069 -0.148043 0.324948 -0.527283 0.117611 0.067512 -0.182181 1.475061 -0.188944 0.021365 -0.278849 -0.473477 0.216799 0.473496
D00951 -0.370479 -0.655931 0.226369 0.638346 -0.207638 -0.078105 -0.472012 -0.149385 0.036298 -0.346423 -0.052031 -0.249292 0.221866 0.129511 0.142357 -0.287015 -0.691434 0.101462 -0.386931 -0.409951 0.036168 0.173970 0.009693 0.255657 0.215069 0.612814 -0.314177 0.130150 0.379538 -0.256910 0.396339 -0.303903
hsa6257 -0.695286 0.058162 -0.600549 0.063417 -0.018812 -0.037068 -0.012140 -0.120063 -0.346261 0.076302 0.128629 -0.418577 0.055443 -0.217899 0.201927 0.261968 -0.154310 -0.212215 -0.606182 -0.488307 0.486017 -0.317480 0.079723 -0.039721 -1.049100 0.588569 0.336681 -0.317720 -0.140923 0.044279 0.001213 -0.043294
D00067 -0.519851 0.025753 -0.340125 0.173898 -0.482133 0.688242 0.104630 -0.250712 0.613620 0.163966 -0.334777 -0.506501 -0.086139 0.108131 -0.234213 -0.254040 -0.343458 0.489378 -0.429452 -0.318044 -0.231858 0.046675 -0.233244 0.281876 -0.031233 0.723280 -0.201169 0.029127 -0.008208 0.126944 0.158589 -0.387631
D00730 -0.993596 -0.033553 0.023014 0.672328 -0.091933 0.174242 -0.278759 -0.106133 -0.201050 -0.248809 0.234344 -0.361426 -0.193332 -0.166430 -0.049549 -0.231254 0.271800 0.068088 -0.063651 -0.399092 0.289891 0.260698 -0.055344 -0.319132 -0.444230 0.507249 0.129343 -0.008891 -0.058622 -0.427221 -0.307723 -0.033834
D00040 -0.160875 -0.206715 0.336770 0.175993 0.051745 0.304545 -0.521517 0.279781 0.019570 0.317589 -0.076073 0.085774 0.162492 -0.316622 0.324117 0.289231 -0.099637 -0.262216 0.070085 0.093834 0.161254 -0.224874 -0.027862 -0.179578 0.102974 1.330390 -0.102167 -0.248402 -0.093494 -0.384739 0.099964 0.180175
hsa5468 -0.633197 0.212351 -0.424755 -0.125921 0.307618 0.506236 -0.381293 0.040197 -0.221594 0.301283 -0.139339 -0.633926 -0.545701 0.365780 -0.351584 0.087981 0.064107 -0.180676 0.030062 0.149555 -0.074885 -0.135115 0.547542 -0.088372 -0.284275 0.891076 -0.061157 -0.425633 0.150904 -0.350730 -0.521552 0.203345
D00163 -0.152345 -0.282708 -0.080468 0.104799 0.010434 0.205873 -0.387540 0.525550 -0.222355 0.116375 -0.402805 0.264415 0.050777 -0.227390 0.566461 0.182358 -0.303800 -0.136905 0.118084 0.097527 0.380536 0.188058 0.093621 -0.313050 -0.081192 1.464600 -0.011823 -0.407312 -0.113046 -0.270086 0.317325 0.005827
D00506 -1.131421 0.165216 -0.618360 0.480208 -0.191081 0.778773 -0.394788 0.283633 0.088608 -0.401505 -0.477187 0.037992 -0.517104 0.248645 0.352829 -0.555854 0.197501 0.172992 -0.217709 -0.118987 0.121778 0.185161 0.223616 -0.140785 -0.291380 0.532799 -0.213970 0.103981 -0.381105 -0.397392 -0.107564 -0.060586
hsa6095 -0.131407 0.276447 0.259604 0.013237 0.262120 0.274787 -0.417459 -0.141632 0.050604 0.217129 0.100906 -0.277631 0.216012 -0.122420 -0.128710 0.455522 0.128586 -0.328987 0.179966 0.257525 0.269522 -0.413063 -0.394508 -0.326530 -0.249780 1.402655 0.238233 -0.524316 -0.119235 -0.226738 -0.113204 0.301533
hsa5465 -0.786839 0.225447 -0.033843 -0.045730 0.023335 0.198847 -0.595053 0.054513 -0.400917 0.284713 -0.108711 -0.364511 -0.287117 0.377660 -0.315912 -0.344853 0.168540 0.260963 0.017510 -0.509887 0.571548 -0.427742 0.279706 -0.056426 -0.386899 0.611039 0.322141 -0.151346 -0.102464 -0.097013 -0.335463 -0.073376
D00554 -0.603642 0.051196 -0.310198 0.196517 -0.668221 0.621705 0.112384 -0.478083 0.778112 0.031117 -0.326529 -0.756825 0.009732 0.043841 -0.261684 -0.161337 -0.361737 0.468990 -0.184917 -0.191620 -0.258204 -0.168852 -0.456451 0.168254 0.092327 0.807824 0.096861 -0.084385 0.111464 0.283371 0.152528 -0.368206
D00279 -1.003668 0.191110 -0.002909 0.292389 -0.123829 0.288956 -0.651451 -0.015016 -0.422679 0.013076 0.092192 -0.288811 -0.275606 0.284478 -0.202570 -0.492633 0.202778 0.260526 -0.057505 -0.669316 0.616628 -0.243930 0.124695 -0.222344 -0.561707 0.470618 0.178330 0.106394 -0.354819 -0.141429 -0.187065 -0.199218
D01115 -0.593213 -0.329556 0.005844 0.499671 -0.222120 -0.169381 -0.568216 -0.097508 0.372868 -0.738695 -0.255499 -0.269052 0.076015 0.124996 0.357378 -0.329213 -0.629419 0.029056 0.032886 -0.170662 0.213177 -0.305429 -0.172832 0.324090 0.454975 0.622280 -0.058824 0.199964 0.506495 -0.070959 0.535989 0.208418
D04066 -0.482811 0.096232 -0.019393 0.218022 -0.610672 0.604862 0.023045 -0.486292 0.604617 0.141736 -0.102199 -0.673856 0.010192 0.095727 -0.309480 -0.082494 -0.272004 0.197744 -0.311082 -0.078168 -0.127778 -0.263074 -0.394923 0.127100 -0.125853 0.739821 0.176896 0.114917 -0.039677 0.184308 0.298373 -0.522887
D00299 -0.682219 -0.239996 0.420309 -0.128696 0.130229 0.342711 0.037972 0.411322 -0.280454 0.541692 -0.057021 0.364022 -0.183386 -0.055617 0.745515 -0.203588 0.140320 -0.055905 -0.287769 -0.146404 0.275238 -0.638272 0.065252 0.229061 -0.182934 1.360579 -0.071785 -0.095150 -0.218980 -0.478640 0.162566 0.405716
D00105 -0.579080 0.072107 -0.231578 0.275066 -0.490344 0.767277 0.079835 -0.383033 0.717060 0.122205 -0.315839 -0.747528 -0.066403 0.153583 -0.244707 -0.072274 -0.305233 0.485388 -0.172499 -0.095876 -0.364403 -0.013219 -0.480981 0.219234 0.113007 0.826190 -0.016174 -0.085614 0.083432 0.285714 0.105744 -0.458079
D00898 -0.544791 0.133892 0.225695 0.085197 -0.157135 0.486375 -0.193070 -0.207037 -0.056413 0.189895 0.303231 -0.978375 -0.331581 0.385987 -0.437384 0.005107 0.263415 0.179798 -0.051944 -0.209635 -0.025396 0.131997 0.033427 -0.214005 -0.094689 0.732058 0.255895 0.088357 0.340240 0.151696 0.089725 -0.120754
D01161 -0.346950 -0.072138 -0.290808 0.290892 -0.688292 0.513296 0.195578 -0.419683 0.729137 0.028462 -0.297305 -0.760846 -0.130913 -0.203898 -0.234835 0.032720 -0.223113 0.126059 -0.505811 -0.017306 -0.101014 -0.150808 -0.215519 0.009980 -0.207833 0.716270 0.205466 -0.211757 0.135555 0.016058 0.177685 -0.499847
D00246 -0.790264 -0.581440 -0.018873 0.269078 0.114598 -0.024260 -0.075233 -0.348219 -0.078796 -0.812022 -0.149955 -0.456665 -0.027337 0.243675 0.425171 -0.150932 -0.939797 0.317779 0.113830 -0.037323 -0.544950 -0.437001 -0.508159 0.466445 0.300808 0.510342 -0.090625 -0.753674 0.460113 -0.194420 -0.030487 -0.215198
D01217 -0.047413 -0.635297 0.453161 0.485830 -0.061958 0.008435 -0.689739 -0.124307 0.221840 -0.188294 0.035985 -0.226570 0.240645 0.098645 0.296301 -0.203721 -0.510074 0.059115 -0.273260 -0.279896 0.051651 0.030008 -0.103193 0.123371 0.464709 0.892999 -0.204665 0.075638 0.443567 -0.393200 0.440732 -0.071001
hsa2104 -0.619677 0.057951 -0.017839 0.175594 -0.213603 0.137560 0.340151 -0.282708 0.047268 -0.112542 -0.166943 -0.677906 -0.131536 0.457827 0.144985 0.122460 0.084406 -0.074042 -0.682295 0.161846 0.185514 -0.425228 0.035671 0.337002 -0.302888 0.551515 0.497882 0.065848 0.198270 0.393655 0.042917 -0.180669
hsa9970 -0.806054 -0.088128 -0.495587 0.414599 -0.030511 0.618937 -0.322883 0.255428 0.010561 -0.225282 -0.355859 0.057091 -0.262122 0.021905 0.819227 -0.465002 0.098012 0.075269 -0.347610 -0.079050 0.017980 0.310042 0.028307 -0.118195 -0.185643 0.668806 -0.367412 -0.009696 -0.492622 -0.623060 -0.098579 -0.064164
D02367 -0.044945 -0.384130 0.246054 0.214716 -0.101695 0.179842 -0.417172 -0.364843 0.062492 0.028662 0.180554 -0.621311 0.178026 0.265059 -0.186905 -0.056634 -0.781777 -0.061764 -0.446042 -0.301898 -0.050344 -0.188444 0.121000 0.412039 0.105979 0.570830 -0.367661 0.016545 0.336367 -0.072641 0.401586 -0.445983
D00930 -0.639802 -0.451500 0.295288 -0.136035 -0.030439 0.143945 0.071817 0.464325 -0.161075 0.556061 -0.006536 0.068610 -0.188475 -0.394929 0.859400 -0.122867 0.127456 -0.141323 -0.428290 -0.267738 0.145747 -0.340719 0.238580 0.034960 -0.163476 1.504586 -0.205646 0.029511 -0.230212 -0.442948 0.170446 0.540327
D00443 -0.186126 -0.476762 0.129742 0.448328 -0.168481 -0.118688 -0.868616 -0.057674 0.396351 -0.321328 -0.179951 -0.298272 0.281506 -0.112719 0.488944 -0.276140 -0.528096 0.033675 0.060732 -0.258410 0.164953 -0.049347 -0.251071 -0.030663 0.573628 0.925301 -0.117028 -0.067561 0.445060 -0.335990 0.342573 0.216236
D00690 -0.463083 -0.536778 0.262249 0.223040 0.266621 0.079992 -0.388306 -0.423033 -0.061801 -0.629129 0.171380 -0.508702 0.053501 0.138790 0.030630 -0.138951 -0.919808 0.048198 0.074190 -0.047834 -0.487594 -0.441890 -0.305813 0.494853 0.390098 0.665549 -0.496221 -0.557097 0.354366 -0.426821 0.015362 -0.176253
hsa6258 -0.994045 0.244438 -0.379433 -0.144166 0.302004 0.148293 0.121296 -0.179240 -0.557536 -0.036819 0.345230 -0.159361 0.049530 0.049673 0.226231 -0.043853 0.004936 0.098176 -0.125533 -0.406325 0.276060 -0.620923 -0.422630 -0.023400 -0.841152 0.839057 0.124917 -0.401893 -0.368355 -0.153257 -0.112350 0.241505
hsa6096 -0.638652 0.383766 0.578637 0.200731 0.339838 0.340200 -0.162684 -0.025902 -0.541902 -0.038975 0.298605 -0.459480 -0.154159 -0.100596 -0.263850 0.349553 0.247143 -0.417406 -0.035696 0.163938 0.472105 -0.236345 -0.332668 -0.065677 -0.607596 1.119578 -0.020334 -0.340103 -0.537324 -0.038451 -0.233447 -0.140342
D00956 0.237087 -0.511344 0.255124 0.534178 0.212077 0.405268 -0.388637 -0.041848 0.153723 -0.096588 -0.214255 -0.000736 0.118499 0.231741 -0.296992 -0.043499 -0.710213 0.360435 -0.415189 -0.510328 0.286877 0.117732 -0.231515 0.253222 -0.133379 0.682664 -0.235675 -0.679765 0.616186 -0.330312 0.386563 -0.582022
D00312 -0.535427 0.122230 -0.225917 0.172553 -0.496951 0.678329 0.015922 -0.257023 0.673981 0.100214 -0.488447 -0.632626 -0.019461 0.262907 -0.253935 -0.251777 -0.336136 0.552950 -0.376159 -0.340622 -0.093448 0.017186 -0.427563 0.307854 0.010642 0.709484 -0.135499 0.068217 0.013493 0.386186 0.297178 -0.413956
hsa6097 -0.616857 0.500608 -0.024177 -0.346647 0.355555 0.398391 0.074545 -0.085861 -0.572929 0.183566 -0.026638 -0.229375 -0.002573 0.496619 0.105334 -0.019184 0.060592 -0.137357 0.263348 0.297518 0.176616 -0.301973 -0.604585 0.127402 -0.283883 1.398131 0.004582 -0.415319 -0.370973 -0.375987 -0.438431 0.136607
hsa4306 -0.644690 -0.409686 -0.064619 0.543983 -0.365136 -0.114871 -0.500229 -0.084188 0.275578 -0.934316 -0.293893 -0.278353 0.077434 -0.000768 0.314403 -0.088236 -0.910142 -0.140407 -0.245471 -0.088133 0.151869 -0.294126 0.103644 0.366669 0.285805 0.562659 -0.178006 0.154007 0.317459 0.073603 0.674382 -0.202228
D00965 -0.613533 0.143666 -0.050749 0.462892 -0.274425 0.897954 -0.200227 0.202699 0.338676 -0.462785 -0.623932 0.212806 -0.351299 0.349787 -0.350931 -0.411759 -0.225364 0.406869 -0.546590 -0.244740 0.080728 -0.069819 -0.116243 0.266315 -0.249744 0.417964 -0.242799 -0.158943 -0.093679 0.008485 0.423861 -0.536507
D01387 -0.635913 -0.766324 -0.029057 0.233543 0.215852 -0.232620 -0.049626 -0.241391 -0.097196 -0.801286 -0.074335 -0.572643 -0.055877 0.132824 0.318828 -0.134614 -0.753689 0.270693 -0.193135 -0.158452 -0.417675 -0.142123 -0.285765 0.382540 0.227770 0.547234 -0.179919 -0.589005 0.560942 -0.272004 -0.046940 -0.114001
hsa3174 -0.438127 0.016698 -0.478555 -0.018143 -0.495515 -0.290623 0.331808 0.042197 0.003936 -0.383628 -0.390522 -0.781795 -0.090019 -0.230139 0.145569 0.431018 -0.042035 -0.228280 -0.773825 -0.029746 0.513354 -0.041461 0.133269 -0.191475 -0.633869 0.949067 0.513879 -0.287646 0.018406 0.500007 0.173844 -0.182359
D00961 -0.378464 0.143598 0.518544 0.509271 0.108189 0.452067 -0.413624 -0.132332 -0.000418 -0.436721 -0.016612 -0.006657 -0.328793 0.449033 -0.525944 -0.117676 0.028096 0.022573 -0.098944 -0.076076 0.420292 -0.622383 -0.020763 0.112891 -0.303444 0.423033 0.391279 -0.419983 0.417556 -0.216254 0.212389 -0.261212
D01441 -0.249565 0.393640 -0.086084 0.301310 0.065720 0.534357 -0.248344 -0.352302 0.266911 0.241060 0.138435 -0.235937 0.049974 0.115853 -0.468144 0.473361 0.051913 -0.255788 0.302848 0.185966 0.198438 -0.583471 -0.213259 -0.304801 -0.431262 1.040020 0.472974 -0.570541 0.356097 -0.257349 -0.028509 0.157233
D00596 -0.517010 0.224662 -0.333058 -0.089731 0.181677 0.631417 -0.238095 0.206306 -0.147680 0.138186 -0.239065 -0.527849 -0.652678 0.461763 -0.439596 -0.065124 0.112413 -0.077730 -0.245500 0.165006 -0.057699 0.173102 0.782606 -0.038998 -0.267605 0.913871 -0.105200 -0.299051 0.218574 -0.249280 -0.120481 -0.037838
hsa2101 -0.724168 0.125232 -0.183948 0.489470 -0.250436 0.338559 0.037956 -0.371813 0.105730 0.003031 0.085596 -0.571555 0.036429 0.481358 0.331858 0.198283 0.042018 -0.314689 -0.726431 0.092023 0.175883 -0.268775 0.210563 0.244928 -0.378761 0.470039 0.392422 0.400169 0.126170 0.179017 0.095700 -0.151828
D00348 -0.521249 0.068384 -0.043105 -0.517660 0.224057 0.161630 0.110449 0.169554 -0.530282 0.638722 -0.022025 -0.214417 -0.058105 0.245379 0.456441 -0.158306 0.165865 0.112885 -0.405850 -0.330855 0.567466 -0.491377 0.058208 0.236659 -0.641768 1.259432 0.239872 -0.259846 -0.258057 -0.065200 -0.012002 0.171588
hsa9971 -0.476798 -0.433365 -0.046110 0.362028 -0.130865 0.266727 -0.179603 0.506287 -0.635546 0.350476 -0.181608 0.299895 -0.034215 0.061384 0.849783 0.188509 -0.131209 -0.061754 0.086692 0.017530 0.362180 0.391795 0.246038 -0.425746 -0.305276 1.298038 0.321974 -0.227762 -0.052697 -0.238829 0.282443 -0.238547
D00211 -1.001730 -0.729844 0.113968 0.590407 0.109226 -0.243945 -0.123883 -0.190771 -0.238588 -0.383545 0.101057 -0.245004 0.133566 -0.122325 0.590470 -0.390775 -0.299134 0.366273 0.109640 -0.450353 -0.098983 0.121775 -0.476545 0.176948 0.165530 0.587367 -0.090410 -0.144731 0.330237 -0.561453 -0.271639 0.115059
D00462 0.055963 -0.472095 0.375878 0.241028 0.099241 0.298975 -0.293286 0.251841 0.057697 -0.306250 -0.478898 0.313060 -0.051780 -0.159993 0.148151 -0.026991 -0.554262 0.265386 0.007659 -0.103009 0.297998 -0.071838 -0.350015 0.057059 0.131750 0.972891 -0.050251 -0.724795 0.308073 -0.359420 0.434911 -0.279293
D05341 -0.182899 -0.141713 -0.579670 -0.092948 -0.573135 -0.237134 0.134244 0.261203 0.178992 -0.166708 -0.693969 -0.716666 -0.230228 -0.467153 -0.197094 0.421803 -0.305781 -0.187089 -0.592880 -0.060099 0.452300 0.005373 0.486271 -0.292537 -0.498429 1.057255 0.298516 -0.618592 0.106545 0.305624 0.111899 -0.275697
hsa2103 -0.355707 0.135157 -0.013025 0.398194 -0.192481 0.261996 0.095775 -0.196849 0.078183 -0.042827 -0.127025 -0.660958 -0.107997 0.581781 0.041734 0.201447 0.100558 -0.150308 -0.548401 0.090212 0.282600 -0.111406 0.178812 0.118685 -0.346874 0.697754 0.411317 0.131589 0.255680 0.353252 0.213421 -0.274014
D00627 -0.495584 0.083457 -0.375082 0.206037 0.359775 0.521713 -0.190443 -0.222582 0.042671 0.220734 -0.017183 -0.663918 -0.519466 0.569845 -0.290420 0.263362 0.056530 -0.278540 -0.079876 0.226907 -0.149607 -0.238029 0.667542 -0.105401 -0.258193 0.781116 0.150414 -0.478735 0.615688 -0.367571 -0.322307 0.178720
D00962 -0.323875 -0.009604 -0.239708 0.041490 -0.178415 0.178180 -0.248164 -0.397657 0.098417 0.097463 0.157273 -1.129588 -0.222186 0.430157 -0.554176 0.027680 -0.152230 -0.036248 -0.178272 -0.155571 -0.016543 -0.073921 0.438625 -0.116038 -0.227446 0.658478 0.172781 -0.237331 0.474993 0.011864 -0.158542 -0.161030
D00586 -0.655848 0.219914 0.166023 0.214636 -0.063466 0.617609 -0.270083 0.232146 -0.097092 -0.379185 -0.269451 0.134330 -0.384814 0.286599 -0.490864 -0.433698 -0.184505 0.389728 -0.343469 -0.549987 0.310676 -0.405921 -0.025478 0.293646 -0.429612 0.275299 -0.205557 -0.297863 -0.148858 -0.021109 0.290575 -0.419883
D01689 -0.828841 -0.587114 0.229523 0.357886 0.081022 -0.066183 0.041682 -0.415457 0.039012 -0.747001 0.073869 -0.377843 0.047442 -0.089007 0.513394 -0.250917 -0.716585 0.209776 0.188071 -0.083493 -0.489261 -0.504309 -0.785102 0.484711 0.336987 0.603414 -0.190389 -0.619505 0.400115 -0.551245 -0.142667 0.029963
hsa190 -0.421084 0.114083 -0.090033 -0.745803 0.342140 -0.404573 0.286141 -0.102318 -0.687260 -0.314837 0.161895 -0.670535 0.007668 0.448333 0.480193 -0.084371 0.233649 0.057077 -0.423513 -0.100591 0.471196 -0.162114 -0.403630 -0.017856 -0.465743 1.624714 0.211014 -0.009642 -0.051138 0.139474 0.157979 0.643111
