hsa2099 -0.325590 -0.157030 -0.203280 0.211382 -0.168174 0.362364 -0.219134 -0.066090 0.607134 -0.087881 0.054535 -0.349573 0.169434 0.204426 -0.202264 -0.305256 -0.394415 0.204277 0.000487 -0.232945 -0.256544 -0.018993 -0.022849 -0.010535 -0.007782 0.539967 0.087958 -0.158020 0.278930 0.154441 0.004269 -0.108345
D00094 -0.754856 0.606339 -0.049367 -0.158903 0.409586 0.259100 -0.103385 0.337957 0.082309 0.277619 -0.286222 0.087715 -0.044687 0.513510 0.277097 -0.114376 0.227078 0.121309 -0.195735 -0.197681 0.387597 0.091406 -0.187212 -0.126688 -0.332053 1.220476 -0.022168 -0.106004 -0.232057 0.050518 0.001553 0.436349
hsa5241 -0.301430 -0.405723 -0.140023 0.084140 -0.091991 0.014999 -0.232556 -0.192048 0.426982 -0.427888 -0.084158 -0.454769 0.105546 0.055720 -0.004873 -0.107548 -0.784433 0.052842 -0.324077 -0.296974 -0.062700 -0.107914 -0.093011 0.132985 -0.150330 0.662721 -0.022672 -0.397048 0.343470 0.196379 0.181489 -0.153971
D00577 -0.677433 0.099470 0.248008 0.452530 -0.139252 0.254924 -0.042881 -0.167782 0.519867 0.291775 0.480039 -0.381577 0.041248 0.361805 -0.258971 -0.181638 0.068087 0.064545 -0.393273 -0.353595 -0.249289 -0.040032 -0.200039 0.043328 -0.247611 0.394553 0.252994 -0.163496 0.300408 -0.104606 -0.207513 0.028929
D01132 -0.740478 0.467429 0.261962 -0.003396 0.586813 0.131487 -0.069816 0.126360 0.097900 0.276234 0.282879 -0.003870 -0.093015 0.433540 0.292087 -0.108572 0.341826 0.302318 -0.258532 -0.364578 0.045868 0.072464 -0.310272 -0.286478 -0.343667 0.933599 -0.061087 -0.303124 -0.068756 -0.114605 -0.234403 0.444681
D00066 -0.272089 -0.470473 -0.351753 0.481007 0.004384 -0.041170 -0.381570 -0.229930 0.470064 -0.146608 -0.423247 -0.494125 -0.068188 -0.104071 0.144274 0.158854 -0.642811 0.171598 -0.065654 -0.069849 0.109557 0.126781 -0.350417 -0.057843 0.131835 0.432204 0.209238 -0.391358 0.515329 -0.069402 -0.033177 -0.050478
hsa367 -0.366574 -0.022768 -0.248870 0.257478 -0.020494 0.067257 0.014805 -0.107217 0.463387 -0.586345 -0.246357 0.129884 -0.168710 0.029400 -0.311521 -0.043235 -0.619431 0.052697 -0.324012 -0.296995 0.038450 -0.516646 -0.111863 0.025376 -0.598786 0.385582 0.290984 -0.671823 0.361600 -0.065473 0.064798 -0.317965
hsa2100 -0.577953 0.230456 -0.029798 0.195802 -0.114050 0.398586 0.020866 -0.353731 1.096595 0.199474 0.298451 -0.302929 -0.109196 0.164622 -0.191071 -0.425867 0.013859 0.390708 -0.122306 -0.382260 -0.473541 -0.407871 -0.322296 0.004918 0.011157 0.455388 0.326852 0.177310 0.402718 -0.287862 -0.118770 0.030576
D00075 -0.333593 -0.424666 -0.608022 0.334941 0.097355 -0.100037 -0.248104 -0.139721 0.620473 -0.253651 -0.658765 -0.208850 -0.162918 -0.119997 0.080169 0.040051 -0.709964 0.184297 -0.208693 -0.049807 0.111134 -0.106132 -0.125661 0.170765 -0.084500 0.419714 0.230618 -0.437662 0.521796 0.104367 0.067510 -0.166005
D00316 -0.803307 0.570470 0.024111 0.058356 0.588612 0.185008 -0.005083 0.006227 0.025449 0.175801 -0.029705 0.117205 0.082354 0.425766 0.443873 -0.210454 0.072088 0.356992 0.124625 -0.214521 0.215387 -0.236117 -0.297846 -0.108807 -0.430008 0.815108 0.285918 -0.360232 -0.149271 0.000688 0.038289 0.270852
D00585 -0.333659 -0.088319 -0.263914 0.050331 -0.095152 0.041308 0.279527 -0.086267 0.407187 -0.907942 0.005584 -0.311601 -0.182439 0.082068 0.012587 -0.030852 -0.761860 -0.143848 -0.239701 -0.163074 -0.252971 -0.188471 -0.009280 0.113330 -0.344311 0.681670 0.003966 -0.744549 0.401850 0.157613 0.113657 -0.132155
hsa8856 -0.875760 -0.293255 -0.377139 0.177869 0.104823 0.021664 0.106465 0.119635 -0.094592 -0.156282 -0.173423 -0.137910 0.032650 -0.204205 0.435945 -0.184774 -0.141745 -0.062841 0.155034 0.007244 -0.217954 0.827705 -0.394832 -0.099625 -0.159102 0.466431 -0.059322 -0.396261 0.196847 -0.187133 -0.511547 0.413009
D00143 -0.483418 -0.319030 -0.512042 0.397549 0.111686 -0.121597 -0.166690 -0.122836 0.255862 -0.222259 -0.529160 -0.280172 -0.096375 -0.188000 0.374357 0.133130 -0.358929 0.144220 -0.039048 -0.089540 0.064352 0.653323 -0.222444 -0.104823 0.076282 0.460714 0.277132 -0.219699 0.568473 -0.156949 -0.109854 0.116173
D00088 -0.247717 -0.407729 -0.453411 0.013662 -0.304374 -0.101367 0.195808 -0.158668 0.347578 -0.186734 -0.326041 -0.482043 -0.159834 -0.244886 0.184409 0.012474 -0.749529 -0.170628 -0.172347 0.066461 -0.252539 -0.147285 -0.376998 -0.060842 -0.231662 0.590349 -0.192065 -0.729235 0.193342 0.031738 -0.093445 0.236274
hsa5916 -0.825884 0.472858 -0.003270 0.086291 0.312584 0.315817 0.137077 0.120842 0.012668 0.506234 -0.008890 -0.089457 -0.162332 0.483523 0.315295 -0.130216 0.319328 0.348638 -0.223908 -0.133722 -0.104784 0.212786 -0.106218 -0.130461 -0.369881 0.742248 0.134722 -0.124537 -0.098162 0.157228 -0.055139 0.292217
D00182 -0.271734 -0.468380 -0.448152 0.195896 0.006786 0.212112 -0.220301 0.023669 0.555959 -0.408578 -0.113178 -0.153763 0.086793 0.372720 -0.096890 -0.222219 -0.764616 -0.032625 -0.414549 -0.169363 -0.115724 0.234736 0.231027 0.184460 -0.198664 0.654088 -0.124387 -0.460481 0.365342 0.268268 0.303410 -0.182309
D00954 -0.280666 -0.567969 -0.286767 0.109998 0.028868 0.119118 -0.302404 -0.209978 0.748796 -0.000149 -0.026614 -0.244565 0.306199 0.182606 -0.163515 -0.230439 -0.769457 0.229328 -0.518050 -0.394788 -0.074772 0.059645 0.001456 0.178541 -0.215903 0.585809 -0.001686 -0.233687 0.374335 0.207661 0.219664 -0.250822
D00950 -0.327694 -0.535042 -0.225537 0.162351 -0.045843 0.096001 -0.222291 -0.028107 0.521436 -0.306510 0.079296 -0.267504 0.228818 0.199233 -0.061725 -0.101340 -0.799956 0.042318 -0.305163 -0.285707 -0.168652 0.199672 0.083086 0.134433 -0.136844 0.705325 -0.173140 -0.462657 0.349410 0.269320 0.210029 -0.231931
hsa5468 -0.721058 0.553382 -0.311711 0.200699 0.161786 0.505206 -0.028838 -0.128191 0.100217 0.728940 -0.307383 -0.618086 -0.466047 0.747199 -0.345855 -0.104083 0.238003 -0.218641 0.193434 0.092901 -0.204531 -0.204058 0.170245 -0.203150 -0.379719 0.556610 0.336432 -0.448756 0.188462 0.210141 -0.255965 0.459929
D00327 -0.268013 -0.321770 -0.287776 0.324147 -0.115572 -0.114980 0.034195 -0.314211 0.530312 -0.345049 -0.174323 -0.558106 -0.081704 0.133504 -0.191649 -0.051691 -0.652335 -0.179771 -0.057032 -0.147512 -0.088010 -0.287411 -0.110451 0.014740 -0.280357 0.457997 0.138740 -0.644116 0.513534 -0.049579 -0.009764 0.038713
D00565 -1.015603 0.453731 0.483435 0.256657 -0.043082 0.200465 0.006634 0.011774 -0.138018 0.038047 0.215822 -0.358096 -0.154038 0.125313 -0.357368 0.065808 -0.073107 0.245370 -0.018997 -0.526979 -0.085329 -0.233188 -0.254605 -0.217533 -0.513513 0.351668 0.336593 -0.373667 0.177642 0.097559 -0.168182 -0.076035
hsa5914 -0.818564 0.579526 0.020353 0.058305 0.361439 0.409319 0.019112 0.101796 0.093270 0.550064 -0.164895 0.046699 0.037327 0.675957 0.409077 -0.103397 0.164060 0.360198 -0.033508 -0.079413 0.310612 0.003472 -0.305792 -0.041953 -0.358594 0.935441 0.179666 -0.123943 -0.196985 0.108072 0.138707 0.253975
hsa6256 -0.678657 0.354863 0.178408 0.008666 0.427258 0.023543 0.203989 -0.099823 0.277911 0.493038 0.245743 0.003796 0.226012 0.221542 0.415400 -0.118392 0.264428 0.163460 -0.315064 -0.353175 0.163038 0.050643 -0.202005 -0.138565 -0.344578 0.980956 0.309481 -0.056893 -0.028133 0.028281 -0.076904 0.315850
hsa7421 -1.148778 -0.137871 -0.118276 0.612319 -0.378153 -0.025807 -0.120355 0.588780 -0.067748 0.284632 -0.691000 0.176397 -0.372256 -0.373053 0.631662 -0.116416 0.141448 0.008335 -0.055834 -0.007800 0.254981 0.364111 -0.057822 -0.086036 -0.210190 0.862043 0.173921 0.083732 -0.056041 -0.038478 0.026070 0.283300
D00105 -0.689810 0.144752 -0.183266 0.134137 -0.176622 0.479690 -0.209670 -0.235372 1.112972 0.047269 0.223551 -0.558128 0.002695 0.175803 -0.372812 -0.664720 -0.251002 0.732706 -0.080577 -0.479414 -0.627038 -0.407772 -0.314264 0.072007 -0.005489 0.419502 0.105545 0.109130 0.291437 0.117581 -0.131922 -0.083963
D01294 -0.266425 -0.550313 -0.225569 0.066384 0.113183 0.137378 -0.449590 -0.141124 0.563931 -0.175392 0.051388 -0.353227 0.428165 0.205078 -0.219990 -0.208529 -0.780630 0.067755 -0.340656 -0.446180 -0.032369 0.242731 -0.027676 -0.005460 -0.101923 0.686902 -0.193281 -0.330515 0.371439 0.114851 0.054294 -0.183663
hsa5915 -0.769303 0.492083 -0.104392 -0.123417 0.479516 0.363449 0.105400 0.029638 -0.089800 0.476430 -0.219427 -0.008985 0.127986 0.297343 0.356912 -0.162849 0.033417 0.384606 0.273873 -0.131605 0.059598 0.067840 -0.277769 -0.200989 -0.285328 0.882931 0.199432 -0.262100 -0.194937 0.183114 -0.027178 0.279092
D02367 -0.164549 -0.474544 -0.164510 -0.029313 0.002139 0.263459 -0.233474 -0.067326 0.625567 -0.293563 0.067316 -0.260505 0.331486 0.170604 -0.143962 -0.198971 -0.857569 0.132981 -0.268885 -0.339577 -0.212067 0.086000 -0.114423 0.036842 -0.098016 0.807389 -0.206545 -0.325981 0.333317 0.127272 0.183521 -0.326443
hsa2908 -0.380456 -0.290953 -0.232100 0.119129 -0.332670 -0.171392 0.519746 0.024100 0.507638 -0.504027 -0.177250 -0.185681 -0.174647 -0.219942 0.169704 -0.069632 -0.625884 -0.340309 -0.311439 0.106916 -0.460894 -0.392984 -0.314571 0.334165 -0.478901 0.635091 -0.028624 -0.887690 0.259853 0.054039 -0.098770 0.148924
D00040 -0.317433 -0.021262 -0.153902 0.325723 0.247555 0.252947 -0.344917 0.222724 0.082834 0.275927 -0.494064 -0.158684 -0.290467 -0.123491 0.226281 0.628762 -0.216813 0.084670 0.100630 0.009906 0.123603 0.372566 -0.358516 -0.303349 0.281583 0.934153 0.013569 -0.339220 0.369801 -0.128474 -0.221335 0.015166
hsa4306 -0.548139 -0.022478 -0.437190 0.215963 -0.345160 -0.150430 0.262748 -0.372311 0.360051 -1.086663 0.032761 -0.838318 -0.225446 -0.056475 0.334140 0.001943 -0.545596 -0.279383 -0.022351 -0.086612 -0.157559 0.097396 -0.063697 -0.002057 -0.141067 0.536821 0.201650 -0.446334 0.578455 -0.112297 -0.014122 0.037559
D00951 -0.407400 -0.647156 -0.307352 0.082745 0.057264 -0.196570 -0.343325 -0.371285 0.309114 -0.326272 -0.184353 -0.406829 0.377557 -0.155945 0.132086 -0.166746 -0.887386 0.076161 -0.020233 -0.427453 0.003655 0.235098 -0.301939 -0.125503 -0.171480 0.706087 -0.047881 -0.359660 0.431811 -0.190080 -0.011752 0.005363
D00187 -0.971256 0.068239 0.144525 0.428373 -0.059571 -0.006417 -0.155533 0.503924 -0.238242 0.376604 -0.592452 0.017061 -0.446501 -0.134592 0.759464 0.154372 0.087510 0.012582 -0.092396 0.053046 0.324684 0.223968 -0.231804 -0.089829 -0.125930 1.235466 0.028411 -0.135685 -0.092565 0.057645 0.158861 0.464589
hsa2104 -0.461546 0.174469 0.317603 0.209689 0.004233 0.268990 0.283831 -0.248116 0.537544 0.612345 0.582555 -0.369223 0.259739 0.458524 0.254409 -0.142693 0.113254 0.123378 -0.522684 -0.175684 -0.270820 -0.286206 -0.307182 0.175516 -0.239701 0.751636 0.207557 -0.222302 -0.028682 0.193377 -0.039207 0.200913
hsa6257 -0.573608 0.372991 0.036662 -0.000519 0.695428 0.024773 -0.192973 -0.025529 0.219501 0.237776 0.185765 -0.005722 0.095439 0.331494 0.329986 -0.122295 0.213978 0.229196 -0.330273 -0.414324 0.264186 -0.067032 -0.087204 -0.150036 -0.380274 0.999177 0.207525 -0.218325 -0.079292 0.045249 -0.032888 0.260731
D00163 -0.589197 0.030180 -0.512845 0.307011 -0.195268 0.138670 0.281136 0.000434 0.142255 0.300131 -0.512713 -0.248295 -0.137899 -0.437570 0.791091 0.624662 -0.181762 0.215628 0.068164 -0.062407 0.204661 0.631084 0.015547 -0.465437 0.121132 0.893727 0.635104 -0.102741 0.274366 0.180676 0.112237 -0.277329
hsa6096 -0.623561 0.628933 -0.045579 -0.137944 0.643908 0.383651 -0.321771 0.248205 0.034183 0.261998 -0.104355 -0.230968 -0.176659 0.624174 -0.181234 0.072521 0.196293 0.048084 -0.025164 -0.260682 0.113212 0.249301 -0.093324 -0.297621 -0.189172 1.090142 -0.157476 -0.195027 0.063243 0.098104 -0.194641 0.401212
hsa6095 -0.311410 0.290527 -0.117776 0.151923 0.488916 0.450552 -0.559520 0.271383 0.270218 0.513665 -0.390764 -0.093978 -0.229941 0.162027 -0.092703 0.394665 0.036408 0.002482 0.251139 -0.088983 0.019093 0.167469 -0.215477 -0.391613 0.227685 1.130731 -0.117632 -0.272135 0.251664 -0.175315 -0.333722 0.094250
D00188 -0.735685 -0.127815 -0.017496 0.399133 -0.353303 0.072360 -0.248037 0.613386 0.148361 0.562554 -0.794749 -0.012788 -0.343553 -0.468758 0.444867 0.226513 0.076524 -0.154829 -0.091793 0.077251 0.185610 0.232182 -0.287654 -0.191683 0.068122 1.201266 0.011875 -0.000810 -0.008320 -0.043730 -0.121446 0.314903
D00596 -0.770362 0.548071 -0.466925 0.173867 -0.127803 0.619760 0.173287 0.001613 0.248271 0.547048 -0.093533 -0.627035 -0.407119 0.602368 -0.409662 -0.115945 0.354808 -0.256700 -0.141213 -0.001920 -0.433750 0.249753 0.367560 -0.220697 -0.340901 0.406985 0.346440 -0.416763 0.172508 0.309054 -0.281417 0.226467
D00930 -0.989565 0.123551 0.016473 0.497284 -0.162898 -0.102363 -0.056878 0.449259 -0.148709 0.056455 -0.662634 0.021147 -0.608826 -0.075145 0.831278 0.159819 0.000138 -0.042086 -0.193245 0.077268 0.468440 0.160453 -0.059425 -0.005447 -0.132769 1.196066 0.136212 0.081189 0.015925 0.007556 0.410584 0.405002
D00299 -1.057386 -0.054555 0.094673 0.452428 -0.324255 -0.091334 -0.154814 0.587615 -0.071464 0.314844 -0.801188 0.080707 -0.372922 -0.118722 0.706915 0.008475 -0.068437 -0.094953 -0.007602 0.105536 0.360216 0.191194 -0.275776 0.097848 -0.099475 1.214892 -0.047072 0.026410 -0.011840 0.000955 0.174239 0.484878
D01217 -0.396083 -0.370810 -0.345490 0.384010 0.066092 -0.179005 -0.315748 -0.264824 0.263117 -0.258330 -0.403056 -0.472391 -0.170819 -0.023721 0.322211 0.016190 -0.686126 0.121602 -0.069951 -0.093996 0.017795 0.009549 -0.078928 0.131653 -0.039922 0.491446 0.256711 -0.345317 0.528078 0.122697 0.166491 0.007463
D00554 -0.498757 0.034825 -0.123069 0.200835 -0.314811 0.358768 -0.332983 -0.205234 1.028663 -0.131908 0.046683 -0.695383 0.092323 0.152854 -0.209420 -0.658795 -0.294545 0.411425 0.153448 -0.329166 -0.475682 -0.584075 -0.166317 0.163651 0.166386 0.621794 0.064383 0.191758 0.262326 0.178510 0.036687 -0.019032
D00129 -0.800595 0.097201 -0.110940 0.346523 -0.059871 -0.008337 -0.100190 0.430343 -0.083479 0.193794 -0.680404 0.011664 -0.413154 -0.371093 0.813011 0.502028 -0.040787 0.008217 0.028178 0.042676 0.370048 0.375375 -0.219123 -0.231590 0.083010 1.348911 0.086777 -0.002714 0.081250 -0.072401 0.138814 0.188860
D01161 -0.516852 0.121454 -0.334058 0.010040 -0.269024 0.468595 0.084591 -0.323598 1.074836 0.237515 0.107148 -0.462446 0.039544 0.063549 -0.156236 -0.532868 -0.093676 0.500546 -0.169520 -0.361401 -0.368266 -0.313567 -0.023828 -0.061767 -0.049672 0.528310 0.379871 0.244248 0.232851 0.094615 0.055489 -0.040711
D00506 -1.155520 0.131288 -0.512726 0.593166 -0.515827 0.512952 0.271303 0.423522 0.278327 -0.145476 -0.063808 0.323653 -0.104364 0.123302 0.176830 -0.387535 0.301899 -0.118150 -0.347981 -0.123120 -0.104641 0.352391 0.124288 -0.224827 -0.735140 0.201529 0.389456 -0.358440 -0.199910 -0.203285 -0.169052 -0.179671
D02217 -0.259717 0.081776 -0.005895 0.221678 0.032760 0.317284 -0.278492 -0.278587 0.924995 0.173615 0.116681 -0.335293 0.032303 0.316008 -0.462918 -0.276189 0.025441 -0.125439 0.054465 -0.326010 -0.227738 -0.362367 -0.100139 -0.184540 -0.045976 0.683196 0.136314 -0.049829 0.486570 -0.495126 -0.281062 0.131335
hsa2101 -0.553198 0.096102 0.182603 0.419084 -0.058805 0.154046 -0.048880 -0.321126 0.559390 0.157483 0.596537 -0.502638 0.055586 0.587844 0.259285 -0.383866 -0.026487 0.156796 -0.558573 -0.158677 -0.210151 -0.404377 -0.196550 0.394169 -0.278093 0.499982 0.245640 -0.157334 0.086388 0.158857 0.131251 0.209250
D00067 -0.631200 0.045226 -0.232975 0.204596 -0.441041 0.545479 -0.157283 0.065597 1.092111 -0.089793 -0.107641 -0.371898 -0.001696 -0.054610 -0.403750 -0.666469 -0.209848 0.579644 0.008621 -0.384857 -0.576426 -0.392185 -0.183556 0.073058 -0.034019 0.449717 0.156472 0.120494 0.218041 0.166980 -0.086726 -0.237885
D00443 -0.583284 -0.131652 -0.388943 0.394910 -0.175396 -0.283191 -0.012617 -0.426444 0.233141 -0.719895 -0.151818 -0.904197 -0.279044 -0.028765 0.540596 0.214112 -0.492561 -0.130034 -0.122719 -0.086459 0.118448 0.325615 -0.062022 -0.035991 0.067399 0.541185 0.295369 -0.217348 0.682660 -0.078263 0.084713 0.213735
hsa5465 -1.082888 0.502351 0.209221 0.203885 0.223704 0.276818 -0.043692 -0.184207 -0.330359 0.507717 -0.256286 -0.473198 -0.311199 0.485768 -0.312873 0.025456 0.005748 0.243350 0.085281 -0.322593 0.130466 -0.368198 -0.088521 -0.098847 -0.633336 0.428759 0.491991 -0.398680 0.163252 0.417058 -0.053891 0.070872
D00348 -0.974529 0.475625 0.311636 0.196187 0.113394 0.253460 -0.251908 0.319630 -0.017742 0.465435 -0.454578 0.120318 -0.194950 0.431923 0.335601 -0.118192 0.058702 0.252822 0.049146 -0.071494 0.445721 -0.235667 -0.356440 0.141007 -0.262295 1.058394 0.035743 0.058709 -0.160651 0.049963 0.263853 0.334158
hsa9970 -1.112203 0.103041 -0.515412 0.526938 -0.452140 0.499739 0.207665 0.541845 0.135126 0.016765 -0.196561 0.379636 -0.182427 0.017025 0.363215 -0.312071 0.275821 0.137963 -0.275762 -0.054147 -0.162645 0.677083 -0.007266 -0.279556 -0.519411 0.328369 0.191323 -0.152886 -0.245411 -0.216986 -0.017725 -0.072737
D04066 -0.610757 0.188115 -0.159526 0.033153 -0.218198 0.499057 -0.088398 -0.160226 1.251653 0.133821 0.073037 -0.334213 0.056690 -0.038677 -0.257851 -0.608291 -0.106126 0.639708 -0.101189 -0.407068 -0.669476 -0.505159 -0.408732 0.052908 0.034444 0.507681 0.197243 0.287645 0.295214 -0.056426 -0.177228 -0.016024
D00730 -0.983479 0.114983 -0.021366 0.480828 0.316365 -0.029180 0.020409 0.134803 -0.016279 -0.391998 0.062403 0.114441 -0.045977 0.134054 0.038754 -0.431816 0.160379 -0.017952 0.016984 -0.385437 -0.121970 0.586895 -0.440887 -0.370243 -0.445669 0.214203 0.243215 -0.517974 0.274472 -0.611564 -0.622680 0.544552
hsa6258 -0.774067 0.552736 0.029384 -0.052753 0.728420 0.201158 -0.094880 0.175188 -0.045550 0.236694 -0.062798 0.128214 0.009370 0.362638 0.292634 -0.227164 0.025578 0.347788 0.053771 -0.270623 0.176458 -0.188998 -0.225333 -0.220204 -0.443891 0.978923 0.166882 -0.422621 -0.210415 0.168525 0.007994 0.364216
hsa2103 -0.635146 0.173937 0.332211 0.415016 0.003817 0.217924 0.096858 -0.246051 0.607801 0.311743 0.687569 -0.386135 0.329180 0.523327 0.190619 -0.294188 0.123608 -0.016179 -0.299017 -0.310455 -0.198122 -0.014488 -0.275637 0.140321 -0.078926 0.656651 0.174849 -0.012636 0.127157 -0.113819 -0.128415 0.262488
D00961 -0.531721 0.301165 0.273766 0.336747 0.079099 0.117370 0.030806 -0.216326 0.355601 -0.103157 0.079868 0.081437 -0.187801 0.199251 -0.470093 0.177911 -0.219948 0.027043 -0.319887 -0.465212 0.119364 -0.704845 -0.284915 -0.051658 -0.610426 0.456479 0.358349 -0.630137 0.357836 -0.360629 -0.004888 -0.424519
D05341 -0.486530 0.164738 -0.579684 -0.046649 -0.221485 0.042032 0.271444 -0.326284 0.947702 0.703128 -0.268635 -0.552558 0.231050 -0.357395 0.062265 -0.072620 0.332881 0.086545 -0.458658 -0.462758 0.131670 -0.121571 0.526202 -0.331546 -0.225955 0.659279 0.913104 0.221796 0.097170 0.562670 -0.152225 -0.058892
D00898 -0.686942 0.081350 0.350880 0.274653 -0.309063 0.534423 -0.220412 0.328049 0.276380 0.208091 0.169576 -0.436065 -0.139942 0.303894 -0.547089 -0.159997 0.045693 0.320605 -0.209014 -0.424758 -0.235749 0.266336 -0.227917 -0.265310 -0.168244 0.475834 -0.031857 -0.112766 0.140391 0.116619 -0.146518 -0.004838
D00965 -0.797142 -0.052199 -0.542903 0.330619 -0.297218 0.298180 0.096031 0.016957 0.563736 -0.420957 -0.487518 0.148276 0.048497 -0.140951 -0.378793 -0.654501 -0.315143 0.253735 -0.086609 -0.339180 -0.137685 -0.481447 -0.026167 0.008744 -0.752236 0.033747 0.598236 -0.437525 0.166950 -0.004956 -0.073934 -0.368956
D00211 -0.712074 -0.540577 -0.377145 -0.060600 0.050023 -0.078127 0.297496 -0.005225 -0.111586 0.038264 -0.323922 -0.117301 0.293139 -0.442366 0.225549 -0.233333 -0.466584 -0.196950 0.202721 -0.027432 -0.440012 0.654928 -0.611610 -0.009017 -0.340357 0.557735 -0.194610 -0.636264 0.233599 -0.199916 -0.573941 0.412568
D00312 -0.544799 0.057397 -0.156770 0.132451 -0.307798 0.461253 -0.168381 -0.005785 1.053800 -0.240697 -0.112473 -0.285597 0.157768 0.055462 -0.478238 -0.760208 -0.294563 0.436765 0.040051 -0.482961 -0.402183 -0.525202 -0.188463 0.029234 -0.158242 0.533607 0.139191 0.026846 0.180570 0.075560 -0.049561 -0.176563
D01689 -0.307860 -0.456435 -0.265692 -0.105945 -0.393612 -0.084910 0.545481 0.173249 0.454183 -0.304013 -0.241035 -0.275883 -0.130874 -0.517630 0.296701 -0.132672 -0.742604 -0.277137 -0.209717 0.132710 -0.701597 -0.270316 -0.561571 0.204124 -0.341096 0.910399 -0.416676 -0.887832 0.129825 0.075052 -0.257361 0.280738
D01441 -0.321413 0.556258 -0.061372 0.046989 0.568938 0.352768 -0.474844 0.055765 0.493324 0.473417 -0.201826 -0.068846 -0.172683 0.200005 -0.244115 0.291161 0.308563 -0.051952 0.207835 -0.307345 0.038206 -0.251490 -0.168647 -0.501477 0.030966 1.125338 0.035193 -0.273361 0.289811 -0.399441 -0.516325 0.085731
D00962 -0.374150 0.077423 -0.138261 0.360516 -0.205133 0.463125 -0.211753 0.058869 0.618161 0.371146 0.089065 -0.694723 0.061790 0.465525 -0.574228 -0.348180 0.236447 -0.313909 -0.105936 -0.247834 -0.225212 0.205646 0.332702 -0.275357 -0.140722 0.641241 0.285611 -0.185365 0.212919 0.180531 -0.350006 0.173142
D00246 -0.422385 -0.534886 -0.500501 -0.050726 -0.468061 -0.023751 0.540824 -0.031715 0.355299 -0.258269 -0.316988 -0.370740 -0.198928 -0.405341 0.408340 -0.151139 -0.826627 -0.293345 -0.273613 0.217439 -0.670720 -0.141732 -0.554874 0.154835 -0.320755 0.742286 -0.357352 -0.961303 0.083752 0.041716 -0.192250 0.321807
D01115 -0.482464 -0.209293 -0.452031 0.310246 -0.121443 -0.376850 -0.013357 -0.531055 0.367519 -0.865787 -0.091872 -0.731376 -0.040187 -0.041487 0.452084 0.074808 -0.688138 -0.317100 -0.043333 -0.191126 0.163922 -0.010135 -0.141037 -0.080119 -0.118302 0.647815 0.224813 -0.411927 0.636475 -0.350714 0.069226 0.178682
D00279 -1.114782 0.414272 0.026424 0.304572 0.410756 0.211791 -0.148753 0.242103 -0.075298 -0.257329 -0.014576 0.348943 0.004057 0.175870 0.014824 -0.396916 0.151457 0.313057 0.053692 -0.529517 0.235090 0.004612 -0.069326 -0.442676 -0.682562 0.367472 0.416545 -0.485694 -0.092911 -0.174299 -0.265351 0.084286
hsa6097 -0.690972 0.550922 -0.241446 -0.194554 0.498452 0.458513 -0.191751 0.341990 0.067552 0.524993 -0.308854 -0.060886 -0.021654 0.563422 -0.013087 0.196656 0.146381 -0.271899 -0.067535 -0.080893 0.239246 0.483122 -0.409911 -0.210322 -0.129983 1.180236 -0.294411 -0.209525 -0.081663 -0.147325 -0.498505 0.478216
D00627 -0.429062 0.394440 -0.406285 0.378032 0.030721 0.687554 -0.020308 -0.013158 0.417351 0.661117 -0.379145 -0.356958 -0.462296 0.598638 -0.473804 -0.008741 0.347383 -0.293879 0.227721 0.082811 -0.363703 -0.107379 0.099851 -0.439265 -0.260764 0.566150 0.284106 -0.523025 0.262405 -0.150703 -0.438663 0.270484
D00586 -0.653948 0.199979 -0.063441 0.209110 0.145870 0.122468 0.070372 -0.049102 0.208602 -0.506993 -0.269161 0.188020 -0.150472 0.116617 -0.348442 -0.258581 -0.354963 0.211403 -0.199690 -0.400856 0.172525 -0.519629 -0.095680 -0.111185 -0.762238 0.288932 0.401390 -0.663283 0.192249 -0.103655 0.087895 -0.243765
hsa3174 -0.556010 0.350895 -0.314947 -0.176923 -0.009624 0.031936 0.418023 -0.346687 0.788807 0.599460 0.135428 -0.478876 0.344600 -0.246471 0.257245 0.102839 0.410815 0.059554 -0.572309 -0.569866 0.176192 -0.039079 0.260402 -0.417165 -0.332761 0.852479 0.756240 0.142410 0.005023 0.352606 -0.231864 0.007266
hsa9971 -0.836153 0.262988 -0.439745 0.313867 -0.166526 0.386326 0.433777 -0.025829 0.094268 0.327078 -0.279412 -0.096306 -0.064649 -0.214800 0.744675 0.399030 0.051636 0.543252 0.090445 -0.115006 -0.012567 0.793057 -0.192966 -0.368279 -0.004722 0.662674 0.621306 0.069777 0.177251 0.020781 0.125048 -0.345951
D00690 -0.271207 -0.613108 -0.273822 -0.081134 -0.399435 0.060993 0.318112 -0.003201 0.323519 -0.435720 -0.096115 -0.304977 0.041966 -0.366926 0.329267 -0.094821 -1.034271 0.023360 -0.330258 -0.096539 -0.550275 0.044543 -0.504558 0.021215 -0.190058 0.855324 -0.434979 -0.862432 0.099131 0.133238 0.049337 -0.119878
D00462 -0.123856 -0.264652 -0.564037 0.271914 0.153786 0.047480 -0.009741 -0.103178 0.600020 0.029526 -0.684236 -0.074034 -0.045460 -0.448611 0.409074 0.581847 -0.533330 0.377552 -0.339585 -0.068630 0.309040 0.406207 -0.445279 -0.218851 0.141243 0.671958 0.490453 -0.418598 0.443343 0.061773 -0.048260 -0.375622
D01387 -0.476335 -0.571878 -0.479078 -0.153448 -0.254669 -0.012153 0.617532 -0.013242 0.284588 -0.177886 -0.199506 -0.151229 0.096756 -0.645870 0.429021 -0.152386 -0.787931 0.015827 -0.131020 0.004241 -0.607582 0.120759 -0.757423 -0.108006 -0.430084 0.728690 -0.268533 -0.983656 -0.001462 -0.056410 -0.294235 0.104171
D00956 -0.329304 -0.672656 -0.694354 0.312778 0.254213 0.220248 -0.397807 -0.177261 0.645062 0.092808 -0.185089 -0.236236 0.058754 0.177970 -0.421797 -0.025013 -0.700594 0.059198 -0.333813 -0.143945 -0.227845 0.356723 -0.040302 -0.001338 -0.229693 0.265195 -0.032148 -0.851628 0.541062 0.101594 -0.324181 -0.048254
hsa190 -0.677497 0.868395 -0.150788 -0.627932 0.141831 0.290804 0.458356 0.462967 0.301593 -0.046248 -0.344433 0.145633 -0.349703 0.231924 0.392447 -0.056193 0.444650 0.317708 -0.718541 -0.374344 0.129592 0.250213 -0.275735 -0.371255 -0.434722 1.551468 -0.189640 0.307858 -0.345887 -0.009755 0.192067 0.577435
