hsa2099 -0.284493 -0.070302 0.114240 0.002712 -0.225498 0.532848 -0.357183 -0.373554 0.328782 0.456791 -0.067302 -0.289107 -0.046564 0.188610 -0.302517 -0.186825 0.015855 0.163759 -0.139287 -0.269476 0.263518 -0.167053 -0.054724 -0.022182 0.240083 0.581290 -0.105365 0.026358 0.103365 0.148763 0.192801 0.216277
D01132 -0.352949 0.206911 0.380016 -0.030154 0.493528 0.224445 -0.219690 -0.072207 -0.265641 0.424963 0.189939 0.248464 0.068902 -0.052552 0.322494 -0.250619 0.344257 0.033884 0.329308 -0.124807 0.328497 -0.338745 -0.237388 -0.364034 0.002482 0.649095 0.163372 0.058199 -0.293785 -0.184622 0.162369 0.313612
D00094 -0.181427 0.195507 0.185713 -0.360560 0.533189 0.082502 -0.060630 0.008695 -0.205407 0.535287 0.175120 0.317502 0.233889 -0.117341 0.569041 -0.282763 0.367094 0.087673 0.045829 -0.173182 0.340758 0.008495 -0.336131 -0.354836 0.089035 0.824888 0.033171 0.209956 -0.427134 -0.268024 0.322996 0.649820
D00577 -0.437588 0.292429 0.438222 0.130384 -0.024021 0.553474 -0.242358 -0.085298 0.068462 0.717520 0.254591 -0.408389 -0.045580 0.408449 0.043406 -0.346085 0.158470 0.098862 0.049343 -0.201190 0.073563 -0.190264 -0.155289 0.067529 -0.086622 0.558822 0.237098 0.125279 -0.176692 -0.084293 0.044365 0.171996
hsa5241 -0.358405 -0.313177 -0.118468 0.213601 -0.058130 0.129507 -0.413186 -0.441427 0.132879 0.138139 -0.405933 -0.415434 0.160892 0.115275 0.048831 0.003275 -0.394253 -0.174478 -0.714780 -0.321838 0.485110 -0.106685 -0.311190 0.182651 -0.289769 0.748524 -0.089779 -0.236164 -0.224233 0.169759 0.228696 -0.077740
D00316 -0.274229 0.054661 0.332765 -0.388662 0.507538 0.345492 -0.112007 -0.024713 -0.506039 0.600654 0.268145 0.285640 -0.152311 -0.023105 0.579500 -0.508422 0.536766 0.213905 0.097022 -0.234224 0.215920 -0.243627 -0.075031 -0.466595 -0.051868 0.723900 0.037644 -0.151697 -0.377354 -0.081029 0.252719 0.429293
hsa367 -0.604893 -0.121033 -0.171001 0.286475 -0.041885 0.257731 -0.231289 -0.330361 0.011333 -0.097716 -0.573746 -0.130634 -0.176367 -0.271622 -0.203726 -0.071862 0.140278 0.183558 -0.478417 -0.185795 0.975500 -0.145732 -0.057095 0.005724 -0.472508 0.338589 0.398401 -0.047860 -0.076901 -0.011112 0.195993 -0.149091
D00066 -0.247121 -0.430022 -0.209255 0.393721 -0.218021 0.114831 -0.451855 -0.331079 0.339678 0.198084 -0.541343 -0.303670 0.178337 -0.136224 0.053665 0.007121 -0.160500 -0.173356 -0.489988 -0.226825 0.618122 0.033309 -0.250036 0.049815 -0.123847 0.588296 0.078765 0.099162 -0.136148 -0.080972 0.218009 -0.010013
D00075 -0.550351 -0.368029 -0.318006 0.268202 -0.161359 0.170538 -0.240655 -0.296306 0.210278 0.254182 -0.451221 -0.212794 0.127111 -0.012066 -0.216754 -0.111743 -0.192716 -0.007047 -0.533501 -0.189616 0.710557 0.008529 0.008107 0.163905 -0.211732 0.520983 0.110480 0.094374 -0.057729 0.100599 0.184490 0.042939
D00585 -0.543667 -0.238860 -0.351608 0.096442 0.084446 0.265950 -0.257735 -0.550493 0.129587 -0.155757 -0.651503 -0.564214 -0.138917 0.030171 0.087398 -0.024821 -0.180886 -0.055329 -0.415721 -0.121896 0.598113 -0.185038 -0.130244 0.066376 -0.324919 0.759648 0.181667 -0.391817 0.038294 0.113341 0.222169 -0.026793
D00088 -0.506905 -0.721239 -0.313995 0.141552 0.019449 0.020783 -0.285388 -0.639989 0.142532 0.161737 -0.509319 -0.425815 -0.012846 -0.052377 -0.073098 -0.178637 -0.426090 -0.311731 -0.612157 -0.178825 0.500678 -0.380320 -0.368285 0.166861 -0.459533 0.726136 0.090839 -0.549428 0.054041 -0.052598 -0.109286 0.209640
hsa2908 -0.662454 -0.499886 -0.288797 -0.058014 0.091448 0.284751 -0.061613 -0.588884 0.035897 -0.039174 -0.513118 -0.366865 -0.171740 -0.274087 0.348360 -0.198035 -0.460987 -0.117644 -0.416418 -0.118111 0.172226 -0.344971 -0.595815 0.104101 -0.345859 0.918452 0.100952 -0.706221 -0.001621 -0.031912 0.041117 0.072323
hsa5915 -0.175478 0.009369 0.300069 -0.201119 0.510718 0.462853 -0.154248 -0.159445 -0.384518 0.674035 0.044707 0.404054 -0.138915 -0.000928 0.507460 -0.407574 0.579702 -0.019725 0.406571 -0.002962 0.383038 -0.254310 -0.157102 -0.497293 -0.040255 0.611430 0.252822 0.009467 -0.335068 -0.146750 0.118537 0.335896
hsa5914 -0.102842 -0.013788 0.540021 -0.402293 0.459942 0.463022 -0.186117 -0.091398 -0.374170 0.745942 0.299761 0.201573 -0.085125 -0.063502 0.569631 -0.363730 0.474783 0.184333 0.137360 -0.098648 0.242864 -0.145161 -0.201171 -0.291006 0.124701 0.693377 0.143764 -0.198836 -0.257065 -0.098506 0.240828 0.450250
D00182 -0.441130 -0.506980 -0.032159 0.341832 -0.130100 0.395547 -0.245311 -0.544509 0.178578 0.070432 -0.421135 -0.329992 -0.049280 0.049373 -0.241329 -0.033053 -0.302183 -0.025982 -0.774589 -0.297436 0.606890 -0.050909 -0.113177 0.225922 -0.101962 0.849219 -0.155105 -0.141130 0.114176 0.196215 0.374417 -0.132724
D00950 -0.481746 -0.369842 -0.098565 0.189679 -0.135304 0.315065 -0.182328 -0.363145 0.135328 0.118113 -0.216195 -0.398801 0.040936 0.287109 -0.148035 -0.054477 -0.376515 -0.071155 -0.549383 -0.374685 0.428953 0.012408 0.105082 0.140857 0.049606 0.991928 -0.344412 -0.040154 0.117255 0.221339 0.401307 0.074235
hsa2100 -0.525816 0.272853 -0.058841 -0.118297 -0.158138 0.432903 -0.317650 -0.480015 0.423696 0.724378 0.166794 -0.517734 -0.052927 0.254408 0.115578 -0.524403 -0.169724 0.491674 0.148896 -0.307256 -0.003821 -0.305938 -0.492381 0.274097 0.172373 0.512597 0.196406 0.201634 -0.097170 0.159668 0.212737 0.283109
hsa8856 -0.941996 -0.631389 -0.188109 0.414599 -0.035963 0.229956 -0.044569 0.058606 -0.097929 0.288892 -0.044361 0.376884 0.073830 -0.239334 0.130769 -0.692750 -0.284206 -0.226330 0.203446 -0.128309 0.367300 -0.153973 -0.252754 0.176861 -0.256064 0.451555 0.335751 0.285184 -0.022722 -0.545868 -0.190458 0.251782
hsa5468 0.018136 -0.065967 0.121740 -0.381432 0.377747 0.901179 -0.522723 -0.237131 -0.160611 0.957718 -0.067355 0.138417 -0.144815 0.689060 -0.244238 -0.302311 0.578600 -0.308483 0.229162 0.099231 0.419696 -0.150579 0.242331 -0.282025 0.133202 0.498114 -0.065156 -0.069044 -0.358995 0.006306 -0.174047 0.515854
hsa7421 -0.313119 -0.540441 0.089265 0.049691 -0.175926 0.318254 -0.352634 0.401443 -0.079869 0.393756 -0.317788 0.671403 -0.058436 -0.702525 0.646162 -0.528030 0.365836 -0.518500 -0.288151 -0.208846 0.436084 0.017632 -0.122050 -0.356346 -0.064861 0.495774 -0.213812 0.384189 -0.609983 -0.513978 0.087410 0.451629
D00143 -0.523841 -0.428103 -0.208344 0.636270 -0.099730 0.002025 -0.326236 0.058413 0.245086 0.237705 -0.367355 0.115251 0.405082 -0.292254 0.291367 -0.076603 -0.145744 -0.152843 -0.167022 -0.145878 0.668898 0.345005 -0.126111 0.022011 -0.047767 0.563145 0.325394 0.473795 0.009900 -0.433163 0.326811 0.139158
hsa6256 -0.185728 0.316690 0.411574 -0.297344 0.325154 0.184070 -0.135791 0.019978 -0.262641 0.609348 0.254216 -0.109721 0.067228 0.039092 0.685769 -0.238234 0.392941 0.028108 0.064808 -0.135100 0.244568 -0.201719 -0.180823 -0.315487 -0.065282 0.693022 0.154270 0.038383 -0.433892 0.024667 0.225846 0.438685
D00279 -0.344451 -0.111511 0.388348 -0.173146 0.494086 0.148302 -0.631502 -0.151267 -0.510258 0.306130 0.196849 0.266995 -0.300845 0.133957 0.006184 -0.585420 0.551046 0.137736 0.167512 -0.261431 0.837733 -0.531933 -0.030914 -0.370277 -0.293143 0.072695 0.085453 -0.068407 -0.195962 -0.145444 -0.105682 0.508825
D00954 -0.342203 -0.246349 0.064326 0.217627 -0.135142 0.342266 -0.324465 -0.313898 0.058253 0.218157 -0.185971 -0.462278 0.000182 0.301599 -0.037499 -0.036218 -0.243839 -0.037454 -0.805394 -0.417794 0.454011 -0.037637 0.043599 0.206902 -0.104613 0.785097 -0.308645 -0.079953 -0.170213 0.354410 0.381320 -0.110949
D01294 -0.307454 -0.386429 -0.006358 0.149319 -0.130948 0.287661 -0.387250 -0.636791 0.247603 0.336841 -0.223082 -0.250934 0.039318 0.063200 -0.283827 -0.126152 -0.230020 0.250527 -0.729317 -0.381454 0.502106 -0.142125 -0.315489 0.313285 0.084718 0.679300 -0.227062 -0.152052 -0.062940 0.356129 0.309328 -0.090992
D00951 -0.334786 -0.606374 -0.262839 0.473831 0.086959 -0.128738 -0.582723 -0.606164 0.296780 0.324823 -0.489754 -0.290773 0.205507 0.146850 0.108854 -0.125780 -0.327396 -0.139322 -0.625030 -0.174225 0.662183 -0.037228 -0.338988 0.377539 -0.300812 0.537955 0.193979 -0.016929 -0.078663 -0.021901 0.204219 0.012187
D00040 -0.041841 -0.199516 0.047621 0.269648 0.152122 0.170938 -0.344644 -0.030275 0.151739 0.300058 -0.550588 0.343204 0.343461 -0.392347 0.387100 0.264394 0.214661 -0.633744 -0.227698 0.165420 0.591929 0.079088 -0.520446 -0.181915 0.219448 0.795344 0.032067 0.253560 -0.287658 -0.407365 0.020085 0.227652
D00105 -0.578585 0.296394 -0.188888 -0.088681 -0.283769 0.477563 -0.402968 -0.549341 0.525686 0.576860 -0.042676 -0.544285 -0.023320 0.072175 -0.229268 -0.368881 -0.118675 0.618351 -0.148747 -0.385386 0.197175 -0.261588 -0.455836 0.236763 0.187108 0.592785 -0.017677 0.125836 -0.145507 0.323500 0.224661 0.143008
hsa6257 -0.298808 0.335253 0.246231 -0.403513 0.527678 0.126161 -0.084525 -0.081636 -0.309828 0.557216 0.249830 0.128924 0.007644 -0.131781 0.692046 -0.357023 0.465977 0.354239 0.210965 -0.168444 0.263111 -0.206876 -0.220565 -0.335965 -0.080847 0.652564 0.358395 -0.108834 -0.324687 -0.111425 0.306389 0.474293
hsa5916 -0.362196 0.124330 0.162552 -0.257249 0.532868 0.373638 -0.077836 0.043530 -0.518892 0.442213 0.022089 0.291065 -0.238019 0.044615 0.719914 -0.434961 0.522480 0.010690 0.198984 -0.047333 0.238496 -0.166981 -0.115504 -0.444619 -0.276456 0.663759 0.207693 -0.163597 -0.393599 -0.215850 0.113419 0.367738
D00327 -0.251469 -0.491421 -0.070487 0.205136 -0.060329 -0.037469 -0.520910 -0.393150 0.191427 0.248233 -0.457013 -0.574783 -0.074287 0.131426 0.065989 -0.076427 -0.166684 -0.135336 -0.426938 -0.265830 0.662402 -0.144902 0.006243 0.083001 -0.207502 0.549736 0.052971 -0.220555 0.164334 0.021991 0.193094 0.159763
D00187 -0.021594 -0.316962 0.289424 -0.266823 -0.032784 0.162780 -0.105554 0.279933 0.044618 0.619228 -0.101369 0.569021 0.102398 -0.609674 0.715442 -0.400375 0.315917 -0.488880 -0.347823 -0.136185 0.266777 -0.003007 -0.280851 -0.274146 0.095718 0.668571 -0.240586 0.460221 -0.652748 -0.427569 0.237931 0.722970
D00067 -0.624356 0.240539 -0.238443 0.025363 -0.191239 0.610244 -0.658569 -0.537592 0.459344 0.341633 -0.258745 -0.387493 -0.186519 0.142919 -0.233657 -0.411880 0.129816 0.725440 -0.018289 -0.349756 0.457482 -0.130973 -0.337591 0.170162 0.288705 0.396957 -0.100050 0.197161 -0.072987 0.303176 0.247815 -0.004747
D04066 -0.488312 0.115650 -0.026904 -0.038624 -0.293203 0.458139 -0.491358 -0.599542 0.557301 0.574612 -0.084479 -0.525353 -0.136124 0.114380 -0.050898 -0.469095 -0.136254 0.500392 0.141833 -0.330077 0.184286 -0.364751 -0.385970 0.210888 0.300386 0.483990 -0.071342 0.294385 -0.005226 0.229186 0.325105 0.165082
D00188 0.032595 -0.526908 0.200575 -0.226318 0.033761 0.123190 -0.222501 0.156470 0.068594 0.486964 -0.247677 0.729549 0.174010 -0.781449 0.455596 -0.251017 0.419361 -0.481950 -0.742659 -0.087267 0.422185 -0.006067 -0.369367 -0.371350 0.112188 0.621692 -0.272005 0.287102 -0.638072 -0.351758 0.187173 0.614966
hsa2104 -0.173845 0.209204 0.527230 -0.107715 -0.038044 0.416285 0.193993 -0.299602 -0.053087 0.782516 0.246228 -0.371806 -0.133801 0.092942 0.515180 -0.167045 0.150405 0.154956 -0.225846 -0.068999 0.074745 -0.286597 -0.340360 0.122528 -0.041203 0.577334 0.423043 -0.082410 -0.115126 0.189482 0.276757 0.190927
hsa4306 -0.525796 -0.103110 -0.268559 0.245889 0.266833 -0.164741 -0.639388 -0.442158 -0.041305 -0.314005 -0.641248 -0.709490 -0.204161 0.254701 0.712613 0.039937 -0.223282 -0.104033 -0.242671 -0.185968 0.815270 -0.133235 -0.113831 0.039917 -0.278831 0.760760 0.069975 -0.226126 0.128500 0.137371 0.367127 0.045852
D00898 -0.512505 0.251711 0.492150 0.120063 0.039511 0.551237 -0.375199 0.059126 -0.096985 0.685802 0.309435 -0.509387 -0.065337 0.606406 -0.137949 -0.224200 0.117342 0.138892 0.170513 -0.366177 0.306273 -0.129907 0.206989 -0.071108 0.008542 0.709285 0.169743 0.028892 0.066094 -0.028482 0.207557 0.270672
D00129 -0.167917 -0.373282 0.085506 -0.030699 -0.168537 0.360340 -0.160498 0.337995 0.023777 0.458508 -0.495873 0.579954 -0.111323 -0.807607 0.730079 -0.292537 0.360992 -0.589654 -0.274473 -0.118181 0.337704 -0.021571 -0.213825 -0.465394 -0.002559 0.688468 -0.145918 0.334537 -0.590795 -0.469747 0.196734 0.438518
D00163 0.001873 -0.359483 -0.249539 0.306646 -0.242340 0.236302 0.120650 0.201113 -0.058746 0.562267 -0.667009 0.338383 -0.005713 -0.482962 0.620442 0.062809 0.142428 -0.239916 -0.079374 -0.068690 0.665511 0.387308 0.017328 -0.480025 -0.175665 0.812023 0.421196 0.258406 -0.282186 -0.171344 0.470830 -0.056903
hsa6258 -0.417103 0.200333 0.117498 -0.507910 0.719567 0.213864 0.136501 -0.080498 -0.476825 0.501761 0.301253 0.682380 0.050927 -0.159746 0.242084 -0.426434 0.214743 0.301753 0.085656 -0.249460 0.322780 -0.271857 -0.476930 -0.351109 -0.035861 0.877945 -0.009388 0.014610 -0.410430 -0.154794 0.325879 0.618986
D00730 -0.784087 -0.424276 0.344859 0.372851 0.130741 0.238992 -0.411903 0.242322 -0.341038 0.440901 0.401879 0.430196 0.065521 0.109778 0.249359 -0.821590 0.034201 -0.131595 0.205326 -0.329871 0.494668 -0.086615 -0.110830 0.013235 -0.281800 0.190253 0.167456 0.538458 -0.226869 -0.486680 -0.078259 0.407979
D02367 -0.391913 -0.191023 0.126201 0.240825 0.067072 0.530549 -0.332734 -0.509427 0.055264 0.202806 -0.113055 -0.285895 0.130223 0.374635 -0.381549 0.010499 -0.329146 0.116164 -0.427998 -0.318375 0.474537 -0.008869 -0.121739 0.119564 0.153506 0.976422 -0.382728 0.039477 0.027859 0.260532 0.473870 -0.156524
D01161 -0.574419 0.233237 -0.167745 -0.215029 -0.399593 0.328755 -0.247363 -0.409426 0.386089 0.596463 0.175736 -0.561539 0.017850 0.007142 -0.197107 -0.401368 -0.215710 0.570590 -0.035772 -0.498255 0.254743 -0.361891 -0.151126 0.063458 0.198772 0.685454 -0.071551 0.172901 -0.091368 0.376235 0.379050 0.276954
D00506 -0.632788 0.096163 -0.061925 0.184114 0.184856 0.484030 -0.895227 0.277182 -0.268529 0.100081 -0.260653 0.109133 -0.221797 0.134088 0.420036 -0.696367 0.705165 -0.078113 -0.068436 -0.271942 0.628626 -0.016301 0.120141 -0.218283 -0.517365 -0.104796 0.013187 0.232295 -0.768590 -0.307039 -0.143438 0.082419
D00596 -0.363497 0.109650 0.082441 -0.311927 -0.004799 0.883259 -0.436814 0.188572 -0.171243 0.815161 0.040046 -0.274496 -0.182907 0.582717 -0.199624 -0.512609 0.431386 -0.189231 0.146677 -0.213257 0.185526 -0.049493 0.533295 -0.265080 -0.137905 0.470905 -0.041459 -0.080062 -0.416459 -0.032063 -0.172542 0.455777
D00554 -0.644894 0.269520 -0.161896 -0.076893 -0.500538 0.756983 -0.469291 -0.468860 0.565206 0.448636 -0.252847 -0.430368 -0.153000 -0.018169 -0.279252 -0.402872 0.083603 0.565331 0.085148 -0.409931 0.320818 -0.219130 -0.206449 0.107785 0.411858 0.556940 -0.220617 0.325625 -0.124253 0.321614 0.340910 0.019098
D00565 -0.551977 0.262981 0.655282 0.218767 0.358380 0.309698 -0.582538 0.091330 -0.298214 0.251246 0.162192 -0.029570 -0.194413 0.136991 -0.141461 -0.200274 0.413214 0.254077 0.130258 -0.365851 0.620475 -0.313905 0.084271 -0.292312 -0.141972 0.415544 0.288050 -0.017182 0.044423 -0.297543 0.202863 0.204648
D00956 -0.516787 -0.408222 -0.060402 0.393894 -0.135424 0.426656 -0.366703 -0.564211 0.333500 -0.002485 -0.628597 0.019175 -0.074317 -0.372828 -0.438019 -0.009967 0.103762 0.129829 -0.888713 -0.162161 0.898495 -0.206545 -0.392268 0.229340 -0.061330 0.422893 0.006929 -0.060052 -0.067301 0.062254 0.151354 -0.183096
D00443 -0.553356 -0.255976 -0.425954 0.587326 0.086639 -0.168525 -0.723715 -0.274740 0.190011 -0.088601 -0.607007 -0.475378 0.141238 0.156190 0.633327 -0.068292 -0.254571 -0.223979 -0.012359 -0.184770 0.732914 0.063234 -0.186097 0.060333 -0.109343 0.716413 0.161107 0.161602 0.144994 -0.199432 0.286019 0.048929
hsa5465 0.015472 -0.360105 0.196059 -0.553873 0.659019 0.131436 -0.684927 -0.351920 -0.567405 0.624559 0.059928 0.423008 -0.393560 0.256717 0.323057 -0.742919 0.699923 -0.010884 0.333241 -0.083573 0.912705 -0.541657 0.040461 -0.491256 -0.170276 0.079641 -0.048639 0.033268 -0.402647 0.119703 -0.081863 0.750923
D00930 -0.204494 -0.453618 0.144640 -0.334757 -0.162650 0.180257 -0.115970 0.347026 0.018471 0.398034 -0.254056 0.604995 -0.073654 -0.960646 0.714179 -0.517768 0.287973 -0.453733 -0.433970 -0.289546 0.363163 -0.136039 -0.217546 -0.436530 -0.026430 0.664932 -0.333479 0.364396 -0.732870 -0.414557 0.234671 0.709952
D00312 -0.686087 0.034251 -0.182184 0.150344 -0.332797 0.670088 -0.548714 -0.510991 0.474011 0.645985 -0.122798 -0.300160 -0.075757 0.207115 -0.459525 -0.495803 -0.039056 0.540356 -0.024662 -0.347358 0.315046 -0.204501 -0.349370 0.316480 0.212835 0.363658 -0.038337 0.194145 -0.056431 0.200573 0.088920 0.027701
D01217 -0.422828 -0.360199 -0.655398 0.459751 0.084178 -0.157279 -0.585667 -0.441287 0.397734 0.126626 -0.676826 -0.149059 0.465214 0.002491 -0.078168 -0.022277 -0.390855 -0.191413 -0.294790 -0.162444 0.841766 0.049707 -0.325881 0.149146 -0.267029 0.587928 0.202774 0.218018 -0.167389 -0.208750 0.222252 0.120044
D01115 -0.388348 -0.579224 -0.273281 0.440993 0.064803 -0.151576 -0.624881 -0.502924 0.154742 0.095205 -0.651844 -0.590078 -0.022133 0.261231 0.615816 -0.045359 -0.322725 -0.442051 -0.135435 -0.080083 0.723995 -0.127211 -0.134455 0.118645 -0.133131 0.727830 0.138897 -0.123222 0.308444 -0.075699 0.241435 0.185755
hsa6096 -0.208006 0.197172 0.262226 -0.293256 0.782602 0.158842 -0.157427 -0.158219 -0.314524 0.596354 0.257145 0.507377 0.439217 0.111329 0.232076 -0.082330 0.209942 -0.189230 0.350413 0.075678 0.474548 -0.141534 -0.458128 -0.247484 0.124041 0.865763 -0.009186 0.213606 -0.472507 -0.280959 0.109249 0.645245
hsa9970 -0.832700 0.000810 -0.419363 -0.057409 0.067802 0.703140 -0.407455 0.165315 -0.281029 0.135189 -0.457080 0.349287 -0.352614 -0.156417 0.697015 -0.860363 0.515685 0.010574 -0.002596 -0.111903 0.272209 0.069375 -0.157040 -0.143498 -0.522185 0.087744 -0.081745 0.139192 -0.917321 -0.337529 -0.113355 0.071633
hsa2103 -0.290623 0.410746 0.504687 -0.029849 -0.074829 0.388757 0.040370 -0.142742 0.094805 0.803675 0.225808 -0.652558 -0.086244 0.364712 0.383798 -0.197339 0.199488 0.282060 -0.363596 -0.168600 0.213706 -0.123570 -0.298991 0.233236 -0.226838 0.541861 0.486873 0.091688 -0.302596 0.288242 0.188383 0.251124
hsa6095 0.112064 0.067375 0.251618 0.018864 0.314354 0.247849 -0.372686 -0.094549 0.170291 0.575843 -0.206490 0.326503 0.404316 -0.101697 -0.036958 0.217413 0.331277 -0.671406 0.161841 0.116985 0.478432 -0.209822 -0.344787 -0.452067 0.277764 0.775645 0.012254 0.248418 -0.306298 -0.386848 -0.001032 0.575743
D00627 0.051761 0.017050 0.191210 -0.210512 0.228382 1.081450 -0.543841 -0.244105 -0.043880 0.892006 -0.322578 0.018755 -0.371493 0.651757 -0.158083 -0.206478 0.592049 -0.377147 0.280882 0.050169 0.351411 -0.204232 0.214631 -0.349753 0.174563 0.485988 -0.031915 -0.150030 -0.242513 -0.056166 -0.103849 0.305799
D00586 -0.495039 0.263189 0.424722 0.186617 0.201129 0.095984 -0.488703 -0.305303 -0.251381 -0.059888 -0.226447 -0.177650 -0.310719 -0.181965 -0.456064 -0.094170 0.541355 0.249137 -0.439801 -0.361508 1.180429 -0.726260 -0.069460 -0.197536 -0.554921 0.104483 0.405013 -0.305604 -0.107361 0.022763 0.026054 0.062922
D00348 -0.012250 -0.110361 0.645940 -0.485855 0.334535 0.281181 -0.238063 0.004049 -0.294017 0.732769 0.332130 0.413423 -0.008619 -0.428961 0.634609 -0.404911 0.510436 0.257860 -0.113255 -0.227268 0.391737 -0.094349 -0.313237 -0.214643 0.277427 0.596849 -0.011530 -0.037129 -0.362292 -0.219575 0.353274 0.580840
D00965 -0.707460 0.162819 -0.339090 0.151421 -0.056728 0.287289 -0.513539 -0.283257 0.166884 0.066521 -0.575909 -0.070353 -0.232171 -0.222423 -0.089130 -0.456292 0.594158 0.447318 -0.184412 -0.151609 1.011850 -0.221991 -0.111189 0.032320 -0.347770 -0.195774 0.424215 0.195640 -0.299526 0.034739 -0.017749 0.092201
D02217 -0.068736 0.047371 0.521264 0.019115 -0.146063 0.732990 -0.503905 -0.442462 0.391928 0.549203 -0.069474 -0.335355 -0.109135 0.375438 -0.514828 -0.166101 0.206257 -0.219372 0.043105 -0.249762 0.192144 -0.456557 0.035893 -0.181969 0.275691 0.585213 -0.269256 0.200896 -0.015305 -0.113887 0.220242 0.306654
hsa9971 -0.176229 -0.306244 -0.223634 0.192362 -0.117599 0.342378 0.138707 0.278149 -0.239650 0.619600 -0.576767 0.452580 -0.107009 -0.459536 0.744199 -0.172023 0.301035 -0.124424 -0.071440 -0.084742 0.590818 0.325240 0.067494 -0.510901 -0.367674 0.640599 0.477978 0.190303 -0.449739 -0.253034 0.426372 0.024266
D00299 -0.008767 -0.373208 0.357747 -0.360753 -0.159938 0.151681 -0.083488 0.197818 0.124952 0.677600 -0.086091 0.571607 0.004134 -0.837214 0.642898 -0.440082 0.357712 -0.430906 -0.421413 -0.145659 0.249442 -0.205169 -0.416966 -0.320840 0.164017 0.632123 -0.167939 0.405195 -0.581684 -0.425150 0.205249 0.813488
D00962 -0.164457 0.087109 0.077575 -0.125961 -0.210045 0.679916 -0.293099 -0.148736 0.058302 0.784325 -0.011734 -0.483214 -0.136426 0.486067 -0.291267 -0.188008 0.209385 -0.001687 0.136602 -0.266056 0.305522 -0.194786 0.369470 -0.264029 0.048107 0.655324 0.084770 -0.153417 -0.060550 0.180981 0.082325 0.228143
D00690 -0.475091 -0.541226 -0.160177 0.148058 -0.073402 0.181175 -0.145646 -0.532858 0.027331 0.061784 -0.484786 -0.469644 -0.029924 -0.227192 0.244157 -0.037810 -0.585128 -0.401156 -0.675513 -0.301132 0.213647 -0.405581 -0.612331 0.075265 -0.404337 1.051876 -0.084018 -0.687453 -0.110668 -0.018114 0.027405 -0.024851
D01387 -0.851915 -0.617144 -0.392719 0.031162 -0.091820 0.288161 0.094690 -0.395905 0.023252 0.004008 -0.309404 -0.325035 0.010338 -0.361700 0.190484 -0.310856 -0.620072 -0.402555 -0.445476 -0.184851 0.028203 -0.465274 -0.604996 0.063279 -0.434223 0.986466 0.028143 -0.665524 -0.019611 -0.226951 -0.199810 0.225621
hsa2101 -0.434626 0.530302 0.481121 0.250144 -0.046762 0.382709 -0.182650 -0.111577 0.183536 0.576464 0.189862 -0.418907 0.049163 0.342365 0.157085 -0.133489 0.037488 0.011122 -0.144472 -0.211376 0.124968 -0.251367 -0.383768 0.238560 -0.125458 0.540406 0.322078 0.250020 -0.221749 -0.043500 0.150015 0.113322
D05341 -0.235258 0.380171 -0.379919 -0.622441 -0.663104 0.101712 0.136757 0.203975 0.165942 0.796379 0.005445 -0.603745 -0.037863 -0.174992 0.079261 -0.256392 0.186971 0.139544 -0.108384 -0.483545 0.446716 -0.271469 0.576827 -0.556943 -0.186936 0.682717 0.181266 0.190833 -0.397306 0.373846 0.333418 0.711195
D00462 -0.408564 -0.279721 -0.084207 0.300129 -0.280063 0.293760 0.154328 -0.226601 0.117916 0.316024 -0.712520 -0.115257 -0.113589 -0.487898 -0.015512 0.127047 0.135135 0.041311 -0.509240 -0.026829 0.918117 0.036038 -0.054001 -0.013143 -0.279274 0.515352 0.631119 -0.006104 0.033570 0.042417 0.226791 -0.112839
D01441 -0.051343 0.391789 0.694392 0.125841 0.371292 0.678784 -0.496511 0.022151 -0.051219 0.520162 -0.098811 0.246786 0.234923 0.101702 -0.382944 0.335872 0.559298 -0.659469 0.096921 -0.015601 0.378736 -0.431449 -0.173755 -0.611553 0.174910 0.894998 -0.087239 -0.040943 -0.379329 -0.376806 -0.096692 0.228053
D01689 -0.656255 -0.522032 -0.213459 0.008843 -0.008898 0.267914 0.027590 -0.634256 0.089807 -0.047248 -0.530731 -0.232173 -0.170093 -0.512350 0.058226 -0.122163 -0.454642 -0.218140 -0.566292 -0.156784 0.273758 -0.575814 -0.718013 0.089543 -0.371234 0.831273 0.072576 -0.769164 0.029314 -0.091990 -0.065733 0.104492
D00246 -0.774272 -0.646006 -0.374492 -0.082969 0.152561 0.187568 -0.128465 -0.711823 -0.020663 -0.220789 -0.567143 -0.397237 -0.215378 -0.306908 0.253192 -0.198104 -0.585554 -0.224230 -0.485609 -0.217022 0.261180 -0.547485 -0.583973 0.004643 -0.384726 1.015360 -0.087359 -0.886603 0.110396 -0.064688 0.007232 0.215826
hsa3174 -0.158370 0.580299 0.038294 -0.727667 -0.309723 0.004226 0.231252 0.047450 0.132760 0.706462 0.148006 -0.570502 -0.080012 -0.226147 0.296673 -0.272775 0.419979 0.237738 -0.213472 -0.371760 0.443220 -0.448409 0.210910 -0.461958 -0.252802 0.600103 0.261304 0.215937 -0.549366 0.395872 0.310350 0.770639
D00211 -1.216539 -0.782502 -0.445405 0.241092 0.007851 0.170415 0.131387 -0.328159 -0.173223 0.125233 -0.043244 0.086623 0.064415 -0.164039 0.244798 -0.794336 -0.325691 -0.253317 -0.159530 -0.148775 0.145283 -0.293129 -0.282372 0.337423 -0.569583 0.614278 0.204951 -0.195751 0.050748 -0.412980 -0.329926 0.335070
D00961 -0.503991 0.532055 0.792647 0.350859 -0.086583 0.417268 -0.469068 -0.111573 0.095584 0.163668 -0.019223 -0.373400 -0.162551 0.033934 -0.431203 0.113640 0.353281 -0.423470 -0.150080 -0.234204 0.591983 -0.866279 -0.152799 -0.034064 -0.052415 0.502607 0.134723 -0.049506 0.026617 -0.276067 -0.052728 0.240497
hsa190 -0.036152 0.649122 0.187148 -0.590118 0.363584 0.108390 0.247036 0.130319 -0.158836 0.607572 0.247574 0.474258 0.122003 -0.038490 0.403603 -0.227047 0.522745 0.168669 -0.318626 -0.238450 0.644936 0.161504 -0.430590 -0.416207 -0.100032 0.951424 -0.033159 0.798135 -0.767652 -0.065367 0.553989 1.005144
hsa6097 -0.546976 0.237702 -0.053523 -0.282928 0.704888 0.397684 -0.280237 -0.216310 -0.055271 0.486932 -0.098408 0.721813 0.401038 0.187330 -0.233075 -0.187098 0.075083 -0.754683 0.601510 0.323894 0.495850 -0.543204 -0.704407 -0.017896 0.175945 0.735815 -0.184182 0.367520 -0.565583 -0.533174 -0.443685 0.886789
