hsa2099 -0.394846 0.059607 -0.247307 0.025807 -0.281402 0.448129 -0.199257 -0.127932 0.487894 0.183143 -0.196383 -0.680094 0.040680 0.358359 -0.340795 -0.106422 -0.258708 -0.058939 -0.481177 -0.586802 0.003376 0.099354 0.187225 0.111436 -0.100847 0.428099 0.093394 -0.146315 0.140378 0.357105 0.025025 -0.190735
hsa5241 -0.231583 -0.279809 0.053835 0.159789 0.120618 0.261003 -0.315002 -0.229119 0.061628 -0.152191 -0.243491 -0.224785 0.212679 0.362581 -0.051141 -0.002303 -0.649556 -0.089173 -0.572857 -0.539877 0.448454 -0.006789 0.072804 0.410201 -0.178708 0.746234 -0.179458 -0.270795 0.110039 0.323953 0.229046 -0.408156
hsa367 -0.242350 -0.074570 0.095214 0.262378 0.471800 0.202534 -0.172932 -0.251243 0.220327 -0.313768 -0.559865 -0.272699 -0.082307 0.265686 -0.541824 -0.072295 -0.100941 -0.127249 -0.337081 -0.482440 0.465578 -0.331956 0.112776 0.150281 -0.307095 0.325993 0.191475 -0.502590 0.554951 0.072102 0.105105 -0.191800
D01132 -0.198099 0.321429 0.304733 0.000671 0.333491 0.340706 0.075676 -0.020665 -0.123196 0.727947 0.081008 0.025915 -0.084069 0.196393 -0.346078 -0.057986 0.398448 -0.020370 0.249025 -0.451628 -0.174291 0.136008 0.145257 -0.594809 -0.419522 0.690357 0.356137 -0.457283 -0.028443 -0.143065 0.017507 -0.039219
D00066 -0.440833 -0.340070 0.151379 0.442441 0.207763 0.438187 -0.302872 -0.210528 0.320317 -0.014157 -0.414456 -0.208360 0.102964 0.121441 -0.119241 0.062865 -0.435402 -0.167221 -0.369821 -0.428897 0.469655 0.004555 0.017574 0.186937 0.137380 0.748649 -0.250603 -0.078614 0.187418 0.167767 0.032848 -0.250919
D00316 -0.215372 0.298871 0.359037 -0.061199 0.447404 0.350413 -0.021295 0.192011 -0.359561 0.680210 -0.036580 0.284363 0.002428 0.440658 -0.177413 -0.225329 0.345781 -0.075555 0.120360 -0.474201 -0.357206 -0.022066 0.217016 -0.356552 -0.510814 0.700463 0.486848 -0.485619 -0.205293 0.022382 -0.012464 -0.049077
D00094 -0.272193 0.214044 0.624244 -0.004540 0.300250 0.418385 0.007663 0.149761 -0.310417 0.874990 -0.043996 0.239862 -0.095822 0.216077 -0.029266 0.032007 0.302434 -0.164856 0.210498 -0.403277 -0.267085 0.165482 0.225433 -0.617573 -0.213627 0.967773 0.164707 -0.311762 -0.350665 -0.135586 -0.062906 0.125022
D00577 -0.052033 0.238935 0.234715 0.241199 -0.376539 0.196515 0.050510 -0.027627 0.272858 0.345017 0.220154 -0.497524 -0.081153 0.300535 -0.391252 0.004221 -0.046768 -0.306247 -0.284186 -0.660753 -0.469716 -0.084947 0.398961 0.019653 -0.266506 0.433924 0.477786 -0.266971 0.003164 0.070815 -0.266574 -0.129225
D00075 -0.351915 -0.294742 -0.328596 0.232270 0.399969 0.302124 -0.212853 -0.239396 0.171700 -0.095611 -0.575446 -0.136845 0.034346 0.446676 -0.365758 -0.139134 -0.281565 -0.209461 -0.413502 -0.471119 0.421179 0.251405 0.374555 0.068014 -0.157661 0.386336 -0.054231 -0.110902 0.461832 0.070382 0.135834 -0.191333
hsa2100 -0.172498 0.466019 -0.324306 0.140086 -0.404815 0.590914 0.044028 -0.343520 0.645781 0.619039 -0.140761 -0.648731 0.118630 0.325222 -0.440633 -0.045346 -0.101624 -0.173960 -0.115743 -0.415634 -0.357137 0.016621 0.086169 0.009980 -0.282947 0.680860 0.461912 -0.043969 -0.041264 0.121864 -0.360935 -0.206866
hsa2908 -0.500628 -0.477056 0.131200 0.201892 0.102160 0.170197 -0.116092 -0.429918 0.036891 -0.407288 0.028439 -0.462083 0.104163 0.234293 0.172282 0.146513 -0.865355 -0.375486 -0.307473 -0.386986 0.030888 -0.247591 0.031423 0.385076 -0.215776 0.938265 -0.188111 -0.939561 0.304685 0.062599 0.029799 -0.317389
D00327 -0.442067 -0.223718 0.043418 0.266931 0.132216 0.276428 -0.351250 -0.227262 0.399136 -0.001621 -0.334842 -0.519600 -0.080336 0.233196 -0.239719 -0.146309 -0.395205 -0.135852 -0.260777 -0.503191 0.306731 -0.223548 0.187643 0.311472 -0.117998 0.463450 0.018008 -0.153081 0.348058 0.138065 0.163565 -0.238179
D00585 -0.542526 -0.233921 0.113278 0.206741 0.202296 0.134625 -0.373782 -0.264871 0.042698 -0.181848 -0.137195 -0.425702 0.230399 0.434905 0.173513 0.054068 -0.707419 -0.103188 -0.220568 -0.455470 0.321197 -0.169102 0.180714 0.506537 -0.193666 0.795072 -0.119787 -0.538019 0.166174 0.294556 0.168616 -0.404596
hsa5915 -0.125860 0.108091 0.433311 -0.018516 0.318341 0.333421 0.119624 -0.000890 -0.490459 0.700779 -0.161598 0.190110 -0.255647 0.270256 -0.095263 0.097764 0.228523 -0.023732 0.248400 -0.292723 -0.259349 0.167854 0.266274 -0.743022 -0.372656 0.766624 0.368138 -0.536814 -0.163598 -0.086740 0.009601 -0.095863
hsa5914 -0.338795 0.154773 0.541263 -0.121486 0.384903 0.358991 -0.115453 0.234845 -0.365938 0.868768 -0.100453 0.088596 -0.188830 0.398539 0.082903 -0.125307 0.421387 0.037624 0.201101 -0.387578 -0.416636 0.219516 0.371254 -0.535109 -0.266411 0.911763 0.308272 -0.222209 -0.258199 -0.056309 0.143816 0.154889
D00182 -0.103185 -0.149940 0.129006 0.257263 0.256814 0.314795 -0.264911 -0.384088 0.196916 -0.205303 -0.102353 -0.310190 0.038077 0.545912 -0.254041 -0.001921 -0.638206 0.043329 -0.607590 -0.726980 0.428084 -0.095497 0.296211 0.440639 -0.237116 0.682269 -0.201353 -0.104686 0.191192 0.394881 0.379809 -0.520805
D00088 -0.566035 -0.429918 -0.027745 0.234524 0.173118 0.333530 -0.226640 -0.444883 0.193431 -0.235076 -0.243280 -0.364135 0.107666 0.153332 0.022051 0.037988 -0.796343 -0.277127 -0.161252 -0.298760 0.169519 -0.112428 -0.087524 0.310889 -0.129741 0.895233 -0.280774 -0.575810 0.331787 0.016363 0.025423 -0.274434
hsa5916 -0.398198 0.106969 0.625856 0.086728 0.336504 0.292181 -0.014814 0.216338 -0.374037 0.820274 -0.081543 0.169631 -0.200761 0.308254 -0.024035 -0.103515 0.428719 -0.120995 0.147953 -0.440529 -0.381195 0.033649 0.384816 -0.467484 -0.247851 0.783167 0.306713 -0.358901 -0.213055 -0.133770 -0.046597 0.053635
D00954 -0.192585 -0.131059 -0.361198 0.205693 0.003105 0.445926 -0.191077 -0.317993 0.241452 0.009815 -0.180796 -0.355151 0.127229 0.612417 -0.223902 -0.205321 -0.488737 0.038291 -0.618413 -0.668338 0.269959 0.260771 0.205431 0.299641 -0.316808 0.585592 -0.016624 0.028423 0.008786 0.382215 0.357624 -0.604726
D00950 -0.117557 -0.015286 -0.170787 0.017797 0.087807 0.311167 -0.202656 -0.218425 0.231675 -0.164479 -0.164072 -0.353552 0.073710 0.648547 -0.165042 -0.049724 -0.395145 -0.074464 -0.630010 -0.579307 0.346365 0.037395 0.342664 0.341414 -0.277404 0.666162 -0.183532 -0.164466 0.099270 0.401554 0.403837 -0.308679
hsa8856 -0.565883 -0.725471 0.042155 0.300847 0.153729 -0.002277 0.255117 -0.136668 -0.382704 -0.115573 -0.206333 0.312079 -0.289175 -0.204008 0.047325 -0.056465 -0.320803 -0.309387 -0.147312 -0.649114 -0.177659 0.419359 0.261517 -0.529093 -0.193247 0.591348 0.190111 -0.314342 0.160174 -0.367470 0.054959 -0.091279
D00143 -0.444317 -0.534866 0.095635 0.376418 0.234597 0.110160 -0.182781 -0.217509 -0.046470 0.114228 -0.440702 -0.039937 -0.121005 -0.065049 0.009792 0.102559 -0.380613 -0.098579 -0.152017 -0.488615 0.439644 0.482270 0.248418 -0.482951 0.113741 0.574819 -0.007246 -0.076925 0.396097 -0.117444 0.178675 -0.125691
hsa7421 -0.588447 -0.301165 0.401978 -0.005604 -0.038391 0.167561 0.128458 0.357791 -0.140765 0.691273 -0.580925 0.668157 -0.204518 -0.484484 0.295448 -0.103045 -0.124991 -0.520858 -0.141250 -0.495128 0.099804 -0.209614 0.110777 -0.296682 -0.040804 1.323440 0.050829 -0.163795 -0.370087 -0.139167 0.384550 0.341306
D00105 -0.614964 0.226958 -0.365244 0.074825 -0.514908 0.518765 -0.268449 -0.178781 0.629215 0.629199 -0.371440 -0.768200 0.229375 0.218309 -0.314104 -0.277204 -0.331480 0.145397 -0.246042 -0.645215 -0.147670 0.051294 0.062622 0.204050 -0.161338 0.612865 0.390344 0.064561 -0.115288 0.386146 -0.169039 -0.329618
hsa4306 -0.625319 -0.118586 0.328119 0.413125 0.208317 0.056647 -0.653043 -0.359902 -0.002412 -0.197163 0.064432 -0.759276 -0.078941 0.511053 0.297110 0.081356 -0.608473 -0.224701 0.017561 -0.369304 0.340115 -0.161905 0.382626 0.204203 -0.075930 0.686862 -0.047491 -0.595949 0.486247 0.060667 0.040292 -0.087244
D00040 -0.163027 -0.258560 0.287762 0.178150 0.263560 0.320558 -0.178648 -0.041467 0.058259 0.643193 -0.523628 0.296341 0.135948 -0.246218 -0.022955 0.305180 -0.310620 -0.410736 -0.022766 -0.275708 0.588571 0.135029 0.074617 -0.377002 0.235173 1.069502 -0.360245 -0.060992 0.107742 -0.121505 0.172695 0.001875
D00951 -0.330530 -0.372572 -0.201211 0.164073 0.194078 0.181816 -0.355975 -0.338386 -0.011484 -0.265757 -0.278105 -0.223064 0.038488 0.367046 -0.081389 -0.123076 -0.607317 -0.217940 -0.304728 -0.386912 0.327748 0.039011 0.102237 0.125369 -0.247436 0.667087 -0.096189 -0.346209 0.260531 -0.002407 0.220993 -0.160016
D01294 -0.139138 -0.050924 -0.180442 -0.015567 0.043672 0.121028 -0.119969 -0.359430 0.332012 -0.274708 -0.300253 -0.519157 0.071011 0.323762 -0.200716 -0.014498 -0.589400 0.033936 -0.814248 -0.765508 0.473342 0.004935 0.195829 0.172858 -0.275677 0.699849 -0.196292 -0.174043 0.217352 0.385524 0.354976 -0.206626
hsa6257 -0.004652 0.545713 0.379565 -0.037505 0.521350 0.376894 0.114781 -0.010917 -0.095352 0.631611 0.273668 0.053502 -0.067466 0.396992 -0.209865 -0.057667 0.546980 -0.121578 0.158337 -0.409752 -0.216075 0.041902 0.104405 -0.463720 -0.679576 1.016200 0.445068 -0.348389 -0.153981 -0.104988 0.170324 0.073739
D00129 -0.295694 -0.294363 0.491531 -0.093795 0.217807 0.196799 -0.034338 0.310512 -0.113505 0.706645 -0.553780 0.667767 -0.139090 -0.331355 0.237811 -0.005428 -0.212828 -0.390521 -0.215302 -0.381081 0.341524 -0.268567 0.155262 -0.161324 0.018525 1.371791 -0.110085 -0.092209 -0.243736 0.063565 0.589651 0.262331
D04066 -0.561115 0.236530 -0.284071 0.068745 -0.508309 0.466724 -0.143463 -0.234940 0.566044 0.320885 -0.348924 -0.659007 0.099110 0.151856 -0.256409 -0.195474 -0.388165 0.142089 -0.335390 -0.598294 -0.289391 0.060728 0.044163 0.056590 -0.097716 0.687768 0.269435 0.089398 -0.075806 0.250276 -0.281987 -0.113999
D00443 -0.716228 -0.377640 0.236004 0.457182 0.274964 0.193241 -0.630623 -0.307870 -0.054237 -0.187584 -0.071693 -0.581482 -0.056632 0.377494 0.223004 0.040332 -0.444517 -0.024908 -0.101558 -0.471538 0.411208 0.317657 0.268831 -0.186931 0.090688 0.593523 -0.159895 -0.319715 0.463656 0.003356 0.012039 -0.125807
D00067 -0.705784 0.255642 -0.483065 -0.126332 -0.448870 0.457918 -0.085211 -0.200807 0.645612 0.285637 -0.585964 -0.794778 0.018571 0.085096 -0.384682 -0.376151 -0.170712 0.163909 -0.417832 -0.673148 -0.114323 -0.037001 -0.081304 0.002064 -0.349662 0.494904 0.294047 -0.195836 -0.052513 0.339393 -0.155074 -0.196621
D01217 -0.422934 -0.483184 -0.138384 0.279338 0.283415 0.215469 -0.430044 -0.305787 -0.017526 -0.161719 -0.450365 -0.312561 0.059427 0.317486 -0.057427 -0.006121 -0.476421 0.035691 -0.364430 -0.566242 0.430703 0.521049 0.160744 -0.208596 -0.045502 0.567042 -0.053307 -0.172816 0.384748 0.097935 0.141449 -0.300790
hsa6095 0.047154 0.076676 0.292676 0.138553 0.241730 0.556676 -0.085987 -0.120954 0.163609 0.924913 -0.321052 0.132296 0.103869 -0.143669 -0.462384 0.397553 -0.009884 -0.523612 0.304895 -0.033830 0.266639 0.035805 0.104690 -0.588936 0.094875 0.945018 -0.218653 -0.420061 0.137974 -0.250955 -0.186951 0.071954
D01115 -0.686760 -0.303638 -0.002779 0.474931 0.146476 -0.010240 -0.702761 -0.231547 0.156993 -0.178672 -0.083373 -0.576907 0.036877 0.416787 0.154069 -0.295072 -0.524538 -0.437843 -0.128866 -0.638695 0.434913 -0.042436 0.366317 0.221264 -0.064650 0.588502 0.090504 -0.253577 0.517313 -0.017291 0.214463 0.026712
D00279 -0.255488 0.111552 0.302387 0.110530 0.000852 0.177850 0.149307 -0.132738 -0.429132 0.242801 -0.208382 0.079119 -0.586700 0.131184 -0.567833 -0.157604 0.098278 0.125897 -0.114417 -0.758643 -0.324949 -0.120926 0.283215 -0.830608 -0.637035 0.208827 0.545247 -0.503434 -0.127063 -0.096678 -0.200545 -0.087425
hsa5465 -0.069887 0.052568 0.384330 -0.155706 0.021197 0.046936 -0.063357 -0.055747 -0.755990 0.435386 -0.145803 0.049642 -0.412261 0.205368 -0.331464 0.003135 -0.187802 0.210775 -0.018887 -0.715301 -0.409168 -0.058867 0.457032 -0.793792 -0.545356 0.335516 0.408798 -0.578242 -0.253960 0.058704 -0.177315 -0.086105
D00554 -0.664910 0.312477 -0.395609 -0.193888 -0.496167 0.563257 -0.183120 -0.055537 0.749396 0.501509 -0.560057 -0.697811 0.105945 0.096203 -0.259851 -0.406885 -0.220796 0.062948 -0.388214 -0.653542 -0.307004 -0.092702 -0.053324 0.137946 -0.206860 0.719918 0.173370 0.085794 -0.218828 0.444743 -0.135461 -0.048575
D01161 -0.214829 0.322538 -0.575957 0.071879 -0.557500 0.438984 0.100876 -0.262215 0.592456 0.534169 -0.169172 -0.640297 0.090456 0.202498 -0.162620 -0.070706 -0.294068 -0.167167 -0.200716 -0.356386 -0.070791 -0.037419 0.131378 0.194986 -0.446552 0.787274 0.486730 -0.026257 -0.180675 0.301368 -0.028693 -0.289400
D00565 -0.163479 0.160349 0.482246 0.166563 -0.067442 0.022040 0.075763 0.075279 -0.315893 0.265107 0.078080 -0.321291 -0.172578 0.099017 -0.467810 0.067295 0.192787 0.022786 -0.263882 -0.883260 -0.225329 -0.024675 0.282051 -0.420899 -0.587316 0.189023 0.554459 -0.509755 -0.212492 0.036426 -0.192785 -0.315995
D00690 -0.354702 -0.527685 0.080756 0.010428 -0.104392 0.387156 -0.206619 -0.284884 -0.061273 -0.407327 -0.216504 -0.454513 0.097447 0.220214 0.153079 0.166446 -0.856861 -0.278995 -0.568771 -0.321740 0.153592 -0.283679 -0.135398 0.336385 -0.077036 0.948048 -0.485237 -1.030322 -0.019630 0.194754 -0.022056 -0.296731
D00246 -0.352550 -0.532082 0.217607 0.008624 0.094667 0.491319 -0.020287 -0.478991 -0.074392 -0.479173 -0.014758 -0.418469 -0.152488 0.253182 0.191134 0.277708 -0.986858 -0.268978 -0.293474 -0.128537 -0.157440 -0.318665 -0.143195 0.247135 -0.177033 1.174180 -0.516242 -1.074239 0.100428 0.090698 0.065861 -0.306995
D02367 -0.212501 -0.076177 0.071026 0.159193 0.014125 0.272377 -0.310073 -0.238781 0.157748 -0.157107 0.042636 -0.481960 0.047711 0.527913 -0.352017 -0.157312 -0.546394 0.073323 -0.759797 -0.890247 0.261815 0.120515 0.304042 0.235137 -0.215826 0.502788 -0.225518 -0.008048 0.073251 0.373706 0.256362 -0.409320
D00730 -0.361869 -0.146092 0.038350 0.263065 -0.186160 -0.004330 0.522777 -0.137785 -0.263250 0.058697 -0.035175 0.107046 -0.511836 -0.128338 -0.351073 -0.195557 -0.134512 -0.133523 -0.271087 -0.963562 -0.481794 0.287130 0.330625 -0.785721 -0.501998 0.317499 0.635486 -0.231257 0.064161 -0.131159 -0.074261 -0.092282
D00187 -0.450714 -0.307881 0.725240 -0.129563 0.196297 0.121984 0.097696 0.390466 -0.284698 0.651997 -0.419743 0.678799 -0.279509 -0.404337 0.235435 -0.116281 0.017186 -0.506075 -0.230730 -0.618860 0.005729 -0.299698 0.235402 -0.333904 -0.103592 1.247437 -0.025023 -0.285966 -0.381412 -0.153432 0.416602 0.422166
D00462 -0.179795 -0.310917 0.011774 0.277997 0.451325 0.265690 -0.174477 -0.208032 0.053478 -0.111926 -0.963125 -0.133068 -0.259333 0.140338 -0.156643 0.180487 -0.248499 -0.135019 -0.184552 -0.318423 0.738810 0.022169 0.136887 -0.193368 -0.115634 0.479702 0.085273 -0.317377 0.435950 0.080689 0.359951 -0.303073
hsa2101 -0.037185 0.563819 0.424519 0.306468 -0.005419 0.323291 -0.262724 -0.066707 0.247722 0.111230 0.205934 -0.532837 0.168721 0.729746 -0.231969 0.003098 0.019426 -0.116598 -0.161728 -0.446195 -0.316857 -0.211603 0.161411 0.267336 -0.180847 0.633540 0.423220 -0.353382 0.051310 0.148869 -0.387553 0.034084
hsa2104 -0.292347 0.148093 0.203585 0.317239 -0.142149 0.571912 0.133410 -0.007989 0.260605 0.169934 0.188315 -0.431727 -0.313810 0.507690 0.009775 0.032231 0.052361 -0.462041 -0.106544 -0.163482 -0.694319 -0.108215 0.323638 0.166037 -0.102678 0.684080 0.271709 -0.227353 0.057836 0.105376 -0.283663 0.018096
hsa5468 0.043492 0.058633 -0.026583 -0.531262 -0.094125 0.155134 -0.394608 0.093351 -0.345294 0.911312 -0.365013 -0.157637 -0.170197 0.140143 -0.520992 -0.048398 -0.205798 -0.130700 0.092207 -0.448018 -0.246003 -0.019926 0.709413 -0.637716 -0.212499 0.352533 0.211768 -0.642349 0.020838 -0.014169 -0.114684 0.234690
D00188 -0.466164 -0.429582 0.638757 0.105989 0.240930 0.114383 -0.030810 0.304138 -0.178593 0.756411 -0.404866 0.708615 -0.114027 -0.407336 0.184670 -0.083394 -0.171612 -0.461856 -0.258875 -0.673168 0.216042 -0.097349 0.164989 -0.271881 0.041354 1.334072 -0.044615 0.058492 -0.220651 -0.075490 0.492118 0.232240
D00312 -0.704716 0.259186 -0.376116 -0.010021 -0.279999 0.630837 -0.066589 -0.195071 0.715061 0.240274 -0.561171 -0.663525 0.016365 0.155380 -0.373684 -0.332418 -0.149567 0.205593 -0.251449 -0.454573 -0.170815 -0.060689 -0.298683 0.159067 -0.285170 0.577174 0.258485 -0.186349 0.045351 0.355014 -0.070032 -0.262368
hsa6096 -0.460761 0.373699 0.647725 0.127511 0.233424 0.627322 -0.181404 0.000822 -0.190438 0.780837 -0.015963 0.127917 -0.175304 0.092345 -0.429412 0.075844 0.227790 -0.008620 0.430080 -0.262860 0.018046 0.211129 0.053286 -0.859281 -0.163417 0.910935 -0.164892 -0.367299 -0.293451 -0.243250 -0.211021 0.150177
D00965 -0.714319 -0.013787 -0.329423 0.038166 0.185791 0.284883 0.014921 -0.051972 0.121385 -0.118195 -0.855905 0.100821 -0.135184 0.091697 -0.642255 -0.619355 -0.002801 0.090952 -0.331879 -0.596689 0.145434 -0.380287 -0.132110 0.109971 -0.558960 0.066587 0.542080 -0.492032 0.216443 0.155776 -0.002493 -0.197840
D00299 -0.495926 -0.119539 0.852950 -0.020181 0.226556 0.154641 0.105727 0.281907 -0.028699 0.650585 -0.537439 0.586484 -0.150020 -0.481611 0.176484 -0.060329 -0.063297 -0.436799 -0.249374 -0.649700 0.115323 -0.575443 -0.093536 -0.123627 0.064009 1.359145 -0.098647 -0.081394 -0.231542 -0.079684 0.383429 0.383651
D00586 -0.338224 -0.081635 0.255117 0.273945 0.357446 0.091678 0.023279 -0.459174 -0.199158 -0.428752 -0.632980 -0.220401 -0.444006 0.068853 -0.651333 -0.162174 -0.281368 0.272810 -0.359501 -0.839936 0.265276 -0.358623 0.036236 -0.235010 -0.524676 0.017568 0.440554 -0.595156 0.423390 0.028802 0.000387 -0.355925
hsa190 -0.276564 0.561216 0.231438 -0.588590 0.710549 1.010101 0.470219 -0.254272 0.023085 -0.342843 0.040786 0.128927 -0.907811 0.945875 -0.180729 -0.381629 0.312579 0.468910 -0.391480 -0.467122 -0.850116 0.305078 -0.015929 -0.739723 -0.757285 1.580777 -0.349662 -0.006155 -0.104931 -0.036427 0.741557 0.572525
D01387 -0.560172 -0.631443 0.046562 0.098776 0.093612 0.343028 -0.123323 -0.492432 -0.057687 -0.409223 -0.252618 -0.346206 0.059584 0.099789 0.217373 0.169892 -1.035137 -0.204078 -0.295924 -0.255520 0.082523 -0.193366 -0.207562 0.156445 -0.133060 1.070184 -0.330123 -1.018204 0.178226 0.082047 -0.018769 -0.346177
D01689 -0.594009 -0.465708 0.228097 0.158581 0.226700 0.413846 0.097418 -0.545556 -0.025970 -0.640520 0.044261 -0.329963 0.004985 0.200938 0.157631 0.215924 -0.937760 -0.215366 -0.379097 -0.333409 -0.067501 -0.117753 -0.288264 0.241317 -0.208218 1.185225 -0.558841 -1.003838 0.225867 -0.008724 -0.031389 -0.287445
D00163 -0.065930 -0.148340 0.107633 0.326724 0.178261 -0.002176 0.032869 0.108836 -0.155616 0.425991 -0.826983 0.153592 0.008716 -0.030182 0.411283 0.403798 -0.150270 -0.284982 -0.002188 -0.123070 0.763814 0.171219 0.152954 -0.288844 -0.123091 0.970168 0.434778 -0.216559 0.061933 0.157286 0.435319 -0.225378
D00348 -0.055045 0.199330 0.858027 -0.283667 0.286009 0.105695 -0.117726 0.307631 -0.426569 0.914485 -0.167697 0.136142 -0.074336 0.126124 0.205772 0.100944 0.196835 0.041721 0.064751 -0.544060 -0.149366 -0.092150 0.254560 -0.520398 -0.178355 1.134493 0.286625 -0.344475 -0.378835 0.028279 0.332028 0.241293
D00930 -0.496705 -0.321020 0.791401 -0.168865 0.155422 0.151827 -0.037599 0.486493 -0.185057 0.648601 -0.481630 0.670559 -0.319340 -0.356807 0.352803 -0.137695 -0.024150 -0.467975 -0.340348 -0.659729 0.116411 -0.282535 0.277225 -0.333045 0.021564 1.388029 -0.177195 -0.162324 -0.440214 -0.104341 0.547230 0.539021
D01441 0.202562 0.217757 0.127314 -0.034688 0.282348 0.383345 -0.018717 -0.255592 0.294033 0.988836 -0.254803 -0.036599 0.244625 -0.130982 -0.711074 0.275410 0.024646 -0.547511 0.261281 -0.183038 0.226440 -0.175138 0.151516 -0.469909 -0.081160 0.688042 -0.090322 -0.614715 0.345651 -0.251568 -0.277095 -0.007516
D00506 -0.713423 -0.131218 -0.386382 -0.059580 -0.134859 0.458879 0.167245 0.333786 -0.150038 0.209611 -0.908552 0.370123 -0.570082 0.023795 -0.414002 -0.538371 0.299744 -0.253670 -0.242447 -0.516708 -0.176284 0.095526 0.276122 -0.547117 -0.499602 0.262134 0.544302 -0.396960 -0.104533 -0.079148 0.052487 0.135535
D00956 -0.110648 -0.054386 0.115771 0.152557 0.492034 0.299050 0.047328 -0.326638 0.387633 -0.142917 -0.495696 0.007029 0.029716 0.127066 -0.684078 0.011622 -0.209150 -0.002943 -0.647787 -0.704841 0.556824 -0.297823 0.088027 0.199155 -0.161040 0.492899 -0.169761 -0.169963 0.430000 0.154777 0.181667 -0.209098
D00596 0.114512 0.119587 -0.273121 -0.353740 -0.371400 0.066052 -0.128319 0.306949 -0.122634 0.501880 -0.259704 -0.339040 -0.216651 0.342534 -0.540105 -0.085023 0.065431 -0.473751 -0.301601 -0.537630 -0.244444 0.051585 0.901688 -0.398622 -0.424357 0.204472 0.572777 -0.729129 0.089347 0.092974 -0.037981 0.191802
D00898 0.045399 0.270967 0.247657 -0.030391 -0.301599 0.209607 -0.142793 0.240150 0.101958 0.614888 0.405677 -0.792638 -0.014290 0.324560 -0.637087 0.070395 0.327729 -0.269630 -0.264810 -0.803502 -0.180155 0.225309 0.559371 -0.357288 -0.443918 0.334567 0.477376 -0.499321 -0.073798 0.102512 -0.030082 -0.164308
hsa6097 -0.358178 0.031544 0.547461 -0.003307 0.191853 0.732705 -0.091462 0.187797 -0.357290 0.792512 -0.123947 0.270130 -0.071476 0.214810 -0.396835 0.171182 0.139263 -0.292232 0.300492 -0.219093 -0.241324 0.367064 0.226988 -0.768273 -0.009579 0.876150 -0.282525 -0.547214 -0.308575 -0.243768 -0.351515 0.091890
hsa6256 -0.077460 0.327230 0.200830 0.019393 0.535131 0.532287 0.168634 0.070805 -0.195248 0.264533 -0.093898 0.218937 -0.306800 0.694726 0.146735 -0.195349 0.357927 -0.302556 0.049500 -0.118636 -0.502634 -0.037177 0.183076 -0.215097 -0.560540 0.879827 0.425454 -0.278590 -0.109758 0.008671 0.134845 0.160730
D00962 -0.101114 0.174379 -0.315882 -0.299063 -0.450582 0.070594 -0.270817 0.011485 0.275218 0.357373 -0.206821 -0.852166 0.060586 0.224756 -0.326204 -0.005769 -0.204035 -0.282284 -0.289604 -0.453591 0.014977 -0.166258 0.455071 -0.139950 -0.297515 0.307869 0.291774 -0.747728 0.142446 0.228046 -0.111603 0.096827
D00627 0.135323 0.125439 -0.261133 -0.410578 0.074436 0.385629 -0.302536 -0.189847 0.089087 0.986759 -0.513509 -0.361625 -0.038361 0.193658 -0.767487 0.007558 -0.148294 -0.261006 0.141434 -0.386442 -0.261267 -0.189855 0.609894 -0.465769 -0.152308 0.220388 0.203307 -0.644496 0.370917 0.021159 -0.318949 0.032012
D00961 0.054085 0.203087 0.185015 0.202129 0.308976 0.096554 0.140596 -0.285519 0.420740 0.166305 -0.292806 -0.246189 -0.054594 -0.010885 -0.766887 0.030772 0.057895 -0.426452 -0.123418 -0.490857 0.205027 -0.627292 -0.020420 0.064157 -0.287240 0.349415 0.362742 -0.652230 0.569644 -0.158550 -0.076914 -0.084991
D02217 -0.038956 0.105768 -0.255077 0.006141 -0.379087 0.493178 -0.002398 -0.240645 0.539381 0.745273 -0.173243 -0.497808 0.158116 0.016455 -0.633667 0.108446 -0.153523 -0.563138 -0.059464 -0.266405 -0.154479 -0.242660 0.166706 -0.059118 -0.115638 0.521636 0.205060 -0.557451 0.200724 -0.045763 -0.347666 -0.154678
hsa6258 -0.267113 0.360638 0.125404 0.056413 0.650147 0.240686 0.133295 0.002482 -0.308128 1.014958 0.195304 0.539145 0.382430 0.252414 -0.438855 -0.448491 0.171785 -0.144694 0.310974 -0.634510 -0.225795 -0.034799 0.127271 -0.251059 -0.571806 0.757469 0.581422 -0.332301 -0.043238 -0.144717 -0.082155 -0.065470
hsa2103 -0.043714 0.525691 0.120045 0.402459 0.080504 0.789939 0.266826 -0.028420 0.576820 0.104788 -0.215015 -0.425015 -0.291771 0.765512 -0.001609 0.181291 0.203822 -0.385427 -0.199214 -0.138961 -0.648125 0.068260 0.298329 0.126446 -0.145585 0.961401 0.294702 0.334200 0.019010 0.254035 -0.293003 0.066099
hsa9970 -0.766166 -0.433423 -0.135976 0.119981 -0.053659 0.457589 0.319223 0.405736 -0.268845 0.116209 -0.949718 0.522736 -0.663872 -0.073019 -0.021164 -0.242756 0.302706 -0.341097 -0.272737 -0.383993 -0.114395 0.274933 0.323225 -0.558127 -0.296320 0.592169 0.405622 -0.327761 -0.154473 -0.169323 0.237318 0.074492
D00211 -0.685818 -0.810341 -0.143829 0.030917 0.212318 0.019240 0.455128 -0.370921 -0.373284 -0.549294 -0.123074 0.267059 -0.033555 -0.124638 0.255553 -0.029753 -0.750371 -0.246207 -0.309957 -0.509823 -0.310330 0.343236 -0.081614 -0.128108 -0.409916 0.961992 -0.163493 -0.715861 0.159918 -0.307325 0.133993 -0.125392
D05341 0.441896 0.631266 -0.430253 -0.307739 -0.652135 -0.232037 0.200642 -0.060241 0.176421 0.436107 -0.689924 -0.834641 0.016802 0.188229 0.129120 0.553771 -0.310444 -0.264983 -0.535112 -0.482265 0.312473 0.070055 0.559525 -0.541238 -0.532041 0.946718 0.693813 -0.400668 -0.183044 0.469941 0.052577 0.240746
hsa3174 -0.219395 0.728333 0.160311 0.036783 0.491069 0.925046 0.522191 -0.070345 0.284012 0.216481 0.145081 -0.334552 -0.726208 0.652843 -0.470451 -0.059797 0.807172 -0.474985 -0.426198 -0.547234 -0.817065 0.041746 0.485744 -0.452397 -0.793627 1.025260 0.116099 0.066399 -0.102553 0.130009 -0.292873 0.270468
hsa9971 -0.091189 -0.188605 -0.006969 0.401606 0.113920 0.089515 0.163496 0.161592 -0.388709 0.430976 -0.780471 0.271814 -0.216516 0.174068 0.574879 0.390279 -0.102138 -0.287731 0.074082 -0.099923 0.442172 0.350287 0.329050 -0.414026 -0.248698 0.963698 0.688783 -0.158707 -0.007516 0.213858 0.466067 -0.373135
