hsa2099 -0.192844 -0.215978 0.092764 0.301452 -0.442578 0.102694 -0.384839 -0.338845 0.442779 0.288402 -0.030157 -0.590254 0.097162 0.210735 0.021884 -0.565419 -0.362771 0.177955 -0.102731 -0.489220 0.066563 -0.296322 -0.173919 -0.156970 0.094239 0.317458 0.140721 0.064535 0.045370 0.029125 0.422081 0.032953
hsa5241 -0.166756 -0.528293 0.065647 0.346539 -0.114163 -0.145387 -0.630153 -0.157232 0.184439 -0.333442 -0.144828 -0.540945 0.231594 0.311337 0.122092 -0.370040 -0.892722 -0.034756 -0.426448 -0.445401 0.154963 0.143541 -0.096311 0.176609 -0.153203 -0.019909 -0.152658 -0.254364 0.321495 0.145396 0.130640 -0.385983
D00094 -0.657325 0.438386 0.372976 -0.395657 0.570995 0.093222 -0.009389 0.333935 -0.421749 0.319135 0.168224 -0.201501 0.164246 0.425711 0.218126 -0.404659 -0.002993 0.149185 0.089650 -0.559146 -0.018187 0.052811 -0.232750 0.011968 -0.319767 1.237484 0.037750 -0.202271 -0.008254 0.119526 0.192293 0.324019
hsa367 -0.318056 -0.195377 -0.012326 -0.059811 -0.069003 -0.053000 -0.364524 -0.216682 0.196275 -0.614608 -0.449632 -0.326528 -0.054252 0.247980 -0.162440 -0.345724 -0.486712 -0.287251 -0.009623 -0.394253 0.417052 -0.320286 0.029519 -0.101755 -0.292533 0.061059 0.197190 -0.240925 0.398474 0.078153 0.154274 0.162728
D00577 -0.439986 -0.047359 0.480675 0.120860 -0.297441 0.224764 -0.068316 -0.121123 0.313926 0.183507 -0.012308 -0.521608 -0.005272 0.292101 -0.019607 -0.518723 -0.028856 -0.160406 -0.061233 -0.485721 -0.241189 -0.359894 -0.332976 -0.115749 -0.149849 0.620902 0.286856 0.028183 -0.008116 0.107817 0.023070 0.099359
D00066 -0.143543 -0.198573 -0.039248 0.188042 -0.102869 -0.229015 -0.768820 -0.194254 0.116886 -0.184950 -0.244209 -0.741791 0.177482 0.134913 0.266004 -0.084260 -0.884839 0.022285 -0.125753 -0.385669 0.423081 -0.012212 -0.136575 0.019024 -0.024016 0.002474 0.155284 0.143577 0.252531 -0.202449 0.304336 -0.045699
D01132 -0.504460 0.137233 0.681152 -0.208197 0.453234 0.192503 -0.128019 0.025945 -0.205407 0.129507 0.217608 -0.239830 0.106485 0.239908 -0.226535 -0.427915 0.036483 -0.046943 0.335295 -0.689451 0.053093 -0.166400 -0.277074 -0.173812 -0.323157 0.772007 0.042603 -0.165737 -0.001258 0.075399 -0.061924 0.165999
D00075 -0.181147 -0.389029 0.077376 0.129931 -0.091475 -0.095026 -0.657567 -0.184317 0.254547 -0.311796 -0.261235 -0.555643 0.140538 0.352686 0.011403 -0.253511 -0.836580 -0.073196 -0.242298 -0.481554 0.316843 0.309079 0.046572 -0.049324 -0.217673 -0.088329 0.015875 0.194549 0.281063 0.024871 0.301703 -0.344768
D00316 -0.468412 0.097474 0.339086 -0.296291 0.509697 -0.147291 -0.139693 0.238161 -0.418551 0.229282 0.187438 0.016852 0.392933 0.194100 0.293943 -0.694982 0.290808 0.169524 0.120902 -0.903915 0.325229 -0.085095 -0.277221 -0.287913 -0.323349 0.830296 0.093362 -0.276213 -0.290610 0.428034 0.157511 0.120854
D00182 -0.238397 -0.473768 0.012377 0.496915 -0.181254 -0.265423 -0.492676 -0.338126 0.399127 -0.319555 -0.065994 -0.345632 0.055610 0.343634 0.001715 -0.494080 -1.118471 -0.162699 -0.397914 -0.464871 0.105078 -0.022342 0.257845 0.094055 -0.245238 0.072729 -0.224163 -0.031466 0.336595 -0.071414 0.519316 -0.443731
hsa2908 -0.295334 -0.455618 -0.139483 0.137456 0.064682 -0.319080 -0.312659 -0.245331 -0.032156 -0.777974 -0.154106 -0.485589 0.138813 0.378650 0.214498 -0.150381 -1.134717 -0.288533 -0.175161 -0.246473 0.032231 -0.193910 -0.178656 0.291379 -0.237215 0.255524 -0.040340 -0.806142 0.548076 0.179190 -0.027805 -0.230945
hsa7421 -0.772755 0.216406 -0.007586 0.185120 0.486082 -0.045950 -0.387561 0.570341 -0.460859 0.021893 -0.444307 0.336000 0.054303 -0.162410 0.695104 -0.221727 -0.494002 -0.053170 -0.206761 -0.430447 0.352885 0.401135 -0.065083 0.064275 -0.461918 0.870771 -0.035555 -0.144801 0.186854 -0.534906 0.437103 0.150566
D00088 -0.401345 -0.411665 -0.089065 0.151746 -0.062267 -0.294032 -0.324315 -0.169395 -0.121674 -0.581220 -0.071533 -0.538647 0.076198 0.066802 0.152697 -0.210912 -0.968310 -0.082982 -0.250493 -0.426086 0.092191 -0.009279 -0.197768 0.109647 -0.297793 0.102833 0.011991 -0.433794 0.347505 0.031482 -0.085347 -0.186391
D00585 -0.260409 -0.495163 -0.112399 0.266815 -0.049522 -0.266116 -0.325162 -0.263049 0.213224 -0.713730 -0.335926 -0.113232 0.165620 0.304031 0.121766 -0.461081 -0.935525 -0.446778 0.048266 -0.274738 0.238511 -0.311604 0.102981 0.148612 -0.168291 0.227046 -0.079217 -0.552428 0.439041 0.201560 0.295561 -0.300280
hsa2100 -0.318493 -0.044809 0.002425 0.030848 -0.341653 0.362626 -0.305219 -0.418235 0.551388 0.260388 -0.147735 -0.435017 0.231878 0.364991 0.315827 -0.564817 -0.257949 -0.169576 0.347069 -0.375334 -0.299085 -0.366805 -0.615080 -0.188602 0.250017 0.572473 0.327932 -0.057408 0.075797 -0.113312 0.229927 0.174175
hsa5914 -0.600694 0.049609 0.547925 -0.069665 0.366428 0.039783 -0.276623 0.299030 -0.282589 0.483903 0.210008 -0.094734 0.060000 0.279311 0.124062 -0.594017 0.197903 0.190819 0.204698 -0.565043 0.051098 -0.186967 -0.077361 -0.007309 -0.189254 0.840318 0.227273 -0.309261 0.111302 0.102332 -0.002803 0.249411
D00954 -0.018681 -0.536683 0.083457 0.354757 -0.172471 -0.026914 -0.502660 -0.168508 0.498044 -0.001604 -0.230986 -0.321554 0.075676 0.435652 0.064183 -0.540302 -0.785097 -0.191393 -0.458667 -0.538462 0.041876 -0.034130 0.188093 0.024155 -0.207160 0.140427 -0.241904 -0.043085 0.250341 0.078703 0.489793 -0.444661
D00327 -0.385359 -0.261090 -0.121247 0.239461 -0.041383 -0.303010 -0.446109 -0.249440 0.051233 -0.448707 -0.093507 -0.511073 0.111234 0.335520 0.024416 -0.423751 -0.635140 0.087259 -0.081824 -0.415723 0.351658 -0.046783 0.117900 0.140998 -0.212256 -0.136976 0.095923 -0.065181 0.265477 0.100558 0.242803 -0.198967
D00950 0.038102 -0.465790 0.072672 0.330702 -0.163872 -0.226324 -0.648441 -0.207171 0.422570 -0.144708 -0.185295 -0.546136 0.106982 0.580106 0.160272 -0.377322 -0.889537 -0.301886 -0.554237 -0.529453 0.217459 -0.044925 0.268701 0.099364 -0.230328 0.059095 -0.219687 0.035461 0.236732 0.146719 0.498422 -0.394316
D00105 -0.415699 -0.136171 -0.299999 0.099719 -0.722060 0.284052 -0.329144 -0.350056 0.691207 0.178188 -0.361912 -0.437405 0.163496 -0.031183 0.165566 -0.740974 -0.430899 0.062359 0.104856 -0.526155 -0.079568 -0.333373 -0.466114 -0.274962 0.087137 0.501020 0.195808 -0.025762 -0.056041 -0.074246 0.348552 0.102995
D00951 -0.393635 -0.418877 0.098838 0.488567 0.076180 -0.290749 -0.764656 -0.248569 0.036669 -0.287458 -0.059482 -0.350983 0.420102 0.252687 0.118793 -0.238794 -0.887806 0.016971 0.060234 -0.318877 0.297106 0.454740 -0.057244 0.100558 -0.076909 -0.006695 -0.018464 -0.012555 0.342649 -0.123622 0.279580 -0.448090
D01294 -0.094311 -0.375200 0.077621 0.397972 -0.176516 -0.112324 -0.568591 -0.178358 0.414598 -0.088065 -0.168068 -0.445054 0.201694 0.357194 0.004741 -0.391082 -0.825599 -0.080621 -0.304656 -0.417839 0.216727 0.024193 0.084651 0.077227 -0.068779 0.140684 -0.177763 -0.067619 0.289391 0.062456 0.431213 -0.404581
D02367 -0.125783 -0.582548 0.244062 0.529034 -0.222824 -0.094062 -0.493738 -0.332004 0.459929 -0.040067 0.013351 -0.642535 0.104460 0.380077 0.061965 -0.636088 -0.702070 0.109520 -0.477676 -0.502330 0.054988 -0.122302 -0.045872 0.165405 -0.054913 0.135474 -0.172169 0.056570 0.198590 0.218330 0.475790 -0.507565
hsa5915 -0.602276 -0.046136 0.217985 -0.250139 0.619241 0.144859 -0.327700 0.147218 -0.546158 0.429907 0.019196 -0.088565 0.196044 0.255495 -0.038299 -0.522787 0.349246 0.116279 0.295046 -0.741313 0.244592 0.075413 0.009623 -0.372761 -0.452879 0.752137 0.358174 -0.461206 -0.012220 0.312492 -0.197935 0.062434
D00188 -0.551261 0.277854 0.121370 0.065049 0.541469 0.058259 -0.810692 0.596365 -0.419883 0.323666 -0.540169 0.229768 0.180222 -0.184146 0.641423 -0.069586 -0.216044 -0.130791 -0.172334 -0.507880 0.717056 0.271993 -0.179644 -0.135060 -0.441771 0.907977 -0.003595 -0.074648 -0.004810 -0.442321 0.409216 0.270014
D00565 -0.628042 -0.057514 0.485715 -0.007758 0.024583 0.283072 -0.401697 0.103803 -0.016133 0.028133 0.093357 -0.020725 -0.166436 -0.093598 -0.466932 -0.771731 0.136859 0.115830 0.203876 -0.842106 0.203208 -0.565640 -0.073314 -0.245407 -0.389336 0.395381 -0.024315 -0.110663 -0.149291 -0.010416 -0.088280 0.095700
hsa6256 -0.462496 0.235553 0.361857 -0.093277 0.409738 -0.026113 0.095199 -0.046069 -0.287978 0.245632 0.146700 -0.252962 0.251664 0.330683 0.231670 -0.431411 0.066466 0.006687 -0.042830 -0.648974 0.052408 -0.063164 -0.327858 -0.245039 -0.392661 0.935714 0.072018 -0.126612 -0.248300 0.306144 0.314087 0.060212
hsa5916 -0.597308 0.282814 0.181282 -0.061705 0.655555 0.362582 -0.190209 0.092343 -0.345343 0.402583 -0.084211 0.071321 0.024880 0.623556 0.333853 -0.611452 0.276090 0.337099 0.038644 -0.461199 0.153243 0.008253 -0.121687 -0.200163 -0.370403 0.867341 0.355384 -0.255140 -0.053780 0.079573 0.334365 -0.017843
hsa6096 -0.581715 0.480574 0.520203 -0.318452 0.522993 0.482356 -0.263822 -0.135450 -0.126571 0.081253 0.207520 -0.384532 0.245004 0.503745 -0.294835 -0.174549 -0.190435 -0.088144 0.469025 -0.370517 -0.006669 0.137881 -0.463346 -0.068679 -0.284620 0.853735 0.002532 0.040185 -0.066456 0.049512 0.015659 0.080576
D00143 -0.218055 -0.043146 0.066299 0.140973 0.258966 -0.014706 -1.123509 0.198622 -0.111804 -0.399163 -0.536378 -0.591370 0.115590 0.365145 0.372431 0.094308 -0.605983 -0.013827 -0.269136 -0.324369 0.817388 0.381086 -0.045783 0.158342 -0.192880 -0.006129 0.091203 0.156462 0.315345 -0.076091 0.278203 -0.025828
hsa6257 -0.494792 0.222687 0.448638 -0.210646 0.334989 -0.098612 -0.025749 0.135041 -0.413340 0.274184 0.203934 -0.334184 0.285312 0.162069 0.335019 -0.356575 0.115396 -0.122923 0.002219 -0.735530 0.005425 0.026567 -0.405435 -0.235020 -0.357878 0.780995 0.201445 -0.032236 -0.232445 0.144254 0.058802 0.181466
D00554 -0.338898 -0.290006 -0.310795 -0.049385 -0.702108 0.192369 -0.548367 -0.357588 0.703748 -0.029528 -0.300953 -0.532383 0.277276 -0.374594 0.049159 -0.712393 -0.475133 0.325400 0.245225 -0.612819 0.168319 -0.316269 -0.650009 -0.288452 0.237156 0.550270 -0.089764 -0.073451 -0.089879 0.038645 0.329738 0.187409
D01387 -0.395252 -0.538881 -0.159671 0.118504 0.062215 -0.299287 -0.208464 -0.005942 -0.127968 -0.572474 -0.014896 -0.536204 -0.062715 0.218279 0.070287 -0.170817 -1.296781 -0.286522 -0.324188 -0.330695 -0.280278 -0.198970 0.005843 0.270303 -0.366710 0.441955 -0.129001 -0.962495 0.669995 0.035156 -0.268405 -0.064722
hsa2104 -0.475498 0.121863 0.303251 0.264232 -0.063179 0.240384 0.290787 -0.268991 0.138504 0.218390 -0.141947 -0.453297 0.028566 0.584146 0.192555 -0.414207 -0.120215 -0.022010 0.007734 -0.247503 -0.235446 -0.214829 -0.270682 -0.108609 -0.072812 0.808706 0.587259 -0.107851 0.115807 0.155007 0.382035 -0.031627
D00040 -0.170028 0.254432 0.161212 0.012243 0.583901 0.093425 -1.024207 0.243300 -0.323714 0.070930 -0.261174 -0.214508 0.295259 0.270487 0.290293 0.328685 -0.487529 -0.063501 -0.007509 -0.206173 0.694810 0.348292 -0.092831 -0.021315 -0.244448 0.527512 -0.148733 -0.128129 0.040902 -0.211474 0.191193 -0.092353
hsa6095 -0.230616 0.477479 0.491445 -0.043363 0.750492 0.410857 -0.941131 -0.060984 -0.208095 0.276166 0.067893 -0.216127 0.343174 0.658799 -0.197121 0.169179 -0.288073 -0.189341 0.375812 -0.279960 0.489614 0.081683 -0.225143 -0.180264 -0.336740 0.663304 -0.153790 -0.247304 -0.129131 -0.087624 0.064232 -0.094004
D02217 -0.056099 0.051774 -0.044411 -0.084838 -0.262899 0.417305 -0.578259 -0.500107 0.684244 0.467587 -0.268578 -0.396876 0.187694 0.662172 0.120799 -0.431965 -0.446970 -0.228145 0.403249 -0.282193 -0.176802 -0.498892 -0.244578 -0.317829 0.135326 0.453929 0.248083 -0.229722 0.223033 -0.350819 0.307204 0.198251
D00163 -0.405317 0.097547 -0.251407 -0.081890 0.337654 -0.036398 -0.616251 0.386239 -0.459735 0.096417 -0.829574 -0.062561 0.028433 0.135037 0.327805 -0.036958 -0.377494 0.036564 -0.048991 -0.369382 0.866586 0.389722 0.369065 -0.241946 -0.465330 0.318643 0.472805 -0.119530 0.288796 -0.130783 0.374028 -0.013570
D00690 -0.258078 -0.654487 -0.161626 0.316506 -0.248717 -0.196289 -0.327960 0.105801 -0.034439 -0.336742 -0.026489 -0.743366 0.020459 0.163450 0.108282 -0.185731 -1.177081 -0.300211 -0.618320 -0.453943 -0.335574 -0.009068 -0.016697 0.242636 -0.347474 0.287975 -0.228072 -0.736889 0.388051 0.137087 -0.320814 -0.277746
D01689 -0.425339 -0.606201 -0.216795 0.172173 -0.139523 -0.108280 -0.347039 -0.095508 0.056137 -0.648229 -0.069352 -0.515563 0.060927 0.040654 0.033225 -0.263847 -1.317766 -0.275071 -0.212421 -0.429877 -0.206904 -0.080288 -0.258332 0.199327 -0.330180 0.283181 -0.184247 -0.912140 0.540486 -0.043989 -0.358449 -0.194824
D00187 -0.701543 0.220212 0.251896 0.044230 0.433532 -0.032316 -0.399599 0.633811 -0.423076 0.417929 -0.314237 0.104139 0.058304 -0.291504 0.621059 -0.078443 -0.443832 -0.099785 -0.195628 -0.500517 0.244110 0.266471 -0.113012 0.014265 -0.370746 1.199929 -0.020019 -0.106271 0.217774 -0.506174 0.331774 0.413837
D00299 -0.746456 0.330795 0.329221 -0.106661 0.616225 0.019048 -0.405778 0.713367 -0.425766 0.410659 -0.222779 0.381889 0.088187 -0.003373 0.509332 -0.340611 -0.410514 0.118352 -0.061313 -0.567299 0.230589 0.401793 -0.032236 0.009291 -0.391058 1.149047 -0.170445 0.003159 0.228408 -0.557486 0.534564 0.285086
D00462 -0.204754 -0.158536 -0.172036 -0.190496 0.043094 -0.070516 -0.665222 0.048658 -0.032370 -0.503705 -0.867570 -0.467688 -0.121210 0.054183 0.163950 -0.017769 -0.638191 0.031461 -0.032654 -0.316033 0.809845 -0.050932 -0.016664 -0.066288 -0.140810 0.085618 0.420840 -0.184854 0.548604 -0.013445 0.315560 0.062927
D01217 -0.055633 -0.443625 0.245963 0.359626 0.203776 -0.077011 -1.042222 -0.029725 0.056880 -0.228209 -0.254132 -0.466594 0.176781 0.121592 0.303317 -0.133665 -0.670121 0.081895 -0.468704 -0.483093 0.492971 0.214890 -0.288082 0.151967 -0.118689 -0.061453 -0.069850 0.047003 0.261056 -0.082933 0.208258 -0.213072
D00067 -0.505359 -0.357780 -0.433767 0.047506 -0.659232 0.061670 -0.266729 -0.342622 0.555089 -0.095570 -0.205666 -0.457582 0.282921 -0.181840 0.035571 -0.932090 -0.340645 0.287040 0.168005 -0.648874 0.073576 -0.109071 -0.327888 -0.236264 0.077746 0.328232 0.078715 -0.064101 -0.049037 0.226512 0.255210 0.050006
D00443 -0.481181 -0.086575 0.109360 0.484103 0.056514 -0.542578 -0.774675 -0.119534 -0.038912 -0.582780 -0.143674 -0.857180 0.297909 0.367215 0.610520 -0.090602 -0.667461 -0.068685 -0.240139 -0.318943 0.530290 0.190687 -0.123626 0.393493 0.002657 -0.047595 0.298310 0.307144 0.444561 -0.069899 0.297039 0.207311
hsa9971 -0.675684 -0.033924 -0.177485 -0.083683 0.465603 -0.154977 -0.195340 0.350403 -0.714246 0.243787 -0.573312 0.065997 0.239593 0.218810 0.299284 -0.229751 -0.242990 0.125453 0.198567 -0.509933 0.565116 0.630347 0.388342 -0.418292 -0.563029 0.499105 0.742505 -0.325203 0.309988 0.046071 0.185669 -0.188637
hsa5468 -0.666599 0.185236 0.073898 -0.206000 0.126958 0.254461 -0.745785 0.268740 -0.080208 0.588693 0.342961 -0.604883 0.107471 0.650185 -0.330185 -0.525806 0.234213 0.061026 0.355808 -0.548051 -0.191614 0.070522 0.300609 -0.041340 -0.169478 0.637604 0.005412 -0.153125 0.048854 0.253665 -0.365781 0.539855
D04066 -0.231005 -0.237727 -0.166630 -0.066968 -0.558175 0.218434 -0.393395 -0.427197 0.751440 0.159241 -0.146408 -0.555410 0.285403 0.158496 0.266348 -0.737201 -0.386538 0.168626 0.018924 -0.509585 -0.183338 -0.198544 -0.586330 -0.234078 0.198549 0.526034 0.027188 0.016858 -0.073355 0.100899 0.338036 0.074235
D00312 -0.373887 -0.377783 -0.379948 0.161750 -0.769271 0.126109 -0.625267 -0.168307 0.752091 0.010571 -0.207482 -0.533928 0.357151 -0.051297 0.123419 -0.921127 -0.279474 0.139974 0.054365 -0.680264 0.064852 -0.110679 -0.389033 -0.201166 0.200579 0.233549 -0.116851 0.020582 -0.124532 0.262556 0.222316 0.153791
hsa5465 -0.801945 0.122403 0.294295 -0.201687 0.217165 0.205009 -0.392821 0.106619 -0.345955 0.110224 0.232036 -0.245871 -0.270867 0.192819 -0.499546 -0.805780 0.260563 0.340972 0.247243 -0.844592 0.181255 -0.448490 0.173107 -0.286979 -0.520517 0.519992 0.152498 -0.205059 -0.081777 0.104433 -0.249180 0.320303
D00279 -0.738521 -0.004586 0.299535 -0.239295 0.317086 0.204281 -0.355994 0.116113 -0.216312 -0.228924 0.164686 0.071293 -0.027529 0.118404 -0.511605 -0.783343 0.157147 0.090564 0.267837 -0.861730 0.289870 -0.187179 0.070878 -0.392389 -0.607889 0.349794 0.048022 -0.228958 -0.193422 0.294875 -0.292078 0.095893
hsa8856 -0.901565 -0.239657 -0.019157 -0.040935 0.118093 0.051728 -0.065983 0.414216 -0.243404 -0.169471 0.035823 0.103442 0.196042 -0.042528 -0.020215 -0.496452 -0.622203 -0.167936 0.169249 -0.546549 -0.428484 0.819005 0.065447 -0.276895 -0.560962 0.586557 -0.148413 -0.239787 0.159495 -0.221460 -0.321157 -0.098296
hsa4306 -0.659688 -0.130011 0.133611 0.422121 -0.086052 -0.675355 -0.518622 -0.158093 -0.226350 -0.864335 0.157472 -0.805268 0.299644 0.478587 0.495312 -0.305699 -0.514517 -0.369256 0.103095 -0.394899 0.265649 0.002966 -0.063819 0.362062 0.012249 -0.090109 0.264211 0.221252 0.241569 0.256002 0.062143 0.141403
D00129 -0.552437 0.262279 0.115347 0.004358 0.464396 -0.073299 -0.754917 0.739814 -0.398536 0.057006 -0.676225 0.192088 0.114724 -0.263943 0.633152 0.001292 -0.498453 -0.196916 -0.204087 -0.501881 0.786114 0.268100 -0.014544 -0.014783 -0.443282 0.858905 -0.097513 -0.051106 0.130153 -0.406790 0.468560 0.270251
D00586 -0.356190 -0.030000 0.046739 -0.146514 -0.020258 0.242970 -0.419843 -0.322115 0.276673 -0.616497 -0.454829 -0.348288 -0.173630 0.203740 -0.618436 -0.596934 -0.178548 -0.132151 0.097554 -0.627802 0.598566 -0.684448 0.027050 -0.236876 -0.463781 -0.024499 0.178542 -0.296956 0.172581 0.132305 0.017791 0.118230
D00956 -0.122606 -0.185079 0.008082 0.095445 -0.045934 0.144369 -0.576948 -0.191669 0.481571 -0.251236 -0.480720 -0.460894 -0.045177 0.237917 -0.380439 -0.274689 -0.860144 0.004700 -0.357833 -0.495878 0.561781 0.004654 0.145753 -0.051768 -0.371789 -0.005024 0.058253 -0.034018 0.398226 -0.175792 0.375619 -0.345159
D00965 -0.326391 -0.181954 -0.285762 -0.116127 -0.304059 0.188695 -0.505782 0.036429 0.552898 -0.790516 -0.837250 -0.183311 -0.064879 0.128589 -0.015413 -0.822225 -0.056266 -0.308220 -0.098119 -0.628281 0.563851 -0.526193 -0.120623 -0.091834 -0.254992 -0.066857 0.136913 -0.203561 0.160675 0.227032 0.204669 0.250893
hsa2103 -0.402121 -0.059095 0.474511 0.234146 -0.106804 0.251579 0.342814 -0.303832 0.269731 0.292508 -0.017685 -0.586191 -0.146779 0.558859 0.149011 -0.564473 -0.013436 -0.040469 -0.234226 -0.485646 -0.505684 -0.318435 -0.243130 -0.098252 -0.179144 0.935971 0.388985 0.060214 0.034085 0.232105 0.340916 0.057780
D00930 -0.801570 0.224026 0.224155 0.062198 0.475883 -0.215772 -0.565827 0.841471 -0.557106 0.122633 -0.294938 0.240896 0.025828 -0.347411 0.724288 -0.125319 -0.574815 -0.117089 -0.289252 -0.592333 0.356678 0.310758 -0.033743 0.116246 -0.432742 1.034980 -0.238065 -0.038827 0.157119 -0.513858 0.358766 0.419841
D00246 -0.422484 -0.519419 -0.163755 0.053182 0.000247 -0.341709 -0.385979 -0.168969 -0.117880 -0.865251 -0.005711 -0.541013 0.029989 0.086384 0.157989 -0.165462 -1.390090 -0.247251 -0.225380 -0.319106 -0.057397 -0.236805 -0.241408 0.306901 -0.245685 0.385185 -0.298942 -0.863784 0.545679 0.073313 -0.157799 -0.086394
D00730 -0.759854 -0.095383 0.127824 -0.165475 -0.168194 0.331929 -0.120937 0.376804 0.025022 0.033978 0.058770 0.159364 0.151665 -0.018003 -0.332414 -0.680999 -0.405129 -0.416123 0.327421 -0.831169 -0.400761 0.349571 0.083336 -0.542478 -0.598653 0.448949 -0.026821 -0.174548 -0.111478 -0.098990 -0.431513 0.004091
D01161 -0.214555 -0.072081 -0.362268 -0.189774 -0.621035 0.056913 -0.257625 -0.471704 0.603027 0.316734 -0.198678 -0.601550 0.241994 -0.007046 0.154203 -0.672011 -0.496514 0.253952 -0.060327 -0.614481 0.152359 -0.283230 -0.301674 -0.357131 0.006356 0.517604 0.186481 0.050171 -0.125412 0.009532 0.476697 0.153439
D00898 -0.365089 -0.206786 0.589131 0.129050 -0.162926 0.167019 -0.227732 -0.095916 0.291094 0.473775 0.327106 -0.597390 0.084213 0.312549 -0.331645 -0.803192 0.003302 0.190736 0.182386 -0.781201 -0.212995 -0.189422 -0.103768 -0.196396 -0.034061 0.398464 0.062159 0.190069 0.000409 0.160463 0.166307 -0.087249
D01441 0.123806 0.207986 0.370313 -0.226192 0.582642 0.508488 -0.939928 -0.197561 0.293440 0.575623 -0.051981 -0.095108 0.238207 0.731778 -0.277489 -0.067998 -0.163597 -0.217974 0.461750 -0.270190 0.268748 -0.483171 -0.114546 -0.280574 -0.128791 0.737875 -0.140705 -0.564230 0.124144 -0.150838 0.076061 0.054673
D01115 -0.602955 -0.157192 -0.230237 0.383375 -0.161364 -0.745311 -0.723434 -0.167017 -0.172131 -0.615996 0.102685 -0.833393 0.413233 0.424071 0.491752 -0.299915 -0.690928 -0.081345 0.081047 -0.347066 0.344683 0.182883 0.101411 0.311071 0.080085 -0.054583 0.120608 0.182532 0.251360 0.193040 0.248162 0.130050
hsa2101 -0.481087 0.059496 0.185408 0.211233 -0.243962 0.149772 0.134742 -0.311733 0.338965 -0.167788 -0.061036 -0.578967 0.090968 0.588403 0.274893 -0.493944 -0.136416 -0.390930 -0.073707 -0.310945 -0.289762 -0.331115 -0.374743 0.113414 0.006388 0.523013 0.517054 -0.009262 0.171716 0.186622 0.145256 0.131730
D00348 -0.673588 0.295309 0.550247 -0.100651 0.524690 0.034895 -0.357534 0.496577 -0.414728 0.461346 0.213479 0.077169 0.103495 0.179770 0.446633 -0.482630 0.104381 0.101194 0.130688 -0.615298 0.099148 -0.219039 -0.235793 0.092642 -0.211351 1.208377 0.032718 -0.388522 0.057921 -0.145540 0.108312 0.462784
D00961 -0.050395 0.035237 0.338193 -0.196770 0.276571 0.232092 -0.457840 -0.332485 0.358775 -0.238575 -0.158187 -0.268926 -0.082716 0.713433 -0.336726 -0.546029 -0.009288 -0.375932 0.311345 -0.508257 0.215253 -0.871741 0.020011 -0.127610 -0.182969 0.257254 0.121160 -0.417062 0.318597 0.043311 0.115464 0.281754
hsa6097 -0.719867 0.720800 0.370262 -0.517696 0.527890 0.384930 -0.228801 0.203097 -0.356273 0.221526 0.233077 -0.393908 0.289728 0.632652 -0.344641 -0.047318 -0.447041 -0.066252 0.427726 -0.352491 0.024913 0.445457 -0.111409 -0.044737 -0.473047 0.972092 -0.129420 0.030966 -0.137465 0.024396 -0.015442 0.027148
D00596 -0.436765 0.053279 0.039045 -0.208818 -0.213784 0.402254 -0.586317 0.327193 0.168049 0.387774 0.083819 -0.943025 0.067067 0.779888 -0.193435 -0.512562 0.116276 -0.217088 0.056774 -0.602273 -0.346785 0.018286 0.123371 -0.011218 -0.099293 0.386894 0.107299 -0.188234 -0.017815 0.512003 -0.452372 0.288347
hsa9970 -1.326005 0.424321 -0.295383 0.422912 0.210676 -0.119316 -0.130074 0.281720 -0.938202 0.047145 -0.102479 -0.091782 0.202966 0.325206 0.447486 -0.142328 -0.613456 -0.099659 0.138377 -0.198745 -0.099764 0.582447 0.010882 -0.041669 -0.610943 0.535575 0.452059 -0.422506 0.072492 -0.421283 -0.019915 -0.078700
D00211 -0.710191 -0.781542 -0.090321 0.160444 0.132219 -0.505684 -0.157431 0.000133 -0.257580 -0.115312 0.335216 -0.015085 0.567139 -0.088220 0.048017 -0.456218 -0.940803 -0.161024 0.421806 -0.481112 -0.486248 0.767822 0.156756 -0.004616 -0.233952 0.445091 -0.067977 -0.496038 0.609577 -0.053219 -0.404943 -0.095265
D00962 -0.096381 -0.114549 -0.035317 -0.165198 -0.496130 -0.054724 -0.494566 0.003372 0.374249 0.589043 0.173966 -0.948006 0.096680 0.432396 -0.138941 -0.428090 -0.428646 0.037103 0.040465 -0.562355 -0.246328 -0.324116 0.214206 -0.148464 0.012530 0.322182 -0.013947 -0.077212 0.149600 0.077792 -0.078853 0.377257
hsa3174 -0.171126 0.394194 -0.107268 -0.569254 0.015945 -0.336011 0.456390 -0.012048 -0.220173 0.287299 -0.226391 -0.697574 0.279090 0.437162 0.556069 -0.323857 0.036583 -0.234087 -0.478317 -0.766701 0.210226 -0.220536 0.021661 -0.389301 -0.544791 0.968145 0.367000 -0.042080 -0.417462 0.626019 0.462257 0.217057
hsa190 -0.572625 0.651161 0.026411 -0.900564 0.777762 0.398001 -0.135067 0.171228 -0.210970 -0.125816 0.058350 -0.296591 -0.095177 0.714499 0.263295 -0.573752 0.054603 0.480613 -0.071315 -0.464755 -0.078549 0.137785 -0.360320 0.000905 -0.432436 1.329813 -0.269826 -0.277332 0.152729 -0.051883 0.368037 0.709876
hsa6258 -0.477492 0.085194 0.194662 -0.348983 0.572196 -0.383802 -0.185994 0.532795 -0.447872 0.165858 0.453609 0.076838 0.437922 0.164261 0.570355 -0.695785 0.093968 0.048965 0.089515 -0.811622 0.091932 -0.298954 -0.246487 0.143200 -0.143375 0.997779 -0.237613 -0.373299 -0.103646 0.394155 0.057204 0.459943
D00506 -0.604286 -0.128552 -0.105441 -0.283583 -0.413118 0.552188 -0.540648 0.499900 0.408127 -0.409915 -0.356131 -0.374806 -0.098340 0.525877 -0.137963 -1.117676 0.497663 -0.550150 -0.168962 -1.027257 -0.030935 0.004701 0.155510 -0.267365 -0.507000 0.008960 0.035276 0.077341 -0.321522 0.602072 -0.395934 0.219798
D05341 -0.072987 0.291796 -0.424352 -0.488597 -0.525724 -0.184754 -0.143303 0.244421 -0.051638 0.707982 -0.367938 -0.813879 0.099508 0.126310 0.457986 -0.131116 -0.261148 -0.161171 -0.476339 -0.712124 0.163620 -0.109395 0.289181 -0.514351 -0.397664 0.713664 0.272474 0.189949 -0.427450 0.236256 0.305670 0.371572
D00627 -0.556014 0.387487 -0.292781 -0.100901 0.092029 0.441831 -0.843366 -0.072810 0.079286 0.673837 0.111912 -0.718966 0.122038 1.044051 -0.359976 -0.408116 -0.025622 0.165700 0.543923 -0.293846 -0.113509 -0.029348 0.367632 -0.176119 -0.111953 0.459492 0.192521 -0.374183 0.117188 0.093944 -0.193260 0.361547
