hsa2099 -0.325436 -0.150685 -0.307683 0.512687 -0.423585 0.237217 -0.279201 -0.242759 0.131155 0.142720 0.198768 -0.520097 -0.131659 0.420751 -0.035552 -0.198098 -0.264784 -0.045676 -0.223689 -0.287220 0.191635 0.162320 0.374025 -0.054607 -0.155200 0.625588 0.193016 -0.143347 0.118743 0.250215 -0.059977 -0.173746
D00094 -0.124128 0.311583 0.766060 0.153372 0.752641 -0.011693 -0.121109 -0.112711 -0.475879 0.380091 0.227770 0.135915 0.076520 0.560759 0.288953 -0.241243 0.547941 -0.343047 0.030890 -0.222566 0.441424 -0.002644 -0.160346 -0.257804 -0.447740 0.978454 0.247905 -0.459393 -0.348503 0.073134 0.006039 0.184658
hsa367 -0.604081 -0.069135 -0.482434 0.353115 0.006615 0.039421 -0.335281 -0.389971 -0.094605 -0.696896 -0.250963 -0.078444 -0.171393 -0.100031 0.058745 -0.160558 -0.278343 -0.089507 -0.103466 -0.121370 0.550498 -0.118181 -0.203386 0.181547 -0.511148 0.328706 0.080419 -0.317666 0.016871 -0.179855 0.106706 -0.392190
hsa5241 -0.277031 -0.458928 -0.157646 0.256153 -0.035123 -0.128843 -0.339291 -0.181279 0.089553 -0.382644 0.129549 -0.321851 0.163936 0.234945 0.304038 -0.157106 -0.569865 -0.086511 -0.567677 -0.385888 0.342161 0.343161 0.194170 0.289075 -0.249667 0.817137 -0.078810 -0.203636 0.219426 0.168306 0.100518 -0.352848
D00066 -0.285461 -0.378976 -0.465176 0.524346 -0.038441 -0.043370 -0.382087 -0.332985 0.213622 -0.212654 -0.186114 -0.387498 0.111733 0.025566 0.414306 0.105428 -0.512043 -0.215824 -0.138281 -0.130247 0.349335 0.254338 -0.031835 -0.064845 -0.148148 0.779886 0.061216 -0.218549 0.237942 -0.100348 0.107193 -0.163633
D00577 -0.262732 0.551605 0.101860 0.620541 -0.104313 -0.032855 -0.100070 -0.304010 -0.132494 0.118075 0.312730 -0.376299 -0.275230 0.584089 -0.224116 -0.112926 0.285605 -0.224976 -0.236253 -0.388540 -0.081898 -0.087566 0.237624 0.045763 -0.365587 0.333234 0.641800 -0.211770 0.059960 -0.153790 -0.008966 -0.112875
D00075 -0.304730 -0.559447 -0.450263 0.295057 0.134710 -0.175952 -0.434587 -0.318805 0.114435 -0.331067 -0.115858 -0.184876 0.034888 0.018495 0.222161 -0.112548 -0.365778 -0.027466 -0.311260 -0.153674 0.425479 0.311252 0.053869 -0.048684 -0.330122 0.685876 0.111509 -0.318930 0.263721 -0.105813 0.002155 -0.275767
D01132 -0.290200 0.467983 0.475334 0.242799 0.428884 -0.032462 0.138445 -0.166691 -0.517236 0.238477 0.454341 -0.089647 -0.003737 0.610337 0.097331 -0.278160 0.322402 -0.190511 0.221263 -0.409371 0.276322 -0.325401 0.099040 -0.165693 -0.452539 0.611139 0.256541 -0.340791 -0.207690 -0.002568 -0.116324 -0.084069
D00585 -0.390323 -0.150300 -0.387699 0.305851 -0.194297 -0.097077 -0.161951 -0.130363 -0.034202 -0.667361 -0.103937 -0.340487 -0.015583 0.016228 0.348742 -0.075922 -0.687890 -0.201367 -0.412568 -0.274723 0.341886 -0.045336 -0.168481 0.375380 -0.423578 0.755763 -0.127887 -0.463196 0.036950 0.154833 0.167557 -0.474807
D00088 -0.380439 -0.396343 -0.595451 0.267646 0.023268 -0.351132 -0.024658 -0.461344 -0.027575 -0.485428 -0.109982 -0.605787 -0.081152 -0.040474 0.651633 -0.015544 -0.438842 -0.092024 -0.341017 -0.112397 0.119211 -0.007707 -0.348302 0.037368 -0.535697 0.744435 -0.000640 -0.680464 0.153803 -0.098494 -0.238730 -0.064110
D00950 -0.287440 -0.380437 -0.342688 0.366082 -0.327920 0.115824 -0.268166 -0.109652 0.112404 -0.216652 0.058321 -0.319658 0.114920 0.225497 0.232122 -0.222526 -0.510759 -0.128650 -0.608339 -0.318734 0.316736 0.287086 0.380847 0.327544 -0.273561 0.768427 -0.164740 -0.164872 -0.021324 0.275527 0.109104 -0.392420
hsa2908 -0.439421 -0.047539 -0.398495 0.297522 -0.243091 -0.197036 0.133638 -0.298012 -0.139729 -0.602407 0.061105 -0.591312 -0.130304 -0.028945 0.432300 -0.081106 -0.448765 -0.296804 -0.473541 -0.185518 -0.126924 -0.240826 -0.454217 0.412452 -0.591831 0.760561 -0.046354 -0.830457 -0.034294 -0.029040 -0.220616 -0.292929
D00316 -0.392833 0.498842 0.525878 -0.105626 0.408721 -0.173314 -0.078141 -0.142657 -0.190406 0.197123 0.028739 0.102819 -0.080890 0.397901 0.369783 -0.205174 0.584091 -0.186950 0.085871 -0.453766 0.534970 -0.359290 -0.005878 -0.121920 -0.609082 0.609756 0.451221 -0.336079 -0.415813 0.138932 -0.037313 0.130804
hsa5914 -0.390518 0.397774 0.627678 0.171401 0.283091 -0.100342 -0.066242 -0.114677 -0.443978 0.324184 0.092849 -0.048614 -0.017806 0.415511 0.226806 -0.178791 0.463926 -0.130633 0.099516 -0.350477 0.406197 -0.324409 0.128993 0.073703 -0.504890 0.563801 0.478045 -0.429974 -0.263256 0.167453 -0.121023 0.138101
D00182 -0.295991 -0.411394 -0.182892 0.280609 -0.009621 0.002421 -0.474146 -0.282144 0.023883 -0.449731 0.049988 -0.290214 0.012223 0.151267 0.192481 -0.222196 -0.571983 -0.069122 -0.594087 -0.332052 0.521069 0.210923 0.051709 0.323853 -0.305560 0.749791 -0.239951 -0.151932 0.093833 0.204134 0.270246 -0.548006
D00143 -0.375183 -0.513107 -0.129162 0.578426 0.378467 -0.227144 -0.030888 -0.050922 -0.037928 -0.246084 -0.232310 0.162661 0.312660 -0.270486 0.493471 0.111242 -0.334640 -0.389164 0.034702 0.083219 0.496275 0.438661 0.240201 -0.076047 -0.350126 0.772815 0.441647 -0.112833 0.232659 -0.259931 -0.023532 0.033350
hsa5916 -0.227970 0.465498 0.389843 0.154526 0.421993 -0.182038 0.040508 -0.150977 -0.436060 0.328348 -0.015158 -0.016685 -0.191798 0.533417 0.322064 -0.013447 0.354262 -0.131175 0.169488 -0.224360 0.282454 -0.290351 0.016176 -0.220358 -0.559982 0.592948 0.465794 -0.451649 -0.215484 0.104841 0.033911 0.044373
hsa5915 -0.218157 0.349071 0.515794 0.082507 0.482937 -0.131153 0.137103 -0.088649 -0.535040 0.361407 0.140473 0.061486 -0.062622 0.577038 0.256028 -0.192740 0.466867 -0.252700 0.244039 -0.279337 0.320794 -0.252555 0.185089 -0.224466 -0.595363 0.655692 0.387444 -0.523866 -0.229050 0.144347 -0.179166 0.126905
hsa7421 -0.453458 0.157018 0.426591 0.586507 0.120054 0.220690 -0.346648 0.228825 -0.166084 0.441770 -0.355603 0.693438 -0.054405 -0.198865 0.244006 -0.152937 0.382082 -0.543594 -0.058617 -0.304037 0.293416 0.104231 -0.025899 -0.152623 -0.338180 1.033027 0.230428 -0.317006 -0.306869 -0.513602 0.189318 0.027102
D00327 -0.408641 -0.245391 -0.494735 0.216958 -0.020020 -0.308770 -0.383410 -0.386012 0.057730 -0.585054 -0.209513 -0.422360 0.000605 -0.093501 0.395489 -0.018563 -0.557064 -0.219580 -0.219575 -0.228109 0.593958 -0.073489 -0.059766 0.121445 -0.407773 0.598003 -0.036207 -0.382622 0.220814 -0.041932 0.145315 -0.191071
D00954 -0.259394 -0.481947 -0.326736 0.441971 -0.249864 0.102707 -0.334027 -0.265353 0.129224 -0.136144 0.199031 -0.401542 -0.050281 0.320808 0.179378 -0.305871 -0.454066 0.058750 -0.607841 -0.356401 0.335249 0.327494 0.244824 0.106692 -0.253553 0.799188 -0.103294 -0.052139 0.025978 0.295227 0.169810 -0.478267
hsa2100 -0.393593 0.326108 -0.337163 0.510716 -0.430853 0.336018 -0.218695 -0.618741 0.340532 0.313913 0.187427 -0.601824 -0.228609 0.556647 -0.174703 -0.108929 -0.005287 -0.137113 0.064975 -0.399828 0.107753 -0.128406 0.252387 -0.093863 -0.121715 0.515965 0.556814 -0.128414 0.064436 0.051762 -0.024124 -0.196351
hsa8856 -0.701346 -0.268301 0.041329 0.463239 0.251456 -0.132380 0.084698 0.025242 -0.404080 -0.151381 0.296620 0.138337 0.035492 -0.082343 0.467989 -0.353048 0.349164 -0.326443 0.080272 -0.025394 -0.083419 0.205978 0.069868 -0.050041 -0.475724 0.555413 0.230456 -0.236291 -0.168545 -0.410273 -0.610757 0.173632
D00105 -0.590648 0.192909 -0.455948 0.497288 -0.466016 0.424365 -0.280269 -0.484954 0.402166 0.179279 0.149144 -0.732538 -0.289150 0.435257 -0.091796 -0.196704 -0.124582 -0.042551 0.046602 -0.419582 0.156474 -0.171292 0.114400 -0.125983 -0.145872 0.670975 0.310024 -0.090556 0.021754 0.259724 -0.165508 -0.112635
hsa4306 -0.418491 0.142729 -0.130735 0.412218 -0.153995 -0.436767 -0.106616 -0.063799 0.018038 -0.789582 -0.258009 -0.342501 0.118434 -0.037857 0.632980 0.328371 -0.654520 -0.563675 -0.112368 -0.303631 0.582606 -0.056063 -0.070030 0.352478 -0.311682 0.734334 0.140562 -0.168283 0.153720 0.234415 0.323999 -0.016005
D00565 -0.351604 0.169855 0.276801 0.351426 0.453643 -0.148930 -0.548691 -0.200590 -0.562491 -0.106591 0.236563 -0.041864 -0.420112 0.617832 -0.086036 -0.361251 0.504698 -0.056236 -0.022571 -0.348270 0.337954 -0.131616 0.185687 -0.140093 -0.541283 0.101526 0.327696 -0.141770 -0.024601 -0.064081 -0.143113 0.040691
D01217 -0.278387 -0.519283 -0.231164 0.631770 0.129765 -0.329190 -0.269726 -0.178764 0.156188 -0.427486 -0.109765 -0.321066 0.177640 0.036160 0.511500 0.084858 -0.598724 -0.070977 -0.359857 -0.219455 0.394030 0.415477 0.063515 0.084770 -0.245795 0.794119 0.333636 -0.105878 0.345535 0.027682 0.127661 -0.220903
hsa6256 -0.179720 0.660953 0.506181 -0.024099 0.228232 -0.067113 0.182348 -0.179696 -0.144815 0.305264 0.200162 -0.105910 -0.077443 0.537365 0.111210 -0.193608 0.550832 -0.339407 -0.092417 -0.435530 0.325221 -0.238590 0.111678 -0.262032 -0.554412 0.749223 0.407031 -0.264266 -0.362479 0.187177 0.090978 0.201598
D00040 -0.157526 -0.342091 0.053241 0.475153 0.360072 0.270415 -0.650506 0.028954 -0.255530 0.101292 -0.245942 0.203535 0.025006 -0.001699 0.246888 0.109876 -0.059789 -0.662412 0.092315 0.123966 0.458107 0.386168 -0.118571 -0.398303 -0.214206 0.831830 -0.098823 -0.294627 0.084489 -0.256658 -0.025118 0.003172
D00067 -0.869548 -0.063290 -0.402666 0.534530 -0.466842 0.519801 -0.282009 -0.397528 0.515610 0.087884 -0.007121 -0.611045 -0.291861 0.281455 0.019959 -0.477883 0.094554 0.275961 -0.149395 -0.392975 0.388073 -0.033815 0.086775 -0.148349 -0.252056 0.656347 0.343499 0.241786 -0.213679 0.402910 -0.181753 -0.137146
D00129 -0.324015 -0.069259 0.399564 0.566475 0.170470 0.064065 -0.374716 0.291550 -0.202887 0.327012 -0.402697 0.669707 -0.052609 -0.324859 0.300980 -0.020715 0.234462 -0.487872 -0.168657 -0.236222 0.423819 0.346363 0.062497 -0.263289 -0.344826 1.069037 0.278718 -0.162831 -0.198405 -0.404964 0.392457 0.050341
hsa5468 -0.010323 0.181189 0.125854 0.184809 0.392026 0.242431 -0.778435 0.021335 -0.433512 0.456877 -0.149943 -0.084496 -0.116740 0.814058 -0.215185 -0.064417 0.420512 -0.680151 0.117767 -0.110032 0.162919 -0.062843 0.594784 0.014249 -0.476157 0.351961 0.308044 -0.729187 0.080828 0.027706 -0.445657 0.236686
hsa5465 -0.226922 -0.053343 0.393317 0.373526 0.446337 -0.188008 -0.719156 -0.207969 -0.807885 0.208226 0.203482 -0.046023 -0.639440 0.714256 -0.025238 -0.281474 0.608089 -0.047506 0.008636 -0.286655 0.386178 -0.038080 0.148795 -0.305201 -0.627503 0.132618 0.455342 -0.309619 -0.039902 0.147676 -0.205687 0.053009
hsa2104 -0.122461 0.596304 0.215622 0.475726 -0.128365 -0.111647 0.056292 -0.032512 -0.087283 0.258764 -0.175733 -0.584582 -0.197773 0.567719 0.171848 0.132448 0.250366 -0.240613 -0.518041 -0.357918 0.047812 -0.211542 0.158383 0.088227 -0.386816 0.459118 0.546765 -0.135518 -0.089036 0.289242 0.140875 0.104937
D00951 -0.372064 -0.509976 -0.390349 0.338022 0.071338 -0.408754 -0.274439 -0.353876 0.049432 -0.541028 0.146028 -0.291603 0.086252 0.102828 0.450126 -0.122515 -0.386328 -0.097727 -0.415645 -0.323238 0.347250 0.602225 0.103084 -0.110653 -0.285982 0.791107 -0.009686 -0.055472 0.320943 -0.192622 0.123617 -0.050458
D00279 -0.605345 0.075543 0.267056 0.306706 0.246943 -0.167044 -0.397421 -0.165059 -0.665383 -0.103168 0.202359 -0.015016 -0.505927 0.441673 0.068190 -0.457612 0.600657 -0.037450 0.173303 -0.302042 0.434485 -0.229856 0.117053 -0.202257 -0.663925 0.034510 0.384558 -0.149853 -0.212561 0.132435 -0.339037 0.191195
D00443 -0.542113 -0.167501 -0.195433 0.522099 -0.008899 -0.175644 -0.430722 -0.111479 0.357523 -0.600881 -0.440500 -0.245386 0.249852 -0.095777 0.534960 0.155898 -0.525061 -0.508409 -0.003138 -0.231506 0.648046 0.154001 0.085332 0.257520 -0.118005 0.759468 0.171904 -0.031412 0.358356 0.050060 0.115642 0.186767
D00299 -0.389626 0.069044 0.744877 0.473635 0.109134 0.037160 -0.194420 0.316093 -0.237688 0.632809 -0.353315 0.590904 -0.052048 -0.207937 0.545460 -0.157538 0.412923 -0.266087 -0.371125 -0.426460 0.267059 0.063917 -0.190598 -0.129723 -0.372373 1.337795 0.255950 -0.364256 -0.455527 -0.293694 0.336514 0.035617
D02367 -0.263306 -0.322358 -0.250654 0.343306 -0.324480 0.179176 -0.276755 -0.160471 0.126703 -0.105907 0.001108 -0.507377 -0.015241 0.270222 0.110076 -0.231494 -0.512371 -0.114086 -0.802385 -0.346846 0.406896 0.216577 0.380936 0.316996 -0.363801 0.723714 -0.116717 -0.023959 -0.044269 0.473789 0.194373 -0.470129
D01161 -0.398047 0.018470 -0.617496 0.135610 -0.619286 0.285289 -0.076925 -0.457474 0.298239 0.366227 0.147967 -0.629098 -0.324965 0.388362 -0.087079 -0.214608 -0.032776 -0.067095 -0.208149 -0.460009 0.461708 -0.054705 0.605025 -0.472086 -0.409986 0.672098 0.394330 0.086663 -0.164940 0.449580 0.018505 0.080698
D00554 -0.624349 0.092928 -0.496741 0.508326 -0.476901 0.579256 -0.165532 -0.391710 0.391490 0.108230 -0.074910 -0.657565 -0.214408 0.425761 -0.099017 -0.335188 -0.066153 0.083316 -0.105354 -0.304608 0.311149 0.001364 0.145934 -0.165999 -0.206079 0.688866 0.207631 0.049220 -0.125949 0.395893 -0.044631 -0.119200
hsa6095 -0.211508 0.088669 0.307164 0.512984 0.648013 0.394543 -0.592179 -0.350111 -0.148164 0.254484 0.144680 -0.003937 0.211526 0.470821 -0.186509 -0.060448 0.142950 -0.843823 0.662384 0.031492 0.551584 0.269397 -0.145895 -0.476940 -0.120489 0.879121 0.034651 -0.328220 0.209091 -0.168416 -0.145597 0.221556
D04066 -0.601044 0.068329 -0.310617 0.354072 -0.617044 0.346090 -0.297469 -0.369835 0.409681 0.355514 0.096197 -0.744560 -0.298858 0.332267 0.055573 -0.217898 -0.028668 -0.070575 -0.216971 -0.494862 0.303198 -0.108870 0.269242 -0.242922 -0.195407 0.736516 0.241567 0.151585 -0.149787 0.456922 -0.030619 -0.018850
D02217 -0.214085 0.161422 -0.225463 0.525368 -0.210998 0.416564 -0.472307 -0.617844 0.176286 0.203354 0.424836 -0.329811 -0.121377 0.562276 -0.514542 -0.189092 0.073865 -0.484243 0.093546 -0.347122 0.179511 0.151896 0.310750 -0.261543 -0.054266 0.539162 0.298691 -0.092526 0.247013 -0.254437 -0.013879 -0.062209
D00163 -0.139723 -0.168902 -0.206793 0.497984 0.041449 -0.194464 -0.050090 0.078709 -0.516207 0.045546 -0.381663 0.531764 -0.190191 -0.179583 0.209976 0.341704 -0.209905 -0.415677 0.271174 0.027918 0.540478 0.453143 0.213735 -0.478474 -0.548178 0.736970 0.641646 -0.510879 0.088845 -0.150663 0.321783 -0.183009
D00187 -0.303599 0.042540 0.685277 0.356442 0.362606 0.192620 -0.373974 0.059032 -0.230694 0.445515 -0.254871 0.584177 0.072300 -0.144285 0.280973 -0.168270 0.265671 -0.218599 -0.126486 -0.283029 0.555024 0.139650 -0.206223 -0.123522 -0.313275 1.141454 0.228439 -0.359920 -0.315378 -0.262604 0.364352 -0.072248
D01294 -0.374777 -0.519458 -0.440786 0.360097 -0.080799 -0.125799 -0.461303 -0.270832 -0.110791 -0.576520 0.271748 -0.434292 -0.020386 0.386680 0.190348 -0.257121 -0.506041 -0.010701 -0.653682 -0.343593 0.415152 0.422574 0.390613 0.245495 -0.483106 0.512877 -0.016071 -0.053929 0.109193 0.245191 0.010116 -0.626768
D00898 -0.276485 0.232413 -0.016391 0.407045 -0.114809 0.176181 -0.231486 -0.223054 -0.155026 0.174155 0.542435 -0.476112 -0.042854 0.739133 -0.168597 -0.334569 0.042367 -0.043967 0.015194 -0.389009 0.140802 0.060454 0.586601 -0.053752 -0.308082 0.292833 0.325031 -0.183723 0.026317 0.224873 -0.199249 -0.421651
D01387 -0.468204 -0.394684 -0.631863 0.275250 0.044701 -0.260712 0.170192 -0.279096 -0.223459 -0.682346 0.177071 -0.563777 -0.042677 0.060099 0.639558 -0.224493 -0.419742 -0.159056 -0.434540 -0.070974 -0.263345 -0.059483 -0.382997 0.254816 -0.712969 0.833004 -0.103187 -0.925336 -0.047331 -0.137379 -0.512329 -0.212744
D00188 -0.328419 -0.158585 0.377015 0.264772 0.213148 0.357036 -0.445662 0.234965 -0.231982 0.551251 -0.397920 0.584255 0.028441 -0.267051 0.422871 -0.161143 0.198958 -0.425690 -0.058149 -0.133028 0.520183 0.236041 -0.186107 -0.355609 -0.372252 1.250895 -0.066161 -0.436528 -0.435140 -0.188149 0.197710 -0.018666
D00961 -0.311078 0.429113 -0.361480 0.348243 0.104475 0.042586 -0.417471 -0.564545 -0.109841 -0.471172 0.060063 -0.045185 -0.217550 0.268887 -0.470960 -0.115888 -0.072024 -0.353109 0.027549 -0.300683 0.335881 -0.220740 -0.090219 0.110960 -0.370167 0.225816 0.279713 -0.475706 0.267166 -0.558893 0.141996 -0.328736
D00246 -0.457965 -0.215377 -0.589533 0.289850 -0.028509 -0.349587 0.387551 -0.406614 -0.160691 -0.618644 0.100224 -0.604995 -0.136102 -0.056728 0.612842 -0.135008 -0.389066 -0.231767 -0.628873 -0.160859 -0.288867 -0.118481 -0.483603 0.147976 -0.728077 0.948001 -0.054050 -0.948466 0.009196 -0.311712 -0.364570 -0.105507
D01689 -0.537189 -0.344947 -0.507375 0.177030 -0.051840 -0.222286 0.271679 -0.338124 -0.052123 -0.529710 0.096155 -0.694288 -0.043265 -0.056443 0.780407 -0.227826 -0.407484 -0.144784 -0.539499 -0.180154 -0.176186 -0.106037 -0.550050 0.204112 -0.621826 1.054887 -0.258082 -0.842181 -0.062499 -0.088042 -0.456444 -0.101489
D00348 -0.171146 0.252438 0.927971 0.157639 0.253186 0.145692 -0.327159 0.042104 -0.412338 0.761895 0.041385 0.179236 0.100755 0.190208 0.279241 -0.209880 0.456435 -0.108604 -0.077804 -0.371502 0.347817 -0.148316 -0.019633 0.046095 -0.381753 0.986179 0.347468 -0.732982 -0.419834 0.031780 -0.031378 -0.007223
hsa3174 0.202746 0.532193 -0.253109 -0.345794 -0.078258 -0.138876 0.434953 -0.191729 0.066760 0.349504 -0.083779 -0.423692 -0.147087 0.478825 -0.012457 0.099541 0.376946 -0.606545 -0.463713 -0.394964 0.461065 -0.022727 0.490243 -0.839457 -0.763266 0.948107 0.397580 -0.339767 -0.259731 0.390838 0.191081 0.472127
D00506 -0.976652 0.211489 -0.373420 0.381258 -0.015783 0.294499 -0.352454 0.462300 -0.591080 -0.498967 -0.295695 0.397101 -0.309901 0.052783 0.187486 -0.434138 0.426426 -0.257366 -0.016644 -0.029907 0.229178 0.169849 0.195795 -0.010913 -0.857143 0.145555 0.143516 -0.146152 -0.569618 -0.195256 -0.317909 -0.246305
hsa9970 -0.916113 0.207345 -0.372411 0.347385 0.343387 0.333117 -0.117913 0.478758 -0.675720 -0.366072 -0.382252 0.668091 -0.197735 0.105170 0.294157 -0.425158 0.565096 -0.315349 -0.038134 0.088540 0.182360 0.313146 0.183326 -0.266705 -0.948090 0.473673 0.149347 -0.204575 -0.599994 -0.489256 -0.261539 -0.116151
D01115 -0.451540 -0.075581 -0.220216 0.448523 -0.067733 -0.656909 -0.203995 -0.395999 -0.038687 -0.784478 -0.119977 -0.539884 0.193052 -0.072778 0.744056 0.177859 -0.685860 -0.479388 -0.115143 -0.362777 0.673240 0.050913 -0.150066 0.174721 -0.247276 0.805438 -0.099897 -0.212889 0.374404 -0.011219 0.374175 0.127772
hsa2101 -0.094895 0.613773 0.307180 0.542191 -0.133644 -0.351709 -0.263886 -0.211663 0.042690 -0.122721 0.251022 -0.599624 -0.109686 0.548626 0.131770 0.082527 0.085180 -0.335101 -0.389513 -0.537341 0.109965 -0.236651 0.084118 0.303824 -0.183828 0.360515 0.538935 -0.116158 0.089483 0.169362 0.162655 -0.006383
D00462 -0.381153 -0.156471 -0.341826 0.588255 -0.066510 0.100393 -0.359262 -0.323999 -0.127316 -0.251919 -0.314474 0.174233 -0.160039 -0.178257 -0.062716 0.128596 -0.486933 -0.163916 0.043148 -0.069774 0.560511 0.152489 -0.045193 0.053653 -0.334111 0.582281 0.377192 -0.408971 0.201593 -0.254582 0.316070 -0.604597
hsa6257 -0.131527 0.601951 0.374822 -0.147292 0.352922 -0.365091 -0.089416 -0.206155 0.118430 0.097979 -0.157041 -0.139269 -0.116308 0.442079 0.338491 0.050528 0.534783 -0.420874 -0.139963 -0.582011 0.664752 -0.452614 0.013733 -0.275458 -0.605736 0.609871 0.603909 -0.195036 -0.307927 0.321867 0.158305 0.430432
D05341 0.153499 0.457242 -0.631890 -0.079956 -0.405802 -0.038595 0.337199 -0.008334 -0.004572 0.433777 -0.169373 -0.232550 -0.184813 0.368489 -0.113979 0.183275 0.251855 -0.550732 -0.278774 -0.288565 0.449797 0.357837 0.842469 -1.035209 -0.795123 0.899437 0.672943 -0.283796 -0.262318 0.328581 0.298929 0.368485
D00956 -0.378204 -0.440893 -0.469206 0.228660 -0.010329 0.117611 -0.420032 -0.426049 0.022118 -0.492759 -0.354572 -0.126988 -0.024430 -0.127348 0.008577 -0.180807 -0.547449 -0.081348 -0.540336 -0.165551 0.777136 -0.022088 0.217928 0.423867 -0.629795 0.492366 0.013136 -0.413669 0.045346 0.119729 0.145990 -0.599677
D00730 -0.864150 0.041294 0.151119 0.726586 0.031621 -0.072149 -0.123004 0.055922 -0.609214 -0.289420 0.604298 -0.011407 -0.389032 0.173352 0.122194 -0.554964 0.609499 -0.455722 0.114148 -0.227052 -0.132563 0.105074 0.103860 -0.174426 -0.581703 0.222748 0.396755 0.017954 -0.194242 -0.267320 -0.620165 0.270921
D01441 -0.233662 0.400758 0.026643 0.260273 0.369776 0.481088 -0.484915 -0.662692 -0.038043 0.132025 0.138154 -0.063518 0.241001 0.562034 -0.635077 -0.076466 0.086005 -0.890129 0.608168 -0.125813 0.675996 -0.137305 0.150772 -0.209614 -0.241682 0.625154 0.108637 -0.564334 0.290779 -0.304251 -0.172546 -0.035411
hsa2103 -0.127152 0.706564 0.221262 0.569814 -0.107517 -0.067871 0.176950 -0.230719 -0.061802 0.080095 0.197966 -0.621550 -0.107336 0.741478 -0.053325 0.052347 0.129220 -0.327000 -0.436446 -0.440082 0.225887 -0.264190 0.280319 0.086933 -0.422328 0.392413 0.534758 0.059715 -0.104291 0.361976 0.255078 -0.157024
D00962 -0.060153 0.186665 -0.407075 0.268000 -0.276930 0.398322 -0.214215 -0.011363 0.034611 0.263853 0.066993 -0.331811 -0.007970 0.749629 -0.225199 -0.311646 0.049195 -0.343107 -0.227383 -0.199254 -0.008030 0.190960 0.829156 -0.019044 -0.381145 0.508266 0.140501 -0.481721 -0.035591 0.178088 -0.218114 -0.090843
D00312 -1.058178 0.220564 -0.510871 0.445713 -0.480794 0.530908 -0.421221 -0.186657 0.482198 -0.172894 -0.085003 -0.669166 -0.248500 0.482239 0.164159 -0.357118 0.115076 -0.086304 0.168311 -0.379985 0.291248 -0.067231 0.128336 -0.068605 -0.202304 0.529739 0.190250 0.276432 -0.227440 0.461809 -0.336559 0.173424
D00586 -0.856905 0.011639 -0.190059 0.427124 0.179910 0.195284 -0.383281 -0.457632 -0.367331 -0.702629 -0.200765 0.003348 -0.314573 0.160648 -0.293960 -0.589927 -0.031865 0.126513 0.180488 -0.164689 0.806401 -0.180619 -0.006337 0.278091 -0.565951 -0.005134 0.175586 -0.171855 0.112131 0.007745 -0.016165 -0.211847
D00930 -0.334528 0.046831 0.640084 0.495008 0.335357 0.076907 -0.397999 0.365841 -0.271204 0.449401 -0.453971 0.812156 -0.014163 -0.118242 0.375328 -0.175057 0.323651 -0.323040 -0.371081 -0.433433 0.386452 0.134721 -0.016573 -0.055475 -0.375194 1.246356 0.196051 -0.312468 -0.336429 -0.438674 0.475572 -0.091040
D00596 -0.185802 0.275752 -0.278320 0.112656 0.106006 0.385710 -0.619786 0.403225 -0.392893 0.080685 -0.123144 -0.002700 -0.079293 0.795934 -0.270929 -0.278194 0.409277 -0.535450 -0.139626 -0.114470 -0.014069 0.276736 0.962530 0.056651 -0.666511 0.216422 0.207505 -0.575791 -0.164395 0.147785 -0.487192 -0.035576
D00690 -0.206250 -0.351632 -0.800242 0.287676 -0.308304 -0.138944 0.183693 -0.430905 -0.074654 -0.239449 0.016535 -0.653978 -0.002864 -0.137096 0.676604 -0.015164 -0.632833 -0.423609 -0.432447 -0.082602 -0.300725 -0.073698 -0.461257 0.102611 -0.581321 1.223934 -0.228923 -1.285608 0.009187 -0.263438 -0.351945 -0.167956
D00965 -0.957572 0.200843 -0.498061 0.350365 -0.220486 0.458718 -0.398456 -0.012454 0.057988 -0.557917 -0.536774 -0.072655 -0.277538 0.081694 -0.135065 -0.460857 -0.003905 0.059417 -0.138676 -0.199860 0.589322 -0.180082 0.036710 0.239352 -0.628917 0.194589 0.177999 -0.026945 -0.308392 0.231666 -0.045911 -0.307562
hsa9971 -0.442981 -0.092401 -0.153635 0.529150 0.091246 -0.241535 0.207148 0.081230 -0.755816 0.081760 -0.176401 0.539960 -0.230006 -0.131523 0.529637 0.280788 -0.124064 -0.211748 0.563259 0.048037 0.434599 0.262034 0.166814 -0.588971 -0.688271 0.631285 0.682799 -0.432067 -0.157579 -0.167304 0.115562 -0.255004
D00627 -0.085533 0.350336 -0.252805 0.270489 -0.057373 0.417590 -0.600282 -0.245144 -0.016922 0.478178 -0.349627 -0.146104 0.028811 0.557110 -0.448985 0.007248 0.132345 -0.861637 0.206655 -0.206529 0.146853 -0.274059 0.711585 0.213864 -0.355082 0.494695 0.383812 -1.030914 0.256181 -0.238118 -0.386678 0.218355
hsa6258 -0.180892 0.416209 0.599799 0.061586 0.762140 0.007131 0.170974 -0.239525 -0.579428 0.299900 0.647646 -0.007976 0.147634 0.678035 0.076856 -0.472624 0.279310 -0.015672 0.232077 -0.442202 0.332022 -0.285478 -0.221840 -0.330339 -0.480620 1.000623 0.140020 -0.481193 -0.291862 -0.000399 0.024462 -0.084709
hsa6096 -0.243751 0.015678 0.467015 0.219896 0.839007 0.266646 -0.336657 -0.295131 -0.437710 0.086823 0.308654 0.131855 0.065568 0.649519 0.011300 -0.194159 0.439349 -0.587554 0.548855 0.057355 0.654772 0.348352 -0.125367 -0.579019 -0.346404 0.857988 0.130944 -0.203582 -0.074408 0.112703 -0.126182 0.380920
hsa6097 -0.216448 0.007205 0.380779 0.072638 0.693357 0.304875 -0.157775 -0.260582 -0.186438 0.133967 0.326080 -0.096659 0.169744 0.700051 0.226237 -0.209622 0.335287 -0.438786 0.435198 0.048871 0.290443 0.165522 -0.229623 -0.329978 -0.222986 1.005482 0.035498 -0.366973 -0.128288 0.113096 -0.328702 0.331327
D00211 -0.714851 -0.413597 -0.193171 0.281660 0.226983 -0.518141 0.333193 0.009370 -0.256285 -0.604793 0.235931 -0.000126 0.162197 -0.161846 0.755320 -0.374934 0.131645 -0.312589 -0.406411 -0.206105 -0.185147 0.381283 -0.066680 0.051210 -0.579540 0.811211 -0.027101 -0.208687 -0.005003 -0.546359 -0.443054 0.337058
hsa190 0.076000 0.375840 0.717932 -0.094569 0.970330 -0.101942 -0.057790 -0.008163 -0.397172 -0.065224 0.064999 0.172336 -0.142851 0.870108 0.149980 -0.445246 0.857930 0.090887 -0.577678 -0.401445 0.227858 0.375959 -0.137574 -0.325272 -0.536908 1.265435 0.157352 -0.386520 -0.054539 -0.133958 0.368746 0.459931
