hsa2099 -0.495034 -0.182966 -0.244414 0.195330 -0.455000 0.379902 -0.082057 -0.099179 0.727979 -0.104497 -0.204587 -0.579488 0.015141 0.274164 -0.331278 -0.292099 -0.265998 -0.076252 -0.073692 -0.245826 -0.130923 -0.047140 0.066866 0.148458 0.061208 0.328280 0.040048 0.145184 0.458098 0.246983 0.087861 -0.209761
D00094 -0.344041 0.057038 0.404988 -0.127294 0.424661 0.305832 0.337869 0.287548 -0.132090 0.700804 -0.207634 -0.038806 -0.206046 0.303977 -0.458435 -0.074282 0.304116 -0.362027 -0.077945 0.003369 -0.014011 -0.254787 0.147881 0.224285 -0.330983 1.217442 -0.010520 -0.393851 0.131609 0.056663 -0.165528 0.542335
D01132 -0.470156 0.172429 0.368569 0.212881 0.178091 0.338991 0.314465 0.167621 -0.196098 0.671951 0.111685 -0.241624 -0.056253 0.484935 -0.509869 -0.111355 0.231576 -0.217990 -0.006185 -0.235144 -0.112520 -0.340087 0.175019 -0.108382 -0.574155 0.832519 0.297784 -0.225545 0.104809 0.183985 -0.172004 0.192958
hsa367 -0.562940 -0.180885 -0.298990 0.247018 0.154965 0.071508 -0.117356 0.027334 0.376445 -0.493692 -0.693682 -0.417683 -0.057844 0.082503 -0.189260 -0.245827 -0.279294 0.044299 0.076290 0.015870 0.475074 -0.418387 0.002582 0.624569 -0.292598 0.306989 0.047684 -0.036386 0.335593 0.055115 0.153596 -0.385111
D00577 -0.334587 0.095887 0.118593 0.285097 -0.259194 0.348512 0.305474 -0.226604 0.473172 0.098229 -0.117042 -0.519894 -0.259756 0.557169 -0.248720 -0.312914 0.168538 -0.205479 -0.294862 -0.132057 -0.386653 -0.163955 0.155542 0.197245 -0.292052 0.179957 0.353207 -0.132152 0.333213 0.119694 -0.055734 0.033537
hsa5241 -0.427337 -0.627948 -0.057142 0.486525 -0.290242 0.318387 -0.502347 -0.197626 0.298740 -0.341315 -0.176000 -0.639167 -0.014408 0.151022 0.110831 -0.128591 -0.514033 -0.047279 -0.315286 -0.249543 0.061425 -0.156917 -0.088652 0.586959 -0.000937 0.512374 0.085640 -0.224890 0.519063 -0.105734 -0.044428 -0.627664
D00075 -0.537993 -0.423630 -0.163504 0.529108 0.064166 0.154902 -0.236113 -0.194157 0.366844 -0.286384 -0.336066 -0.433202 0.043535 -0.013285 -0.207119 -0.111224 -0.343263 0.170082 -0.061436 -0.071771 0.224481 -0.194632 -0.153171 0.637654 -0.087347 0.455732 0.011943 -0.010750 0.462980 -0.153603 0.040122 -0.421675
D00066 -0.548334 -0.389012 -0.260934 0.543825 -0.091886 0.000919 -0.391628 -0.121063 0.401804 -0.235346 -0.369642 -0.413581 0.040446 -0.067245 -0.030722 -0.157127 -0.253463 0.010477 0.168257 -0.095291 0.184196 -0.163928 -0.142864 0.460927 0.103198 0.565295 0.014109 0.023605 0.461354 -0.121270 -0.036449 -0.045300
D00316 -0.410379 0.054008 0.338496 0.031703 0.376057 0.144799 0.198278 0.449090 -0.032005 0.855339 -0.250372 -0.056734 -0.143909 0.458675 -0.359697 -0.241506 0.176774 -0.353576 0.077882 -0.172732 0.144886 -0.207837 0.434594 -0.038652 -0.421966 0.890051 0.445466 -0.186305 0.276927 0.289837 0.152003 0.124288
hsa2100 -0.518905 0.121723 -0.119928 0.202774 -0.556508 0.692674 0.258506 -0.330591 0.542291 0.221493 -0.239099 -0.536355 -0.277206 0.294199 -0.392762 -0.251530 0.001203 -0.061743 0.204490 -0.254774 -0.480195 -0.286361 0.052275 -0.151882 -0.070412 0.296728 0.394508 0.232733 0.344024 0.046539 -0.004288 -0.158623
hsa5915 -0.354501 -0.073717 0.374441 0.235388 0.222607 0.269513 0.232960 0.201178 -0.114018 0.718997 -0.151129 0.036437 -0.075868 0.227200 -0.205303 -0.133784 0.266766 -0.276329 0.311969 -0.078014 -0.060965 -0.198463 0.145768 -0.026967 -0.238944 1.023644 0.436656 -0.352467 0.264499 0.080815 -0.064178 0.289670
D00950 -0.334727 -0.496736 -0.196206 0.433053 -0.357128 0.305699 -0.399155 -0.141526 0.526827 -0.130316 -0.154276 -0.713668 -0.043090 0.276684 0.015464 0.012576 -0.413424 0.031414 -0.532942 -0.057611 0.019332 -0.091577 0.192402 0.602344 0.006664 0.538992 -0.070642 0.112568 0.402266 0.045100 0.115564 -0.644931
hsa5916 -0.426072 0.124007 0.265551 0.130036 0.321612 0.332969 0.414109 0.411894 -0.113306 0.712877 -0.217796 -0.016728 -0.012276 0.451734 -0.117241 -0.126175 0.259937 -0.399995 0.243446 0.079863 -0.118605 -0.084115 0.357558 0.093286 -0.398609 0.999149 0.286038 -0.255771 0.103951 0.268649 -0.042108 0.162287
D00143 -0.547542 -0.344685 -0.210297 0.677634 -0.030354 -0.031868 -0.223779 0.044604 -0.024590 -0.168045 -0.362692 -0.149864 0.064705 -0.246783 0.194239 0.239643 -0.231252 -0.028161 0.378043 -0.004907 0.396716 0.108442 -0.108950 0.166731 0.010093 0.984004 0.285498 0.006796 0.354361 -0.203745 0.021905 0.003084
D00327 -0.581914 -0.279330 -0.440852 0.269115 -0.072716 -0.118277 -0.134907 -0.133270 0.489900 -0.417893 -0.495941 -0.572722 -0.134852 0.097196 -0.164503 -0.209260 -0.440684 0.025903 0.092574 -0.026974 0.270440 -0.263469 -0.015429 0.568488 -0.119271 0.286490 -0.051288 -0.188050 0.575401 0.005713 0.070844 -0.058194
D00182 -0.350598 -0.555692 0.001909 0.369351 -0.102570 -0.000705 -0.334706 -0.126094 0.563184 -0.170493 -0.176714 -0.592710 0.020722 0.182901 -0.105311 -0.219675 -0.562003 -0.057944 -0.443372 -0.156422 0.292782 -0.237715 0.151602 0.639135 -0.087075 0.466689 0.021580 -0.036831 0.638782 0.014471 0.241714 -0.590990
D00954 -0.372069 -0.559259 -0.211355 0.285703 -0.287519 0.340209 -0.526712 -0.090470 0.400538 -0.156341 -0.139302 -0.613368 -0.081901 0.373857 -0.062497 -0.263762 -0.429439 0.041215 -0.357866 -0.179138 0.031036 -0.052503 0.176882 0.498716 -0.065362 0.396698 -0.070813 -0.041111 0.494661 0.075782 0.051653 -0.603014
hsa8856 -0.882307 -0.235465 -0.369133 0.772002 -0.081966 0.143469 0.153920 0.208442 -0.365523 -0.098120 -0.171684 0.021907 0.022807 -0.108069 0.250983 0.125466 0.058294 -0.122871 0.214734 -0.046780 -0.032861 0.472519 0.011086 0.026259 -0.448305 0.801805 0.378105 -0.371745 0.043561 -0.157410 -0.335838 0.182317
D00105 -0.637729 0.125028 -0.220471 0.160382 -0.548605 0.698711 0.059712 -0.248971 0.896425 -0.048019 -0.370593 -0.651823 -0.192356 0.321591 -0.376419 -0.533701 -0.059026 0.057832 0.257724 -0.453376 -0.493420 -0.150405 0.038111 0.021633 0.169641 0.343366 0.240749 0.334440 0.474667 0.257671 0.007916 -0.121698
D00088 -0.585190 -0.428106 -0.519871 0.470799 -0.090388 -0.086583 -0.208118 -0.196027 0.330884 -0.406031 -0.228610 -0.481729 -0.009877 -0.148040 0.015266 -0.107315 -0.534463 -0.031157 0.001883 -0.122999 -0.084102 -0.184831 -0.298066 0.500277 -0.101769 0.596183 -0.187815 -0.579426 0.493396 -0.295374 -0.302167 0.110773
hsa6256 -0.336928 0.222500 0.258072 -0.265672 0.083462 0.356042 0.558191 0.116574 -0.084690 0.727303 -0.349092 -0.282945 -0.213779 0.574366 -0.278492 -0.159864 0.197872 -0.451244 0.083260 -0.091265 -0.072610 -0.300134 0.348690 -0.193293 -0.497112 0.902821 0.501967 -0.298251 0.205105 0.448213 -0.083726 0.231017
D00565 -0.620283 -0.040881 0.433519 0.353107 -0.043945 0.478010 0.014140 0.022693 -0.342177 0.078814 -0.138204 -0.131449 -0.476450 0.650414 -0.343007 -0.336491 0.266329 -0.083072 0.225853 -0.298593 0.182262 -0.206296 0.273211 0.076772 -0.486861 0.293375 0.505456 -0.318765 0.385516 0.224437 -0.135268 0.051228
D00585 -0.494332 -0.462917 -0.286062 0.312223 -0.148403 -0.222296 -0.286861 0.025069 0.365349 -0.438867 -0.363081 -0.713673 -0.104112 0.016679 0.136830 0.003830 -0.545350 -0.297275 -0.236656 0.068496 0.401815 -0.467385 0.195602 0.689169 -0.322545 0.302944 0.037589 -0.376244 0.409752 0.001741 0.043546 -0.363091
hsa7421 -0.729181 -0.290884 0.218530 0.441424 0.061763 0.270493 0.105480 0.498701 0.000033 0.352995 -0.344451 0.099643 -0.223724 -0.291582 0.347944 0.127338 0.410401 -0.351482 -0.386427 0.270261 0.066398 0.010321 0.165752 0.330398 -0.352987 1.260857 -0.112230 0.020512 -0.264487 -0.142213 -0.065261 0.390546
D00040 -0.339092 -0.185530 0.314944 0.661601 0.131479 0.225913 -0.257887 0.131309 -0.120185 0.144560 -0.217422 -0.168904 -0.005446 -0.269939 -0.109273 0.525016 0.053899 -0.254653 0.265542 0.251192 0.322232 -0.330791 -0.044973 0.362006 0.059330 1.174377 -0.278482 0.143119 0.188554 -0.269429 -0.221627 0.115947
D00129 -0.424425 -0.285676 0.311309 0.384622 0.136145 0.103159 0.022524 0.231679 0.115668 0.393190 -0.341597 -0.121688 -0.100414 -0.360581 0.334032 0.467342 0.215796 -0.390459 -0.284377 0.417156 0.144269 -0.126126 0.054422 0.431608 -0.081836 1.583800 -0.166776 0.207661 -0.053215 -0.256130 0.050440 0.378281
hsa6257 -0.393520 0.136729 0.322415 -0.178722 0.355259 0.165053 0.154276 0.244730 0.010484 0.811000 -0.082592 -0.264998 -0.038177 0.480976 -0.423985 -0.116875 0.152438 -0.401645 -0.065166 -0.175433 0.102260 -0.244585 0.338187 -0.201131 -0.426137 1.151244 0.241139 0.006632 0.173111 0.355906 0.034681 0.278950
D00279 -0.751026 0.029891 0.128094 -0.032368 0.126798 0.446505 -0.154457 0.349529 -0.343218 0.151532 -0.316331 -0.073151 -0.556119 0.721033 -0.093870 -0.432248 0.279956 0.068874 0.191486 -0.241587 0.280463 -0.190417 0.282337 0.061965 -0.523923 0.519678 0.370054 -0.375026 0.084528 0.437141 -0.059698 0.134313
D01294 -0.507540 -0.377107 -0.195753 0.328245 -0.040972 0.025784 -0.368195 -0.083610 0.644738 -0.035357 -0.143656 -0.550704 0.202320 0.399503 -0.046677 -0.374100 -0.502171 0.149761 -0.208714 -0.210431 0.081662 0.023476 0.079076 0.559686 0.075252 0.586280 -0.065654 0.186855 0.503467 0.240883 0.212501 -0.422157
D00506 -1.014471 0.172157 -0.231052 0.223710 0.223087 0.573375 -0.105996 0.813832 0.064588 -0.028210 -0.499531 -0.115007 -0.376609 0.344549 -0.155964 -0.327015 0.612934 -0.170577 -0.179571 0.152879 0.103833 -0.014392 0.364129 0.317958 -0.646614 0.528606 -0.255334 0.124969 -0.434924 0.245761 -0.139429 0.206858
D00067 -0.639223 -0.085787 -0.376514 -0.194391 -0.673887 0.466778 -0.105948 -0.049477 0.830043 0.003345 -0.523821 -0.646200 -0.131952 0.121050 -0.338500 -0.590007 -0.238138 0.178057 0.209406 -0.613269 -0.236622 -0.269269 -0.032300 -0.095480 0.149174 0.496759 0.222846 0.140045 0.377395 0.497493 0.067308 -0.213314
hsa2908 -0.482206 -0.411328 -0.370034 0.289335 -0.181003 -0.175619 0.126599 -0.209687 0.241879 -0.395377 -0.258610 -0.768576 -0.051629 0.021012 0.296494 0.024715 -0.621395 -0.240455 -0.570593 0.027609 -0.036561 -0.450916 -0.013832 0.682784 -0.558243 0.340439 0.210293 -0.720911 0.309570 -0.164757 -0.141423 -0.331063
D02367 -0.420611 -0.538808 0.138966 0.077693 -0.155080 0.215980 -0.487164 -0.126651 0.537828 0.039872 0.059720 -0.658685 0.121697 0.342629 -0.227165 -0.411235 -0.657604 -0.037028 -0.260514 -0.345264 -0.006637 -0.400082 0.036752 0.372327 0.036300 0.540558 -0.174831 0.117074 0.571578 0.141310 0.128701 -0.711808
D00188 -0.512475 -0.475887 0.432767 0.473841 0.253126 0.292725 -0.180763 0.451114 0.097733 0.447464 -0.329570 0.142717 -0.207946 -0.436166 -0.004597 0.120176 0.313901 -0.349247 -0.220256 0.317152 0.205226 -0.313241 0.008505 0.565560 -0.094023 1.263955 -0.303059 -0.077096 0.004166 -0.379374 -0.030444 0.332907
hsa5468 -0.178500 -0.032101 -0.225840 0.311968 0.012288 0.639669 -0.254139 0.332654 -0.001586 0.415771 -0.141642 -0.245699 -0.453294 0.642586 -0.646848 -0.017154 0.300546 -0.400076 0.135826 0.200420 -0.293813 0.100538 0.636567 0.109263 -0.263579 0.443665 -0.111786 -0.448346 0.472625 -0.102954 -0.438719 0.441383
hsa5465 -0.561150 -0.130496 0.369161 0.006483 0.010570 0.677074 -0.166708 0.229951 -0.551700 0.521045 -0.179042 -0.043343 -0.645887 0.763715 -0.280250 -0.320224 0.339272 -0.021243 0.369146 -0.238363 0.053837 -0.210889 0.310038 0.104489 -0.360204 0.608498 0.354207 -0.587898 0.296342 0.396035 -0.302442 0.188109
hsa5914 -0.333783 0.021276 0.289203 0.044625 0.149754 0.464614 0.381512 0.168238 -0.194393 0.703347 -0.122773 -0.101544 -0.187819 0.453430 -0.242524 -0.056149 0.210574 -0.160329 0.064765 0.049309 -0.234826 -0.114121 0.177251 0.163987 -0.351020 0.965894 0.259741 -0.435391 0.197691 0.121592 -0.130384 0.225781
hsa4306 -0.438089 -0.351122 -0.311332 0.490695 -0.115748 -0.503529 -0.395070 -0.211480 0.446609 -0.490622 -0.457979 -0.801544 0.001683 0.187708 0.344027 0.017479 -0.407798 -0.445778 -0.086899 0.015775 0.539661 -0.206918 0.222072 0.341554 -0.157772 0.520196 0.259090 -0.209346 0.685498 0.049422 0.047923 0.012260
D00299 -0.532887 -0.395404 0.622444 0.405696 0.214090 0.217056 0.051596 0.271209 0.020643 0.617674 -0.203669 0.132367 -0.163388 -0.247662 0.031033 0.089944 0.348153 -0.463095 -0.417754 0.120635 0.072823 -0.238944 0.030571 0.453099 -0.209100 1.303718 -0.057344 -0.067953 0.003362 -0.271857 -0.015974 0.448700
D01217 -0.520613 -0.433183 -0.337874 0.785453 -0.194242 0.109888 -0.578296 -0.210753 0.336712 -0.321730 -0.298367 -0.473266 0.176227 0.036215 0.093893 -0.130669 -0.322902 0.127119 0.065377 -0.374011 0.171462 0.126874 -0.214053 0.367777 0.134598 0.780989 0.254813 0.033181 0.498078 -0.141382 -0.085869 -0.208431
D00554 -0.688371 -0.142903 -0.392808 0.045410 -0.753012 0.650415 -0.189457 0.053089 0.704667 -0.068656 -0.449543 -0.558384 -0.179160 0.180582 -0.290572 -0.532951 -0.156940 0.195541 0.223259 -0.536234 -0.292092 -0.080418 0.052907 -0.095272 0.126899 0.508139 0.200171 0.216565 0.328618 0.411620 0.057268 -0.309782
D00187 -0.450244 -0.475963 0.446221 0.151676 0.258948 0.143408 0.040458 0.545176 0.102534 0.647776 -0.363241 0.141819 -0.224027 -0.402554 0.213440 0.109581 0.180442 -0.490024 -0.435034 0.102621 0.133690 -0.316401 0.087992 0.330864 -0.231522 1.561770 -0.052777 -0.324961 -0.070198 -0.244949 0.098250 0.422737
D00163 -0.114888 -0.251126 -0.181147 0.235957 -0.098077 0.159864 0.044816 0.373861 -0.125976 0.178372 -0.663119 -0.046622 -0.273113 -0.410753 0.007980 0.594355 -0.224294 -0.038385 0.282490 0.269638 0.426868 -0.043837 0.157123 0.067764 -0.018290 1.290168 0.091987 -0.125094 0.266710 -0.198719 0.148790 -0.116554
hsa6096 -0.474615 0.350715 0.276670 0.137750 0.532764 0.428016 0.315638 0.094127 -0.318942 0.383443 0.202602 -0.250622 -0.008869 0.578762 -0.837442 0.097019 0.035214 -0.254048 0.252119 -0.034955 -0.114234 -0.229292 0.080954 0.185876 -0.504894 1.147457 -0.156181 -0.355045 0.173325 0.166082 -0.397286 0.448181
hsa6258 -0.289277 -0.069710 0.305713 0.113365 0.451101 -0.105710 0.093970 0.512483 -0.153729 1.004674 0.074783 -0.151104 0.057086 0.383092 -0.552432 -0.142287 0.191651 -0.430153 -0.292936 -0.214166 0.101147 -0.499783 0.311866 0.049791 -0.637814 0.984596 0.344057 -0.369550 0.154531 0.007998 0.010677 0.314436
D02217 -0.231727 0.042218 -0.063903 0.286620 -0.381263 0.684123 0.177858 -0.179407 0.554053 0.263051 -0.347666 -0.498949 -0.279857 0.207833 -0.441416 0.003567 0.027878 -0.348704 0.298868 0.107782 -0.384801 -0.340468 0.247445 -0.080027 -0.026262 0.312592 0.209253 0.303334 0.517740 -0.236517 0.017845 -0.280647
D00596 -0.336340 0.090336 -0.421308 0.238021 -0.307532 0.585891 -0.216933 0.607202 0.103410 0.266409 -0.106878 -0.448294 -0.343677 0.653353 -0.461987 0.009624 0.355813 -0.413246 -0.138582 0.157474 -0.368805 0.274005 0.749085 0.004794 -0.343844 0.413462 -0.182322 -0.254217 0.143933 0.179752 -0.430006 0.325493
hsa2104 -0.028058 0.253633 0.083087 -0.026896 -0.107570 0.231052 0.633117 -0.266169 0.345296 0.308398 -0.227879 -0.659528 0.021207 0.548032 -0.107560 -0.050211 0.022169 -0.394361 -0.444198 0.001693 -0.441245 -0.278711 0.111942 0.268458 -0.325842 0.476309 0.297670 -0.305661 0.232089 0.241424 -0.160507 0.101075
D00312 -0.786920 -0.070526 -0.444460 0.003343 -0.653856 0.475963 -0.084131 0.125159 0.932174 0.007796 -0.543889 -0.621019 -0.156704 0.074185 -0.181075 -0.533811 0.012849 0.014354 -0.107037 -0.349107 -0.296457 -0.195269 0.026182 0.029428 -0.001997 0.313316 -0.009520 0.381346 0.103008 0.388300 0.103370 -0.131960
hsa9970 -1.078373 0.068343 -0.249884 0.427369 0.127940 0.600192 0.120103 0.900921 -0.250599 0.170970 -0.345963 0.079978 -0.212403 0.298140 0.240562 -0.042775 0.381931 -0.153603 -0.082670 0.148162 0.046685 0.316589 0.395921 0.064765 -0.721364 0.969157 0.034196 0.065503 -0.497293 0.189883 -0.016679 -0.062201
D04066 -0.723045 -0.062536 -0.410105 -0.021952 -0.533635 0.457505 0.167014 -0.155934 0.606612 0.094941 -0.145910 -0.669167 -0.008911 0.229184 -0.167931 -0.401361 -0.300120 0.015581 0.130061 -0.282580 -0.521522 -0.206715 -0.045290 -0.056494 -0.102974 0.352421 0.173131 0.159066 0.264847 0.240711 -0.018500 -0.267425
hsa6095 -0.174918 0.217076 0.494246 0.782365 0.244582 0.507054 -0.089756 0.015499 -0.196290 0.205537 -0.049474 -0.288229 -0.014736 0.163915 -0.594272 0.581284 0.272767 -0.379736 0.443781 0.274493 0.132938 -0.422634 0.106934 0.214313 -0.143669 1.060570 -0.235633 0.091229 0.254877 -0.232963 -0.433421 0.179976
D00956 -0.638572 -0.295940 -0.241345 0.464403 0.282172 0.065394 -0.105692 0.002063 0.586895 -0.221840 -0.335619 -0.319814 0.164643 0.165046 -0.197300 -0.352269 -0.425370 0.265945 -0.017206 0.059409 0.159153 -0.260444 -0.019772 0.916580 -0.174765 0.419433 -0.193965 0.042837 0.395707 0.019832 0.165686 -0.472889
D00965 -1.063212 -0.056866 -0.445526 0.055870 -0.051979 0.233742 -0.105949 0.376723 0.444853 -0.429066 -0.794448 -0.268730 -0.147216 -0.069719 -0.179723 -0.640994 0.159198 -0.005332 0.074585 -0.176098 0.268597 -0.385992 -0.127345 0.245649 -0.375135 0.215685 -0.014382 0.232690 -0.129370 0.248473 0.041479 -0.007203
D01387 -0.750385 -0.402979 -0.799664 0.213326 -0.319135 -0.133420 0.167942 -0.170325 0.259760 -0.535548 -0.172997 -0.756358 0.100361 -0.125484 0.216171 -0.052394 -0.883635 -0.032258 -0.300860 -0.136313 -0.197209 -0.334818 -0.271222 0.574267 -0.545815 0.618214 -0.005409 -0.920885 0.229031 -0.081389 -0.329335 -0.184719
D00961 -0.646979 0.044531 0.024342 0.456604 0.049689 0.295947 0.165697 -0.177147 0.181632 -0.326368 -0.448757 -0.390685 -0.240837 0.136256 -0.722721 -0.320199 0.192992 -0.230152 0.156832 -0.085373 0.381170 -0.651450 0.017403 0.113899 -0.558791 -0.089839 0.451901 0.060635 0.420700 -0.292534 -0.003294 -0.230737
D01161 -0.478374 -0.130527 -0.265706 -0.204783 -0.799114 0.558436 0.160163 -0.183868 0.528080 0.326408 -0.280864 -0.632392 -0.254651 0.114871 -0.254067 -0.237900 -0.339425 0.045345 0.090490 -0.320504 -0.381334 -0.273661 0.110049 -0.166386 0.027988 0.473524 0.321084 0.064637 0.374589 0.241210 0.108966 -0.317386
D00443 -0.492799 -0.438338 -0.298899 0.579106 -0.267794 -0.389957 -0.447351 -0.297222 0.473995 -0.363136 -0.412531 -0.610891 0.008616 -0.117340 0.418125 -0.007240 -0.265362 -0.303206 0.172825 -0.207826 0.363004 0.109994 0.026765 0.136349 0.151755 0.808030 0.419766 -0.053916 0.750659 -0.099713 -0.007115 0.334071
D00898 -0.368350 -0.035044 -0.010647 0.120470 -0.213340 0.229436 -0.065344 -0.036721 0.152121 0.222453 0.072819 -0.556441 -0.170448 0.710720 -0.433777 -0.344149 0.116919 -0.190161 -0.184294 -0.335018 -0.112548 -0.015133 0.335229 -0.048932 -0.334645 0.264045 0.238708 -0.148330 0.435696 0.313183 -0.152539 0.146206
D00951 -0.831867 -0.399275 -0.336393 0.733126 0.088970 -0.290877 -0.464813 -0.317096 0.426295 -0.324670 -0.058965 -0.504255 0.428956 0.158269 0.235703 -0.289787 -0.514729 0.088782 0.002759 -0.351975 0.059540 0.216464 -0.273312 0.521413 -0.012097 0.841812 0.065060 -0.023140 0.470584 -0.015169 -0.063081 0.075114
D00462 -0.442390 -0.320677 -0.238684 0.340855 -0.044618 0.183862 0.008223 0.012592 0.179935 -0.327611 -0.893754 -0.316504 -0.300445 -0.361869 -0.006071 0.232216 -0.280693 0.084785 0.154755 0.240587 0.522129 -0.400715 -0.133206 0.531494 -0.146944 0.608683 0.124982 -0.059442 0.311678 -0.209530 0.222943 -0.448327
D01115 -0.488531 -0.341819 -0.546919 0.476472 -0.091096 -0.550744 -0.584912 -0.130633 0.556436 -0.434378 -0.445291 -0.768063 0.174266 0.176482 0.218369 -0.194668 -0.482805 -0.313090 0.202997 -0.180097 0.405413 0.010597 0.042389 0.378956 0.092187 0.696580 0.082658 -0.145311 0.803939 0.045447 -0.036632 0.298276
D00730 -0.871511 0.100214 -0.149357 0.807750 -0.209555 0.542253 0.395656 0.316029 -0.341918 -0.228465 -0.058198 0.031934 -0.405889 0.284003 -0.105261 -0.049704 0.218186 -0.067521 -0.003014 -0.126967 -0.188695 0.256741 0.224558 -0.001533 -0.725298 0.352464 0.455707 -0.433393 0.033912 -0.202743 -0.283379 0.123827
D01689 -0.381084 -0.422570 -0.420828 0.406347 -0.265635 -0.056111 0.112716 -0.230526 0.172843 -0.451669 -0.128070 -0.773191 -0.008726 -0.169348 0.272128 0.299627 -0.779346 -0.226839 -0.482742 0.030167 -0.187801 -0.395753 -0.262607 0.670741 -0.399854 0.691623 -0.103556 -0.913219 0.335819 -0.338814 -0.408399 -0.213792
hsa2101 -0.193040 0.124148 0.247360 0.205610 -0.108641 0.064510 0.339463 -0.286359 0.515848 0.224282 -0.119833 -0.536933 -0.104486 0.558135 -0.099830 -0.270305 -0.069455 -0.424280 -0.455223 -0.314404 -0.235022 -0.299543 0.195502 0.122916 -0.341617 0.236755 0.497569 -0.140583 0.403412 0.181840 0.079247 -0.028929
D00586 -0.907412 -0.056821 -0.130331 0.081705 0.188877 0.210558 0.036331 0.250378 0.064388 -0.302653 -0.734802 -0.120089 -0.340712 0.038891 -0.312459 -0.542126 0.055513 0.097779 0.030320 -0.122342 0.591101 -0.529883 0.085127 0.478997 -0.584122 0.026399 0.197347 -0.244507 0.055293 0.208557 0.110112 -0.162557
D00930 -0.554218 -0.400788 0.553367 0.456844 0.224451 0.231976 -0.043530 0.342294 0.151773 0.403496 -0.158946 0.101365 -0.173518 -0.412974 0.157091 0.143791 0.246082 -0.438158 -0.436453 0.058222 0.051365 -0.358973 -0.049945 0.325685 -0.196868 1.563520 -0.253115 -0.042552 -0.124010 -0.382491 -0.061445 0.487416
D01441 -0.261770 0.228600 0.460640 0.760906 -0.011492 0.688891 0.037116 -0.029854 0.022856 0.138199 -0.075916 -0.292233 -0.155336 0.206916 -0.812791 0.304969 0.353198 -0.461894 0.418670 0.159693 -0.047532 -0.483035 0.220240 0.052904 -0.242202 0.572225 -0.126434 0.092162 0.338329 -0.262593 -0.440111 0.055683
D00690 -0.252695 -0.574470 -0.442945 0.346889 -0.249673 0.223900 -0.259266 -0.354349 0.209679 -0.411369 -0.224852 -0.672932 -0.028263 -0.140268 -0.049232 0.051622 -0.869615 0.109293 -0.173996 -0.289759 -0.105124 -0.459978 -0.461725 0.557971 -0.065924 0.832190 -0.104286 -0.862624 0.553718 -0.381067 -0.362580 -0.375604
hsa2103 -0.258463 0.428783 0.094072 0.236048 -0.222173 0.335731 0.783749 -0.331287 0.555165 0.032900 -0.378926 -0.577543 -0.053906 0.657761 -0.172877 -0.267185 0.155724 -0.347872 -0.157977 -0.187592 -0.412996 -0.213462 0.118649 0.154863 -0.369228 0.336780 0.502458 -0.050373 0.241447 0.292722 0.017247 0.141928
hsa3174 -0.400315 0.395950 -0.371568 -0.546966 -0.446308 0.130786 0.769173 0.073562 0.085950 0.655166 -0.608770 -0.744748 -0.236547 -0.035259 -0.522093 0.185805 -0.033192 -0.621712 -0.007479 -0.169032 -0.093022 -0.696205 0.224067 -0.570706 -0.677205 0.804687 0.610863 -0.379244 0.074791 0.308917 -0.273812 0.357339
hsa9971 -0.162647 -0.199785 -0.123768 0.306400 -0.263773 0.327667 0.179012 0.412803 -0.292872 0.242838 -0.602442 -0.021047 -0.268527 -0.180211 0.304193 0.678712 -0.214264 -0.020194 0.215371 0.292684 0.297212 0.106283 0.251361 0.049137 -0.193503 1.371648 0.270300 -0.289761 0.100557 -0.067395 0.141336 -0.345030
D00962 -0.250957 -0.057964 -0.440537 0.193331 -0.319701 0.452469 -0.162750 0.076273 0.475173 0.159823 -0.202649 -0.659213 -0.226106 0.494200 -0.685799 -0.191688 0.103893 -0.341865 -0.111517 0.031670 -0.108573 -0.101322 0.534531 -0.087398 -0.211778 0.084894 -0.068167 -0.005125 0.504229 0.039295 -0.244470 -0.002642
hsa6097 -0.338026 0.263339 0.196893 0.044768 0.393313 0.467698 0.205234 0.156756 -0.127976 0.418322 0.034572 -0.185561 -0.019090 0.393742 -0.761550 0.178419 0.010874 -0.360579 0.387557 0.009515 -0.267705 -0.296876 -0.067188 0.268670 -0.095184 1.271339 -0.291532 -0.349132 0.209968 -0.087338 -0.487065 0.618079
D00627 -0.051179 -0.201297 -0.160538 0.411662 -0.278827 0.854464 -0.287112 0.232909 0.202124 0.433192 -0.092573 -0.274051 -0.472060 0.339004 -0.883590 0.086634 0.147542 -0.392601 0.155334 0.046071 -0.435904 0.083376 0.590587 -0.054273 -0.009876 0.385285 -0.141734 -0.452582 0.700566 -0.318481 -0.445617 0.119727
D00211 -0.898464 -0.362013 -0.345609 0.751520 -0.043525 -0.051454 0.271123 -0.128641 -0.209605 -0.283383 0.070848 -0.142138 0.169948 0.052934 0.551728 -0.091581 -0.384951 -0.058227 0.067905 -0.161517 -0.291657 0.416832 -0.204587 0.354718 -0.471842 0.750613 0.328170 -0.687514 0.249183 -0.165451 -0.309875 0.140955
D05341 -0.206657 0.192362 -0.716350 -0.534668 -0.667349 0.175578 0.291921 0.305003 0.022338 0.549105 -0.576728 -0.766355 -0.299373 0.075187 -0.499091 0.327632 -0.165256 -0.319851 -0.109988 -0.107297 0.058549 -0.388229 0.491932 -0.674474 -0.590107 0.720183 0.442742 -0.302340 0.096406 0.300753 -0.175140 0.054625
D00348 -0.322255 -0.230715 0.588434 -0.328267 0.301833 0.233303 0.298016 0.389935 -0.038621 0.883582 -0.414321 0.142613 -0.361522 -0.149425 -0.255418 -0.028846 0.259795 -0.477704 -0.177940 -0.040759 0.148347 -0.418940 0.063638 0.278891 -0.159627 1.427147 0.184984 -0.433082 0.154426 -0.077151 0.138067 0.638485
D00246 -0.580625 -0.458215 -0.611025 0.234090 -0.106534 0.028926 -0.032871 -0.183973 0.201394 -0.507946 -0.226404 -0.519543 -0.105054 -0.144133 0.018770 -0.110297 -0.866626 0.139214 -0.101488 -0.182336 -0.190555 -0.440480 -0.485363 0.635549 -0.244647 0.763222 -0.290501 -1.118569 0.417006 -0.322108 -0.427078 -0.028886
hsa190 -0.176910 0.098689 0.089830 -0.578137 0.370473 0.393554 0.544908 0.070066 0.066263 0.450599 -0.114870 -0.132836 -0.583227 0.667377 -0.067040 -0.130878 0.053249 0.052312 -0.368116 -0.103350 -0.445645 0.032025 0.087875 0.031525 -0.324591 1.689722 0.055208 -0.587209 0.170784 0.026729 0.086521 0.824441
